0	0.01424627	-0.03721665
0.1	0.01422293	-0.03741686
0.2	0.01427352	-0.03748629
0.3	0.0139982	-0.03692495
0.4	0.01405875	-0.03659269
0.5	0.01348192	-0.03611071
0.6	0.01352631	-0.03605178
0.7	0.01359944	-0.03622113
0.8	0.01387947	-0.03627208
0.9	0.01384884	-0.03643044
1	0.01384908	-0.03620821
1.1	0.01389873	-0.03609802
1.2	0.01440871	-0.03622538
1.3	0.01453469	-0.03592322
1.4	0.01458164	-0.03571778
1.5	0.01444415	-0.0354766
1.6	0.01445262	-0.03523932
1.7	0.01441352	-0.03499256
1.8	0.01447011	-0.03543295
1.9	0.01417347	-0.03545493
2	0.0144464	-0.03545853
2.1	0.01427211	-0.03545595
2.2	0.01417453	-0.03548441
2.3	0.01445721	-0.0360829
2.4	0.01482542	-0.03592964
2.5	0.01484045	-0.0363425
2.6	0.01488336	-0.0362302
2.7	0.0145349	-0.03614934
2.8	0.01446677	-0.03645395
2.9	0.01442965	-0.03657063
3	0.01460857	-0.03590936
3.1	0.014668	-0.03567863
3.2	0.0146526	-0.03547371
3.3	0.01416752	-0.03530603
3.4	0.01447759	-0.03539215
3.5	0.01428569	-0.03574648
3.6	0.01436394	-0.036089
3.7	0.01452781	-0.03609345
3.8	0.01453922	-0.03663726
3.9	0.01425431	-0.03652984
4	0.01432998	-0.03651024
4.1	0.01463495	-0.03656341
4.2	0.01443561	-0.03665281
4.3	0.01408	-0.03663187
4.4	0.01386435	-0.03690423
4.5	0.01390264	-0.0369187
4.6	0.01378498	-0.03680801
4.7	0.01387945	-0.03659232
4.8	0.01361519	-0.03668714
4.9	0.01333693	-0.03693367
5	0.01327614	-0.03685004
5.1	0.01332657	-0.0367158
5.2	0.01361751	-0.03650726
5.3	0.01350698	-0.03597205
5.4	0.01323537	-0.03545627
5.5	0.0132336	-0.03574441
5.6	0.01357499	-0.03591261
5.7	0.01339794	-0.0357601
5.8	0.01373259	-0.03538709
5.9	0.0139504	-0.03528573
6	0.01377684	-0.0350123
6.1	0.01391107	-0.03504233
6.2	0.01406182	-0.03494943
6.3	0.01413189	-0.03501537
6.4	0.01398688	-0.03509826
6.5	0.01399678	-0.03465423
6.6	0.01399763	-0.03457065
6.7	0.01365496	-0.0344309
6.8	0.01396935	-0.03494574
6.9	0.01402301	-0.03511763
7	0.01416242	-0.03471781
7.1	0.01385457	-0.03474691
7.2	0.01348565	-0.03478498
7.3	0.01336996	-0.03436647
7.4	0.01343902	-0.03433603
7.5	0.01296832	-0.0340652
7.6	0.01274781	-0.03312606
7.7	0.01263451	-0.03241282
7.8	0.01261902	-0.03211868
7.9	0.01267469	-0.03257994
8	0.012463	-0.03275234
8.1	0.01246012	-0.03250675
8.2	0.01190721	-0.03236979
8.3	0.01118042	-0.03254466
8.4	0.01110546	-0.03292638
8.5	0.01135124	-0.03284706
8.6	0.01140955	-0.03207293
8.7	0.01108978	-0.03182571
8.8	0.01083048	-0.03205835
8.9	0.01091786	-0.03133788
9	0.01105564	-0.03085529
9.1	0.01138216	-0.03064833
9.2	0.01130807	-0.03102625
9.3	0.01089215	-0.0316533
9.4	0.01117175	-0.03176189
9.5	0.01133266	-0.03139503
9.6	0.01114589	-0.03125038
9.7	0.01099038	-0.03112565
9.8	0.01086734	-0.03108299
9.9	0.01051614	-0.03096501
10	0.01030529	-0.03107655
10.1	0.009903378	-0.03123394
10.2	0.009636161	-0.03107067
10.3	0.009459534	-0.03084139
10.4	0.00983101	-0.03111887
10.5	0.01030728	-0.03140006
10.6	0.01028283	-0.03131565
10.7	0.01003914	-0.03114975
10.8	0.009594372	-0.03132541
10.9	0.009086201	-0.03133113
11	0.009062502	-0.03123462
11.1	0.009058699	-0.031272
11.2	0.009033719	-0.03095534
11.3	0.009078117	-0.03029806
11.4	0.009212223	-0.03066472
11.5	0.009326043	-0.03069034
11.6	0.009350054	-0.03076918
11.7	0.009632063	-0.03092053
11.8	0.009746999	-0.03118823
11.9	0.009968576	-0.03069391
12	0.009937615	-0.03094208
12.1	0.01018087	-0.03057152
12.2	0.01013039	-0.03128454
12.3	0.01063366	-0.03103736
12.4	0.01087511	-0.03106344
12.5	0.01101156	-0.03129965
12.6	0.01137395	-0.03150324
12.7	0.01169128	-0.03178509
12.8	0.01175121	-0.03199063
12.9	0.0118525	-0.03236447
13	0.01214847	-0.03256094
13.1	0.01245496	-0.0330391
13.2	0.01255787	-0.03303147
13.3	0.01275041	-0.03307189
13.4	0.01264029	-0.03294956
13.5	0.01268684	-0.0332724
13.6	0.01287715	-0.03354418
13.7	0.01292052	-0.03377433
13.8	0.01317896	-0.03410752
13.9	0.01300977	-0.03423125
14	0.01305814	-0.03454686
14.1	0.01317047	-0.03454826
14.2	0.01333187	-0.03523446
14.3	0.01314224	-0.03527787
14.4	0.01271594	-0.034953
14.5	0.0128957	-0.03455847
14.6	0.01295371	-0.03451497
14.7	0.0132687	-0.03451877
14.8	0.01369678	-0.03427107
14.9	0.01386619	-0.03438285
15	0.01371	-0.033955
15.1	0.01389378	-0.03377544
15.2	0.01420068	-0.03390994
15.3	0.01407017	-0.03400847
15.4	0.01409089	-0.03405191
15.5	0.01398129	-0.03395377
15.6	0.01425904	-0.03357259
15.7	0.0146856	-0.03409155
15.8	0.01500956	-0.03388181
15.9	0.01515889	-0.03363333
16	0.01542443	-0.0332042
16.1	0.01503108	-0.03321601
16.2	0.01510834	-0.03336961
16.3	0.01494665	-0.03358526
16.4	0.01503059	-0.03398418
16.5	0.01508732	-0.0341353
16.6	0.01538	-0.03435435
16.7	0.01538053	-0.03424132
16.8	0.0157209	-0.03429824
16.9	0.01651842	-0.03422941
17	0.01669176	-0.03436326
17.1	0.01675764	-0.03443887
17.2	0.01719664	-0.03451427
17.3	0.01707887	-0.03457688
17.4	0.01747906	-0.03447678
17.5	0.01746802	-0.03481406
17.6	0.01749734	-0.03484832
17.7	0.01756905	-0.03477683
17.8	0.01737437	-0.03488658
17.9	0.01711742	-0.0348591
18	0.01681084	-0.03476018
18.1	0.01667151	-0.03478584
18.2	0.01662451	-0.03493272
18.3	0.01666294	-0.03522142
18.5	0.01703196	-0.03478298
18.6	0.01661544	-0.03455551
18.7	0.01649186	-0.03465111
18.8	0.01646572	-0.03469404
18.9	0.01646859	-0.03476445
19	0.01579648	-0.03500098
19.1	0.01567372	-0.03496913
19.2	0.01536471	-0.03459314
19.3	0.0152368	-0.03467783
19.4	0.01527007	-0.03468216
19.5	0.01536549	-0.03499134
19.6	0.01560885	-0.0350186
19.7	0.01558807	-0.03893348
19.8	0.01365663	-0.03619058
19.9	0.01455826	-0.03624773
20	0.01446729	-0.03642095
20.1	0.01447647	-0.03625141
20.2	0.01456521	-0.03932199
20.3	0.01450738	-0.03929087
20.4	0.01442258	-0.03928665
20.5	0.01507671	-0.03622505
20.6	0.01525054	-0.03644168
20.7	0.01513263	-0.03632077
20.8	0.01513243	-0.03634957
20.9	0.01498637	-0.03690702
21	0.01528821	-0.03644535
21.1	0.01484074	-0.03680849
21.2	0.01561587	-0.03643213
21.3	0.013913	-0.03642496
21.4	0.01507443	-0.03645117
21.5	0.01510297	-0.03644542
21.6	0.01504307	-0.0364435
21.7	0.01559051	-0.03647698
21.8	0.01487377	-0.03682376
21.9	0.01464587	-0.03679684
22	0.0145475	-0.03676531
22.1	0.01454318	-0.03705075
22.2	0.01438505	-0.03709951
22.3	0.01400121	-0.03739765
22.4	0.01355488	-0.03723768
22.5	0.01360121	-0.03771351
22.6	0.01399837	-0.03774884
22.7	0.01508156	-0.036799
22.8	0.01471032	-0.03601012
22.9	0.01426739	-0.03563231
23	0.01400622	-0.03571453
23.1	0.01422887	-0.03571138
23.2	0.01406753	-0.03556512
23.3	0.01398469	-0.03544329
23.4	0.01377222	-0.03506475
23.5	0.01396517	-0.03491324
23.6	0.0140903	-0.03483964
23.7	0.01376809	-0.03483955
23.8	0.01341108	-0.03457177
23.9	0.01324481	-0.03436173
24	0.0128995	-0.03394716
24.1	0.01246138	-0.03375031
24.2	0.01247261	-0.03376289
24.3	0.0128619	-0.03363702
24.4	0.01305875	-0.03367294
24.5	0.013033	-0.03374758
24.6	0.01283445	-0.03370323
24.7	0.01258963	-0.0337612
24.8	0.0125855	-0.03379474
24.9	0.01236543	-0.03373205
25	0.01240675	-0.03393425
25.1	0.0124564	-0.03432725
25.2	0.01249175	-0.03454986
25.3	0.01210781	-0.03522933
25.4	0.01191799	-0.0354155
25.5	0.01231597	-0.03510123
25.6	0.01249506	-0.03479819
25.7	0.01259941	-0.03455635
25.8	0.01233423	-0.03442375
25.9	0.01228792	-0.03426175
26	0.01233804	-0.03423573
26.1	0.01251185	-0.0342933
26.2	0.0124503	-0.03424532
26.3	0.01245129	-0.0340076
26.4	0.01229476	-0.03445543
26.5	0.0124062	-0.03435203
26.6	0.01247703	-0.03431335
26.7	0.01259955	-0.03459237
26.8	0.01243847	-0.03508677
26.9	0.0116012	-0.03554607
27	0.01141722	-0.03553575
27.1	0.01148475	-0.03511995
27.2	0.01151292	-0.0348471
27.3	0.01196965	-0.03479597
27.4	0.01252929	-0.03471079
27.5	0.01206525	-0.03452517
27.6	0.01239008	-0.03498922
27.7	0.01229727	-0.03512843
27.8	0.01228097	-0.03489295
27.9	0.01226857	-0.03482279
28	0.01155479	-0.0348036
28.1	0.01174041	-0.03452517
28.2	0.01174041	-0.03452517
28.3	0.01192603	-0.03443236
28.4	0.01141558	-0.03429314
28.5	0.0106731	-0.0348036
28.6	0.01076591	-0.0338755
28.7	0.01048748	-0.0338291
28.8	0.009512983	-0.03345786
28.9	0.009605793	-0.03429314
29	0.01053389	-0.03350426
29.1	0.01121925	-0.03341467
29.2	0.01113715	-0.03299381
29.3	0.01113715	-0.03350426
29.4	0.01174041	-0.03341145
29.5	0.01183322	-0.03341145
29.6	0.01183322	-0.03341145
29.7	0.01099794	-0.03415393
29.8	0.01071951	-0.03378269
29.9	0.01025546	-0.03373629
30	0.01020905	-0.03373629
30.1	0.01002344	-0.03368988
30.2	0.009791412	-0.03359707
30.3	0.009431298	-0.03359113
30.4	0.009431274	-0.03382668
30.5	0.009419826	-0.03374884
30.6	0.008772881	-0.03375371
30.7	0.009234603	-0.0338917
30.8	0.00825047	-0.03362721
30.9	0.008103516	-0.03342625
31	0.008125012	-0.0335224
31.1	0.007778329	-0.03454318
31.2	0.007935721	-0.03367002
31.3	0.008273317	-0.03399745
31.4	0.007998133	-0.03372736
31.5	0.008205711	-0.03347566
31.6	0.00886243	-0.03363551
31.7	0.008900682	-0.03414097
31.8	0.008821786	-0.03376253
31.9	0.008530754	-0.03372319
32	0.008850222	-0.03385787
32.1	0.009015089	-0.03434073
32.2	0.008853458	-0.03406563
32.3	0.0093622	-0.03408881
32.4	0.009639334	-0.034654
32.5	0.01028498	-0.03573734
32.6	0.01047205	-0.03575208
32.7	0.01071035	-0.03572894
32.8	0.01093589	-0.03602606
32.9	0.01109348	-0.0357353
33	0.01114455	-0.03572914
33.1	0.01089921	-0.03598117
33.2	0.01025546	-0.03614934
33.3	0.009559388	-0.03619574
33.4	0.009327364	-0.03610293
33.5	0.008167244	-0.03605653
33.6	0.00793522	-0.03605653
33.7	0.007749601	-0.03619574
33.8	0.006821505	-0.0357781
33.9	0.006450266	-0.03531405
34	0.005893409	-0.03466438
34.1	0.006496671	-0.03443236
34.2	0.005568575	-0.03466438
34.3	0.005336551	-0.0338755
34.4	0.005390113	-0.03349832
34.5	0.005305748	-0.03314984
34.6	0.00531604	-0.03280379
34.7	0.005355493	-0.03265106
34.8	0.005716135	-0.03266887
34.9	0.005647137	-0.03223044
35	0.006112326	-0.03238221
35.1	0.006697131	-0.03259655
35.2	0.007559763	-0.03297047
35.3	0.007598702	-0.03296915
35.4	0.008300121	-0.03326849
35.5	0.008123669	-0.03349334
35.6	0.008315055	-0.03405073
35.7	0.008652434	-0.03361675
35.8	0.00904048	-0.03332853
35.9	0.00892032	-0.0334362
36	0.008080226	-0.03408788
36.1	0.008403279	-0.03363123
36.2	0.008549365	-0.03388059
36.3	0.007790922	-0.0336229
36.4	0.007537787	-0.0334488
36.5	0.007539051	-0.03342201
36.6	0.007576925	-0.03317748
36.7	0.007565702	-0.03248822
36.8	0.007375775	-0.03230781
36.9	0.007388481	-0.03208548
37	0.007375129	-0.03224768
37.1	0.007173936	-0.03210708
37.2	0.007369182	-0.03202696
37.3	0.007286072	-0.03186386
37.4	0.007331958	-0.03150886
37.5	0.007239148	-0.03067357
37.6	0.007239148	-0.03062716
37.7	0.00668229	-0.03011671
37.8	0.007053529	-0.03011671
37.9	0.006728695	-0.02965266
38	0.006543076	-0.0300239
38.1	0.006543076	-0.0300239
38.2	0.006311052	-0.03062716
38.3	0.006218243	-0.03109121
38.4	0.006450266	-0.03136964
38.5	0.005986219	-0.03127683
38.6	0.005986219	-0.03127683
38.7	0.005847004	-0.03132324
38.8	0.005847004	-0.03132324
38.9	0.005011718	-0.03104481
39	0.005011718	-0.03109121
39.1	0.004733289	-0.03118402
39.2	0.005382956	-0.03188009
39.3	0.005382956	-0.03188009
39.4	0.005336655	-0.03198819
39.5	0.005347218	-0.03215921
39.6	0.005337447	-0.03226974
39.7	0.005466174	-0.03233753
39.8	0.005566267	-0.03295313
39.9	0.005877888	-0.03302549
40	0.006311601	-0.03337588
40.1	0.006795497	-0.03332873
40.2	0.007053082	-0.03355211
40.3	0.007093323	-0.03357214
40.4	0.006823913	-0.03350522
40.5	0.006668065	-0.03310127
40.6	0.006911242	-0.03306344
40.7	0.007260876	-0.03310403
40.8	0.007211089	-0.03282089
40.9	0.00706152	-0.03244704
41	0.006659445	-0.03193195
41.1	0.006632116	-0.03184756
41.2	0.006560323	-0.03199095
41.3	0.006521558	-0.03199185
41.4	0.006363093	-0.0321706
41.5	0.006433217	-0.03189506
41.6	0.006382581	-0.03155689
41.7	0.006352645	-0.03118217
41.8	0.006575534	-0.03118073
41.9	0.00661797	-0.03157616
42	0.006991364	-0.03191031
42.1	0.006970722	-0.03227618
42.2	0.007291738	-0.03257587
42.3	0.006995791	-0.03269001
42.4	0.006949461	-0.03266797
42.5	0.007268675	-0.03225568
42.6	0.007277496	-0.03222104
42.7	0.007319945	-0.03186946
42.8	0.007763525	-0.0318173
42.9	0.008002717	-0.03138595
43	0.007863899	-0.03140775
43.1	0.007611048	-0.03153775
43.2	0.007565987	-0.03158932
43.3	0.007546456	-0.03106347
43.4	0.00760432	-0.03059181
43.5	0.007505107	-0.03069204
43.6	0.007809778	-0.03065537
43.7	0.007772446	-0.03118687
43.8	0.007500428	-0.03208065
43.9	0.007901234	-0.0325887
44	0.008047291	-0.0325363
44.1	0.00815884	-0.03242402
44.2	0.007817655	-0.03235454
44.3	0.007632458	-0.03225475
44.4	0.007431228	-0.03223483
44.5	0.006765835	-0.03227629
44.6	0.006401809	-0.03280507
44.7	0.006550011	-0.03296034
44.8	0.006629406	-0.03283003
44.9	0.006300798	-0.03229165
45	0.005797597	-0.03189181
45.1	0.006185727	-0.03170344
45.2	0.006269922	-0.03155204
45.3	0.006355155	-0.03147387
45.4	0.0067751	-0.03118402
45.5	0.006218243	-0.03118402
45.6	0.006032623	-0.03053435
45.7	0.006218243	-0.03053435
45.8	0.006370554	-0.03045064
45.9	0.006424628	-0.03047741
46	0.006118147	-0.03007884
46.1	0.006643016	-0.03009515
46.2	0.006042626	-0.03004824
46.3	0.006067481	-0.02999969
46.4	0.006681046	-0.03044557
46.5	0.007063173	-0.0307659
46.6	0.007045358	-0.03089801
46.7	0.007099119	-0.03072878
46.8	0.007030456	-0.03071269
46.9	0.007035857	-0.03054782
47	0.006626294	-0.03056343
47.1	0.006768596	-0.02982919
47.2	0.006416273	-0.02984774
47.3	0.006265588	-0.03012651
47.4	0.005897985	-0.03025443
47.5	0.00531012	-0.03011614
47.6	0.005523579	-0.03001237
47.7	0.005995082	-0.0298793
47.8	0.006129345	-0.02971098
47.9	0.006222185	-0.02954559
48	0.006074637	-0.02953846
48.1	0.006565543	-0.02908572
48.2	0.006624393	-0.02894942
48.3	0.006581507	-0.02892404
48.4	0.006172371	-0.02900868
48.5	0.006096124	-0.02891217
48.6	0.006596865	-0.02904728
48.7	0.00653809	-0.02916069
48.8	0.006302641	-0.02938787
48.9	0.006513648	-0.02920932
49	0.006330588	-0.02954019
49.1	0.006282337	-0.02975429
49.2	0.006034944	-0.02971588
49.3	0.006023764	-0.02902998
49.4	0.006067661	-0.02937076
49.5	0.005769627	-0.02973488
49.6	0.005901466	-0.02968134
49.7	0.006269047	-0.02948335
49.8	0.005571928	-0.02895147
49.9	0.005518655	-0.02846149
50	0.005424271	-0.02822901
50.1	0.005360753	-0.02777295
50.2	0.005064669	-0.02792602
50.3	0.004714767	-0.02826919
50.4	0.004480056	-0.02861325
50.5	0.004394216	-0.0286692
50.6	0.004401014	-0.02894982
50.7	0.004177126	-0.02844086
50.8	0.004083132	-0.02841935
50.9	0.004334512	-0.0287344
51	0.004585321	-0.02860936
51.1	0.004571462	-0.02853262
51.2	0.004612647	-0.0283665
51.3	0.004378544	-0.02843216
51.4	0.004618551	-0.02891892
51.5	0.004198775	-0.02873192
51.6	0.004201505	-0.02891585
51.7	0.004135026	-0.02895693
51.8	0.004130191	-0.02884643
51.9	0.004545176	-0.02850172
52	0.004491825	-0.02826546
52.1	0.004428905	-0.02839227
52.2	0.004444235	-0.0283749
52.3	0.00417648	-0.02839687
52.4	0.004442783	-0.02835917
52.5	0.003907013	-0.02804281
52.6	0.003970106	-0.02757063
52.7	0.003880224	-0.02755074
52.8	0.003377571	-0.02758719
52.9	0.002718273	-0.02708044
53	0.002732015	-0.02754739
53.1	0.002683252	-0.02786687
53.2	0.002770346	-0.02769569
53.3	0.002458148	-0.02758329
53.4	0.002285507	-0.02782235
53.5	0.002275284	-0.02748488
53.6	0.002241328	-0.02697687
53.7	0.002524943	-0.02671154
53.8	0.002284363	-0.02635836
53.9	0.00240221	-0.02631805
54	0.002339115	-0.02649844
54.1	0.002601702	-0.02610631
54.2	0.002509416	-0.02609623
54.3	0.001926672	-0.02662594
54.4	0.001658199	-0.027021
54.5	0.001879343	-0.02701768
54.6	0.001787413	-0.0271332
54.7	0.002204006	-0.02751915
54.8	0.002133536	-0.02807097
54.9	0.001843492	-0.02796896
55	0.001594346	-0.02827841
55.1	0.001223723	-0.02892649
55.2	0.001162696	-0.02893839
55.3	0.001217725	-0.02912925
55.4	0.001117615	-0.02922793
55.5	0.001669564	-0.02908685
55.6	0.002225908	-0.02911112
55.7	0.00196074	-0.02896646
55.8	0.002058218	-0.02848172
55.9	0.002562498	-0.02872944
56	0.002137955	-0.02935452
56.1	0.001660597	-0.02983206
56.2	0.001659452	-0.02978088
56.3	0.001051065	-0.02974794
56.4	0.001041309	-0.02976171
56.5	0.000572879	-0.0297972
56.6	0.001000024	-0.03012985
56.7	0.000898937	-0.03014845
56.8	0.000700423	-0.02997702
56.9	0.000705788	-0.030179
57	0.000928096	-0.03034874
57.1	0.000778052	-0.02999495
57.2	0.000492511	-0.03014134
57.3	0.000241717	-0.03052678
57.4	-0.000122787	-0.03040885
57.5	2.48231E-05	-0.03036068
57.6	-0.000104683	-0.03098833
57.7	-0.000289829	-0.03103034
57.8	0.000263064	-0.03055818
57.9	-0.000240349	-0.03020183
58	0.000119465	-0.03035009
58.1	0.000246364	-0.03061714
58.2	0.00028997	-0.03054151
58.3	0.000478112	-0.03049518
58.4	0.000951289	-0.03023533
58.5	0.001035658	-0.03043246
58.6	0.001466613	-0.03027436
58.7	0.001810903	-0.03000296
58.8	0.002201143	-0.029939
58.9	0.003407759	-0.0299502
59	0.003335462	-0.02978968
59.1	0.003712686	-0.02953984
59.2	0.004487881	-0.02948074
59.3	0.004911517	-0.02959713
59.4	0.005175527	-0.0296358
59.5	0.005196023	-0.0298287
59.6	0.005494063	-0.02969906
59.7	0.006219989	-0.02965497
59.8	0.006265155	-0.02976594
59.9	0.006421756	-0.02999964
60	0.00602978	-0.03014221
60.1	0.005765702	-0.03014671
60.2	0.005001376	-0.02977326
60.3	0.004987673	-0.02964933
60.4	0.005147355	-0.02958858
60.5	0.005729361	-0.02927037
60.6	0.005837287	-0.02919775
60.7	0.005832631	-0.02953426
60.8	0.005626817	-0.02944828
60.9	0.005963308	-0.02900722
61	0.006062918	-0.02889452
61.1	0.006293687	-0.02901696
61.2	0.006744288	-0.02900592
61.3	0.00665648	-0.02950602
61.4	0.006501615	-0.02970432
61.5	0.006557834	-0.02966303
61.6	0.006853463	-0.02964014
61.7	0.007433141	-0.03048927
61.8	0.00817329	-0.03038852
61.9	0.008683332	-0.03054416
62	0.008812109	-0.03119274
62.1	0.009270083	-0.03096461
62.2	0.009356502	-0.03098969
62.3	0.009505956	-0.0309043
62.4	0.01026709	-0.03039651
62.5	0.01098125	-0.02992804
62.6	0.01104544	-0.02988339
62.7	0.0108704	-0.02959887
62.8	0.01114023	-0.02980973
62.9	0.01103682	-0.03031214
63	0.01036538	-0.03040969
63.1	0.01069639	-0.0297972
63.2	0.009594131	-0.02960953
63.3	0.009215666	-0.02953466
63.4	0.009136547	-0.02901035
63.5	0.008867722	-0.02904058
63.6	0.00858235	-0.02903845
63.7	0.008140008	-0.02930034
63.8	0.008195615	-0.0294479
63.9	0.008208883	-0.02897203
64	0.008233493	-0.02866533
64.1	0.008300224	-0.02872075
64.2	0.008531086	-0.02864769
64.3	0.00909534	-0.02849254
64.4	0.008260053	-0.02798209
64.5	0.007807239	-0.02797876
64.6	0.007648043	-0.02794989
64.7	0.007307775	-0.02709697
64.8	0.007005014	-0.02689681
64.9	0.006498684	-0.02699036
65	0.006539505	-0.02700094
65.1	0.006381145	-0.02758813
65.2	0.006520278	-0.02765499
65.3	0.006864788	-0.02771372
65.4	0.007111493	-0.02788062
65.5	0.006946129	-0.02806479
65.6	0.006835667	-0.02796198
65.7	0.007215866	-0.02796828
65.8	0.007050454	-0.02797477
65.9	0.006691332	-0.02776459
66	0.006681251	-0.02776805
66.1	0.006718556	-0.02764183
66.2	0.006668241	-0.02769793
66.3	0.006299666	-0.02793942
66.4	0.006340485	-0.02794827
66.5	0.006256034	-0.02800897
66.6	0.006680967	-0.02746315
66.7	0.007233834	-0.02670561
66.8	0.007476094	-0.02651771
66.9	0.007889713	-0.02672161
67	0.007375873	-0.02724279
67.1	0.00769397	-0.02722051
67.2	0.007938462	-0.02675883
67.3	0.008086129	-0.02639297
67.4	0.008237047	-0.026481
67.5	0.008268803	-0.02642632
67.6	0.008385172	-0.02662238
67.7	0.008410325	-0.02648041
67.8	0.007976589	-0.02677469
67.9	0.008042423	-0.02655144
68	0.008300864	-0.02653913
68.1	0.00851656	-0.02594811
68.2	0.008205091	-0.02611255
68.3	0.008168851	-0.02597031
68.4	0.007997275	-0.02579237
68.5	0.007798004	-0.02550188
68.6	0.007659818	-0.02565107
68.7	0.007920927	-0.02558704
68.8	0.008053983	-0.02578306
68.9	0.007981137	-0.02559108
69	0.00775772	-0.02536626
69.1	0.007991872	-0.02546766
69.2	0.007796006	-0.02524421
69.3	0.007563982	-0.02561545
69.4	0.0067751	-0.02566185
69.5	0.006821505	-0.02649714
69.6	0.005847004	-0.02635792
69.7	0.005847004	-0.0261259
69.8	0.006125433	-0.02589388
69.9	0.006264647	-0.02566185
70	0.005893409	-0.0261723
70.1	0.005939814	-0.02589388
70.2	0.005893409	-0.02566185
70.3	0.006450266	-0.02570826
70.4	0.005754195	-0.02570826
70.5	0.00570779	-0.02631152
70.6	0.006079028	-0.02635792
70.7	0.006218243	-0.02575466
70.8	0.006450266	-0.02598669
70.9	0.00686791	-0.02668276
71	0.006821505	-0.02686838
71.1	0.006810211	-0.02653381
71.2	0.006842073	-0.02632639
71.3	0.006264647	-0.02626511
71.4	0.006079028	-0.02621871
71.5	0.005661385	-0.02607949
71.6	0.005754195	-0.02552264
71.7	0.005754195	-0.02552264
71.8	0.005986219	-0.02570826
71.9	0.005939814	-0.02561545
72	0.005661385	-0.02580107
72.1	0.006032623	-0.02570826
72.2	0.005568575	-0.02594028
72.3	0.005568575	-0.02594028
72.4	0.005475766	-0.0261723
72.5	0.00561498	-0.02570826
72.6	0.006079028	-0.02589388
72.7	0.006357457	-0.02589388
72.8	0.007193263	-0.02572202
72.9	0.007322443	-0.02522823
73	0.007454871	-0.02559387
73.1	0.007474876	-0.02601003
73.2	0.007752686	-0.02632153
73.3	0.01136029	-0.02655864
73.4	0.007952609	-0.02665574
73.5	0.00802803	-0.02649714
73.6	0.00793522	-0.02677557
73.7	0.007471172	-0.02668276
73.8	0.007099934	-0.02626511
73.9	0.007378362	-0.02603309
74	0.007192743	-0.02649714
74.1	0.007469188	-0.02628193
74.2	0.008046643	-0.02690999
74.3	0.008266098	-0.02691342
74.4	0.008498968	-0.02687258
74.5	0.009442816	-0.02691734
74.6	0.00972886	-0.02720668
74.7	0.009883397	-0.02779232
74.8	0.00969454	-0.02813207
74.9	0.009373769	-0.0280749
75	0.008956125	-0.02747164
75.1	0.008724101	-0.02747164
75.2	0.00900253	-0.0271004
75.3	0.008631292	-0.027054
75.4	0.008399268	-0.0271004
75.5	0.007981625	-0.02761085
75.6	0.007796006	-0.02737883
75.7	0.007331958	-0.02756445
75.8	0.007331958	-0.02747164
75.9	0.007099934	-0.02756445
76	0.007424767	-0.02691478
76.1	0.00802803	-0.02723961
76.2	0.008538482	-0.02733242
76.3	0.008956125	-0.02728602
76.4	0.008631292	-0.02770366
76.5	0.008631292	-0.02770366
76.6	0.009420173	-0.02788928
76.7	0.00900253	-0.02765726
76.8	0.008816911	-0.02775007
76.9	0.008816911	-0.02775007
77	0.008863316	-0.02742523
77.1	0.008724101	-0.02761085
77.2	0.008677697	-0.02793569
77.3	0.008677697	-0.0280749
77.4	0.008399268	-0.02793569
77.5	0.008435976	-0.02801384
77.6	0.00838535	-0.02795522
77.7	0.008408468	-0.02805216
77.8	0.008110518	-0.02850948
77.9	0.008434625	-0.02829739
78	0.008971798	-0.02772944
78.1	0.009424877	-0.027462
78.2	0.009692682	-0.02714063
78.3	0.009694024	-0.02715039
78.4	0.01030186	-0.02691478
78.5	0.01030186	-0.02635792
78.6	0.01020905	-0.02598669
78.7	0.009884221	-0.02663635
78.8	0.01002344	-0.02668276
78.9	0.01020905	-0.02691478
79	0.01020905	-0.02691478
79.1	0.009977031	-0.02658995
79.2	0.01020905	-0.02686838
79.3	0.01071951	-0.02691478
79.4	0.009977031	-0.02677557
79.5	0.009930626	-0.02672916
79.6	0.01058029	-0.02677557
79.7	0.01060533	-0.02631824
79.8	0.01026653	-0.02627249
79.9	0.01057528	-0.02681321
80	0.01058825	-0.0268062
80.1	0.01043043	-0.0267753
80.2	0.01020905	-0.02635792
80.3	0.01039467	-0.02640433
80.4	0.01002344	-0.02621871
80.5	0.009270249	-0.0261974
80.6	0.009302729	-0.02644145
80.7	0.00921431	-0.02664994
80.8	0.009256752	-0.02636313
80.9	0.009436541	-0.02601535
81	0.009660421	-0.02600191
81.1	0.009814645	-0.0262192
81.2	0.009690894	-0.02679777
81.3	0.009313272	-0.02697064
81.4	0.009717839	-0.02667267
81.5	0.009906689	-0.02658574
81.6	0.009844583	-0.02626216
81.7	0.009834682	-0.0259471
81.8	0.00960966	-0.02633026
81.9	0.009251422	-0.02630238
82	0.009418872	-0.02617533
82.1	0.009301192	-0.02618719
82.2	0.009250977	-0.02592906
82.3	0.009740001	-0.02555293
82.4	0.009903918	-0.02521215
82.5	0.01005933	-0.02519828
82.6	0.009950199	-0.02464155
82.7	0.009849311	-0.02415287
82.8	0.009845745	-0.02421472
82.9	0.009637365	-0.02415296
83	0.009251191	-0.02419887
83.1	0.00906988	-0.0240661
83.2	0.009082942	-0.02446983
83.3	0.008673325	-0.02472653
83.4	0.008609417	-0.02447101
83.5	0.008571504	-0.02449306
83.6	0.008499702	-0.02451122
83.7	0.008610997	-0.024237
83.8	0.008508724	-0.02418847
83.9	0.008564431	-0.02396431
84	0.008722049	-0.02414294
84.1	0.008917505	-0.02452311
84.2	0.008667783	-0.024699
84.3	0.009031499	-0.02466517
84.4	0.009356142	-0.02432147
84.5	0.009188555	-0.02422877
84.6	0.009158751	-0.02404076
84.7	0.008827521	-0.02417885
84.8	0.008818391	-0.02425618
84.9	0.009337267	-0.02391189
85	0.008843373	-0.02377669
85.1	0.008712109	-0.02380191
85.2	0.00904728	-0.02384309
85.3	0.009013223	-0.02383082
85.4	0.008786799	-0.02412286
85.5	0.008546025	-0.02398513
85.6	0.008547458	-0.02386587
85.7	0.008535264	-0.02382315
85.8	0.009077144	-0.02375572
85.9	0.009261557	-0.02374871
86	0.008982948	-0.02322915
86.1	0.009159789	-0.02309597
86.2	0.009033028	-0.02301916
86.3	0.008919886	-0.02303826
86.4	0.008872878	-0.02303616
86.5	0.008756508	-0.02301995
86.6	0.008872543	-0.02316433
86.7	0.008813837	-0.02316468
86.8	0.00883447	-0.0229857
86.9	0.008973229	-0.02231412
87	0.009305768	-0.02258008
87.1	0.009543922	-0.02270878
87.2	0.009724031	-0.02260567
87.3	0.01026947	-0.02248156
87.4	0.01089814	-0.02250677
87.5	0.01077128	-0.02233665
87.6	0.01101728	-0.02247583
87.7	0.01166937	-0.02286312
87.8	0.01152037	-0.02321963
87.9	0.01172911	-0.02293685
88	0.01132101	-0.0225568
88.1	0.01099916	-0.02207533
88.2	0.01063935	-0.02213677
88.3	0.01090173	-0.02179251
88.4	0.01089866	-0.02157227
88.5	0.01096963	-0.02152718
88.6	0.0109364	-0.02150744
88.7	0.0108765	-0.02148467
88.8	0.01039067	-0.02144167
88.9	0.009884221	-0.02097497
89	0.01025546	-0.02069654
89.1	0.01095153	-0.02060373
89.2	0.01132277	-0.0202789
89.3	0.01053389	-0.02009328
89.4	0.01025546	-0.01962923
89.5	0.01085872	-0.01921159
89.6	0.01150839	-0.01888675
89.7	0.01146198	-0.01888675
89.8	0.01099794	-0.01819068
89.9	0.01146198	-0.01791225
90	0.01141558	-0.01754101
90.1	0.01141558	-0.01754101
90.2	0.01169401	-0.01768023
90.3	0.01174041	-0.0174018
90.4	0.01141558	-0.01763382
90.5	0.01122996	-0.01716977
90.6	0.01085872	-0.01730899
90.7	0.01104434	-0.0174482
90.8	0.01059899	-0.01725628
90.9	0.01073708	-0.01718535
91	0.0104134	-0.01707764
91.1	0.01026699	-0.01703229
91.2	0.01044929	-0.01684902
91.3	0.01029816	-0.01672084
91.4	0.01026064	-0.01634318
91.5	0.01060121	-0.01654062
91.6	0.0106259	-0.01632484
91.7	0.01056253	-0.01604745
91.8	0.01058262	-0.01598092
91.9	0.01076441	-0.01649876
92	0.01039039	-0.01672146
92.1	0.01048748	-0.01652011
92.2	0.01118356	-0.0164737
92.3	0.01192603	-0.01624168
92.4	0.01220446	-0.0164273
92.5	0.01192603	-0.01619527
92.6	0.01192603	-0.01619527
92.7	0.01225087	-0.01628808
92.8	0.01239008	-0.01624168
92.9	0.01239008	-0.01591684
93	0.01215806	-0.01624168
93.1	0.01178682	-0.01610246
93.2	0.01201884	-0.01614887
93.3	0.01197244	-0.01614887
93.4	0.01178682	-0.0154528
93.5	0.01187963	-0.01573123
93.6	0.01187963	-0.01587044
93.7	0.0125757	-0.01619527
93.8	0.01234368	-0.01638089
93.9	0.01225087	-0.01633449
94	0.01192603	-0.01661292
94.1	0.01220446	-0.01726258
94.2	0.01248289	-0.01656651
94.3	0.01239008	-0.0164273
94.4	0.01220446	-0.01614887
94.5	0.01211165	-0.01624168
94.6	0.01206525	-0.01568482
94.7	0.01201884	-0.01582404
94.8	0.01223527	-0.01605298
94.9	0.01252262	-0.01588696
95	0.01268367	-0.0157015
95.1	0.01262817	-0.01565686
95.2	0.01256713	-0.01580002
95.3	0.01228339	-0.01574378
95.4	0.0124872	-0.01556111
95.5	0.01249826	-0.01537696
95.6	0.01267281	-0.01494771
95.7	0.01247648	-0.01460838
95.8	0.01278513	-0.01422943
95.9	0.01336458	-0.01457111
96	0.01317001	-0.01531303
96.1	0.01317186	-0.01533575
96.2	0.01325232	-0.01535806
96.3	0.01334478	-0.0150869
96.4	0.01298582	-0.01521812
96.5	0.01301827	-0.01523431
96.6	0.01301214	-0.01500315
96.7	0.01326973	-0.01487025
96.8	0.01348867	-0.01498381
96.9	0.01389803	-0.01493755
97	0.0141917	-0.01505558
97.1	0.01413046	-0.01518768
97.2	0.0143045	-0.01511976
97.3	0.0144885	-0.01512773
97.4	0.01426637	-0.01554756
97.5	0.01436281	-0.01531837
97.6	0.01486329	-0.01558632
97.7	0.01475588	-0.01593267
97.8	0.01408642	-0.01601026
97.9	0.01440725	-0.01593991
98	0.01486133	-0.01639357
98.1	0.01497419	-0.01679771
98.2	0.01507505	-0.01718403
98.3	0.01510266	-0.01748473
98.4	0.01551449	-0.0172811
98.5	0.0156319	-0.01716308
98.6	0.01562445	-0.01734404
98.7	0.01574978	-0.01773213
98.8	0.01590615	-0.01797833
98.9	0.0159674	-0.01760718
99	0.01609604	-0.01740075
99.1	0.01605022	-0.01733131
99.2	0.01603357	-0.01740827
99.3	0.01587832	-0.01730213
99.4	0.01546546	-0.01730381
99.5	0.01544101	-0.01731352
99.6	0.01501572	-0.01781744
99.7	0.01528847	-0.01798368
99.8	0.01506159	-0.01847424
99.9	0.01466385	-0.01851264
100	0.01423841	-0.01846942
100.1	0.0142823	-0.01849426
100.2	0.01406065	-0.0174482
100.3	0.01444891	-0.01855119
100.4	0.014415	-0.01867834
100.5	0.01439037	-0.01879657
100.6	0.01405251	-0.01884588
100.7	0.01397088	-0.01900927
100.8	0.01400546	-0.01891853
100.9	0.0135966	-0.01814427
101	0.01379603	-0.01852222
101.1	0.01373582	-0.01768023
101.2	0.01345739	-0.0174482
101.3	0.0138993	-0.01744472
101.4	0.01393731	-0.01735249
101.5	0.0139645	-0.01731171
101.6	0.01370945	-0.01762458
101.7	0.01375372	-0.01796205
101.8	0.0137355	-0.01796777
101.9	0.0136273	-0.01823099
102	0.01332353	-0.01845996
102.1	0.01368449	-0.0185606
102.2	0.01348025	-0.0185846
102.3	0.0133891	-0.01852466
102.4	0.0136647	-0.01854156
102.5	0.01367753	-0.01874059
102.6	0.01338549	-0.01853042
102.7	0.01320518	-0.01864726
102.8	0.01278569	-0.01854612
102.9	0.01293157	-0.01849645
103	0.01291095	-0.01848498
103.1	0.01317383	-0.01843272
103.2	0.01286822	-0.01801969
103.3	0.0126221	-0.01749461
103.4	0.01257022	-0.01779033
103.5	0.01299368	-0.01834287
103.6	0.01262902	-0.01849717
103.7	0.01262496	-0.0187976
103.8	0.0120311	-0.01878447
103.9	0.01172841	-0.02010933
104	0.01132696	-0.01879874
104.1	0.01120018	-0.01882157
104.2	0.01114639	-0.01871421
104.3	0.01139746	-0.01868125
104.4	0.01157144	-0.0193109
104.5	0.01155138	-0.0192832
104.6	0.01106885	-0.01819171
104.7	0.01081513	-0.01927794
104.8	0.0107415	-0.01956126
104.9	0.01050267	-0.0190292
105	0.0105418	-0.01865524
105.1	0.0105698	-0.01854829
105.2	0.01041483	-0.01850072
105.3	0.01043361	-0.01890278
105.4	0.01072577	-0.01915378
105.5	0.01106741	-0.01910394
105.6	0.01090712	-0.01873695
105.7	0.01125648	-0.01911223
105.8	0.01141558	-0.01962923
105.9	0.01166579	-0.01986607
106	0.01127637	-0.02078935
106.1	0.01107268	-0.01937474
106.2	0.01131099	-0.01934437
106.3	0.01115621	-0.0190631
106.4	0.01106995	-0.01902869
106.5	0.01023263	-0.01938382
106.6	0.01019011	-0.01960925
106.7	0.009749567	-0.01930624
106.8	0.01006584	-0.01904188
106.9	0.01022687	-0.0190948
107	0.0104627	-0.01921115
107.1	0.01012719	-0.01964751
107.2	0.01007511	-0.01924491
107.3	0.01030483	-0.01948189
107.4	0.01059083	-0.01974344
107.5	0.0103236	-0.01960114
107.6	0.01056851	-0.01954382
107.7	0.01051073	-0.02035083
107.8	0.01046776	-0.02095748
107.9	0.01033154	-0.02108068
108	0.01083907	-0.02092101
108.1	0.01073146	-0.02123864
108.2	0.01047112	-0.02157224
108.3	0.01080866	-0.02160536
108.4	0.01088144	-0.02151554
108.5	0.01078084	-0.02138419
108.6	0.01079994	-0.02154007
108.7	0.01096669	-0.02170067
108.8	0.01110623	-0.02170478
108.9	0.01114836	-0.02211222
109	0.01124999	-0.02180832
109.1	0.01116265	-0.02171071
109.2	0.01123767	-0.02340545
109.3	0.01122026	-0.02167998
109.4	0.01138309	-0.02162258
109.5	0.01057046	-0.02145399
109.6	0.01046183	-0.02169369
109.7	0.01047889	-0.0219361
109.8	0.01099537	-0.02338871
109.9	0.01133157	-0.02353425
110	0.0113267	-0.02383621
110.1	0.0112957	-0.02358061
110.2	0.011694	-0.02347692
110.3	0.0118482	-0.02334113
110.4	0.01167135	-0.02331036
110.5	0.01182464	-0.02340948
110.6	0.01226247	-0.02339853
110.7	0.01259764	-0.02388329
110.8	0.01245718	-0.0239224
110.9	0.01261033	-0.02410701
111	0.0126158	-0.02434143
111.1	0.01270346	-0.02429524
111.2	0.01273709	-0.02402148
111.3	0.01272391	-0.0241327
111.4	0.0126948	-0.02426807
111.5	0.01271011	-0.02429183
111.6	0.01280932	-0.0244131
111.7	0.01293157	-0.02383649
111.8	0.01306628	-0.02340861
111.9	0.01289354	-0.02336765
112	0.01301003	-0.02350587
112.1	0.01282785	-0.02338865
112.2	0.01286764	-0.0230253
112.3	0.01293486	-0.02280306
112.4	0.01300882	-0.02301005
112.5	0.01311719	-0.02312477
112.6	0.0127018	-0.02296611
112.7	0.01277531	-0.02332655
112.8	0.01293276	-0.02302073
112.9	0.0127693	-0.02319552
113	0.01255455	-0.02282353
113.1	0.01262795	-0.02326213
113.2	0.01235912	-0.02320081
113.3	0.01232719	-0.0236049
113.4	0.01245166	-0.02365322
113.5	0.01233773	-0.02360201
113.6	0.01237179	-0.02362253
113.7	0.01281967	-0.02418165
113.8	0.01254692	-0.02422214
113.9	0.01265424	-0.02425282
114	0.01293445	-0.02435581
114.1	0.01286047	-0.02444981
114.2	0.01232241	-0.02460472
114.3	0.01182847	-0.02497583
114.4	0.01165014	-0.02500535
114.5	0.01153939	-0.02456224
114.6	0.0113334	-0.02438347
114.7	0.01104358	-0.02433435
114.8	0.01135867	-0.02425542
114.9	0.01147605	-0.0238631
115	0.0114814	-0.02383883
115.1	0.01105957	-0.02370045
115.2	0.01083098	-0.02369782
115.3	0.01045874	-0.02391185
115.4	0.01061415	-0.02398599
115.5	0.010595	-0.02402046
115.6	0.01046893	-0.02409378
115.7	0.009764375	-0.02412103
115.8	0.009876425	-0.02451154
115.9	0.009884839	-0.02495561
116	0.00992396	-0.02485696
116.1	0.009985576	-0.02493662
116.2	0.009898591	-0.02477974
116.3	0.01010068	-0.02492019
116.4	0.009905228	-0.02489467
116.5	0.009468306	-0.02486648
116.6	0.009800967	-0.02485854
116.7	0.009504834	-0.02471364
116.8	0.008924274	-0.02452987
116.9	0.009203932	-0.02410007
117	0.009237547	-0.02383571
117.1	0.009158006	-0.02361745
117.2	0.008918425	-0.0235356
117.3	0.00877476	-0.02351571
117.4	0.008262695	-0.02380925
117.5	0.008231699	-0.02411118
117.6	0.008395243	-0.02389885
117.7	0.008185606	-0.0237356
117.8	0.008335597	-0.02343666
117.9	0.00837876	-0.02335432
118	0.008989042	-0.02324585
118.1	0.009412317	-0.02315879
118.2	0.00970875	-0.02310563
118.3	0.01008061	-0.02274174
118.4	0.01015143	-0.02246413
118.5	0.01009645	-0.02252103
118.6	0.01033393	-0.02238366
118.7	0.01008154	-0.02200291
118.8	0.009880141	-0.02123671
118.9	0.01017955	-0.02040692
119	0.010308	-0.02014714
119.1	0.01040057	-0.02033651
119.2	0.01056413	-0.02064025
119.3	0.01071588	-0.02047606
119.4	0.01023846	-0.02047891
119.5	0.01007265	-0.02053035
119.6	0.01013786	-0.02052033
119.7	0.009895307	-0.02054783
119.8	0.01009072	-0.02019421
119.9	0.009617053	-0.02016556
120	0.009796672	-0.01995279
120.1	0.009807838	-0.02023308
120.2	0.009698602	-0.01888675
120.3	0.009605793	-0.01897956
120.4	0.009141745	-0.01846911
120.5	0.009977031	-0.0193508
120.6	0.009745007	-0.01925799
120.7	0.008909721	-0.01962923
120.8	0.009652197	-0.0193972
120.9	0.009373769	-0.01930439
121	0.009141745	-0.01902597
121.1	0.008816911	-0.01860832
121.2	0.008770506	-0.01856192
121.3	0.008631292	-0.0193508
121.4	0.008816911	-0.01925799
121.5	0.008631292	-0.01921159
121.6	0.008816911	-0.01930439
121.7	0.008724101	-0.01944361
121.8	0.009373769	-0.01907237
121.9	0.00900253	-0.01990766
122	0.009188149	-0.02065013
122.1	0.008816911	-0.02092856
122.2	0.008074434	-0.02092856
122.3	0.008306458	-0.02069654
122.4	0.007888815	-0.02009328
122.5	0.007888815	-0.0203253
122.6	0.008631292	-0.01893316
122.7	0.009327364	-0.01823708
122.8	0.009048935	-0.01823708
122.9	0.008399268	-0.01814427
123	0.008167244	-0.01781944
123.1	0.00793522	-0.01768023
123.2	0.007703196	-0.01795866
123.3	0.007334818	-0.01783946
123.4	0.007306912	-0.01768166
123.5	0.007139593	-0.01931791
123.6	0.007175168	-0.01767395
123.7	0.007047814	-0.01777771
123.8	0.00696085	-0.01774907
123.9	0.006914844	-0.01966992
124	0.007006322	-0.01997028
124.1	0.007124301	-0.02030454
124.2	0.007104134	-0.02021058
124.3	0.00705343	-0.02002974
124.4	0.006767222	-0.02077824
124.5	0.007683316	-0.01777926
124.6	0.00630326	-0.02220355
124.7	0.006129715	-0.021846
124.8	0.007829729	-0.01786033
124.9	0.00793522	-0.01795866
125	0.008213649	-0.01805147
125.1	0.008174209	-0.01774408
125.2	0.008133518	-0.01762887
125.3	0.008529195	-0.01783993
125.4	0.008798785	-0.01848238
125.5	0.008675612	-0.01856401
125.6	0.008673136	-0.01856698
125.7	0.008584887	-0.01902597
125.8	0.008154318	-0.01882299
125.9	0.008378192	-0.01866321
126	0.008745535	-0.01975321
126.1	0.00873174	-0.01942773
126.2	0.008534753	-0.01999323
126.3	0.008529926	-0.01892828
126.4	0.008164783	-0.01898273
126.5	0.008168728	-0.01912068
126.6	0.008161804	-0.0191478
126.7	0.008066025	-0.01944253
126.8	0.008084227	-0.01938052
126.9	0.008490454	-0.01915613
127	0.0085812	-0.01931847
127.1	0.009208708	-0.01909991
127.2	0.009443167	-0.01906898
127.3	0.009322417	-0.01884948
127.4	0.009088341	-0.01855385
127.5	0.009339559	-0.01859162
127.6	0.009265245	-0.01857927
127.7	0.009139439	-0.01870377
127.8	0.009630543	-0.01861638
127.9	0.009675219	-0.01850769
128	0.009146499	-0.01823093
128.1	0.00960066	-0.01840553
128.2	0.009092372	-0.01827261
128.3	0.008727916	-0.01878287
128.4	0.008917989	-0.01875622
128.5	0.008834612	-0.01881676
128.6	0.008445217	-0.01912705
128.7	0.008608018	-0.01913444
128.8	0.009074919	-0.01899166
128.9	0.009428998	-0.0189918
129	0.009459938	-0.01913594
129.1	0.009489401	-0.01916831
129.2	0.009433844	-0.01934609
129.3	0.009309111	-0.0198606
129.4	0.009336614	-0.01890506
129.5	0.009370238	-0.01891612
129.6	0.009831682	-0.0192584
129.7	0.009942965	-0.01924491
129.8	0.01064577	-0.01957696
129.9	0.01068208	-0.01946756
130	0.01012291	-0.01909076
130.1	0.009977031	-0.01949001
130.2	0.009791412	-0.0193972
130.3	0.009523715	-0.01957559
130.4	0.009701709	-0.01973449
130.5	0.009540513	-0.01973098
130.6	0.008886786	-0.01996128
130.7	0.008863316	-0.01981485
130.8	0.0087574	-0.02010675
130.9	0.008654946	-0.02011399
131	0.008667157	-0.02019739
131.1	0.008695305	-0.02028081
131.2	0.008645239	-0.02048224
131.3	0.008514211	-0.02045842
131.4	0.008550265	-0.02066276
131.5	0.007960617	-0.02048487
131.6	0.008108528	-0.0202784
131.7	0.008488792	-0.02015224
131.8	0.008220947	-0.01993691
131.9	0.008669357	-0.0197838
132	0.008686441	-0.01978756
132.1	0.008659424	-0.01971629
132.2	0.008729783	-0.01962384
132.3	0.008978583	-0.01944441
132.4	0.008969513	-0.01962684
132.5	0.008790494	-0.01938492
132.6	0.008873537	-0.01967939
132.7	0.008934648	-0.01974153
132.8	0.009297919	-0.01969665
132.9	0.008965685	-0.01971257
133	0.008932688	-0.02042486
133.1	0.009073844	-0.02082507
133.2	0.008823897	-0.02086278
133.3	0.009366564	-0.02093773
133.4	0.009668479	-0.02083459
133.5	0.009338656	-0.02077346
133.6	0.009067127	-0.02077978
133.7	0.008883673	-0.02057562
133.8	0.008580189	-0.02071961
133.9	0.008493747	-0.0207736
134	0.008286917	-0.02112342
134.1	0.008721587	-0.02099058
134.2	0.00889595	-0.02080526
134.3	0.009070024	-0.02134426
134.4	0.008841203	-0.02094147
134.5	0.009335385	-0.0207416
134.6	0.00937547	-0.02028952
134.7	0.009747274	-0.02020042
134.8	0.009788287	-0.02018163
134.9	0.009929145	-0.02024359
135	0.009733003	-0.02048935
135.1	0.009999792	-0.02064554
135.2	0.009973979	-0.02061645
135.3	0.009229402	-0.02047765
135.4	0.008799956	-0.02020745
135.5	0.008838462	-0.0199334
135.6	0.00890229	-0.01916876
135.7	0.008892263	-0.01899898
135.8	0.009069001	-0.01918774
135.9	0.009682651	-0.0193597
136	0.01008785	-0.01979442
136.1	0.01049003	-0.01985323
136.2	0.01012792	-0.01987866
136.3	0.01025125	-0.0198124
136.4	0.01041185	-0.01984491
136.5	0.01091911	-0.01983995
136.6	0.01167481	-0.02015454
136.7	0.01191905	-0.01991531
136.8	0.01201947	-0.01974184
136.9	0.01195121	-0.01983183
137	0.01180485	-0.02015697
137.1	0.01089008	-0.02027126
137.2	0.01106458	-0.02016843
137.3	0.01128999	-0.01968013
137.4	0.01130693	-0.01922463
137.5	0.01131522	-0.01922803
137.6	0.01135596	-0.01901144
137.7	0.01152212	-0.01882046
137.8	0.01162274	-0.01833749
137.9	0.01118356	-0.01832989
138	0.01132277	-0.01814427
138.1	0.01098895	-0.0181786
138.2	0.01133761	-0.01811078
138.3	0.0113052	-0.0181246
138.4	0.01085615	-0.01747259
138.5	0.01103732	-0.01696553
138.6	0.01107899	-0.01670752
138.7	0.0119009	-0.01611076
138.8	0.01180539	-0.01588947
138.9	0.01151375	-0.01612981
139	0.01182484	-0.01596779
139.1	0.01188	-0.01561892
139.2	0.01144081	-0.01550449
139.3	0.01142474	-0.01553747
139.4	0.01088398	-0.01530164
139.5	0.01121382	-0.0149173
139.6	0.0113242	-0.0149827
139.7	0.01110993	-0.01515002
139.8	0.01094587	-0.01524281
139.9	0.01133198	-0.01485947
140	0.01119981	-0.01492505
140.1	0.01052865	-0.01481158
140.2	0.01026311	-0.01472193
140.3	0.01047351	-0.01471915
140.4	0.01033228	-0.01463213
140.5	0.01041476	-0.01436183
140.6	0.0104756	-0.01435069
140.7	0.01046192	-0.01430498
140.8	0.01011783	-0.01397607
140.9	0.009750265	-0.01370522
141	0.01020658	-0.01366403
141.1	0.009905573	-0.01359649
141.2	0.009925356	-0.01367983
141.3	0.009772875	-0.01367905
141.4	0.009872529	-0.01370775
141.5	0.01010562	-0.01386596
141.6	0.0103343	-0.01392207
141.7	0.009851241	-0.01369445
141.8	0.009934029	-0.01349228
141.9	0.009918154	-0.01349037
142	0.01032127	-0.01328369
142.1	0.009930528	-0.0127674
142.2	0.01000888	-0.01255647
142.3	0.009454603	-0.01272328
142.4	0.009844701	-0.01292066
142.5	0.009502448	-0.01292108
142.6	0.00942469	-0.0125362
142.7	0.009577644	-0.01243137
142.8	0.009237467	-0.01215144
142.9	0.009277579	-0.01192339
143	0.009339569	-0.01196047
143.1	0.009009381	-0.01176732
143.2	0.009017613	-0.0118317
143.3	0.009131865	-0.01195103
143.4	0.009334157	-0.01195452
143.5	0.009125347	-0.01187782
143.6	0.00882204	-0.01156769
143.7	0.009312386	-0.01152028
143.8	0.009682259	-0.01145732
143.9	0.01019966	-0.01144461
144	0.009934912	-0.01162515
144.1	0.009751933	-0.01171665
144.2	0.009558452	-0.01197698
144.3	0.009605793	-0.01169401
144.4	0.009613704	-0.01265697
144.5	0.009970997	-0.01269234
144.6	0.01003182	-0.01249173
144.7	0.0103027	-0.01246966
144.8	0.01050524	-0.01216225
144.9	0.01132277	-0.01174041
145	0.01133368	-0.01174447
145.1	0.01117265	-0.01170992
145.2	0.01071028	-0.01136414
145.3	0.01064879	-0.01186696
145.4	0.01069273	-0.01198383
145.5	0.01014337	-0.01179327
145.6	0.01071072	-0.01173035
145.7	0.01026844	-0.01159204
145.8	0.01001659	-0.01156736
145.9	0.009837044	-0.01173049
146	0.009868645	-0.0117165
146.1	0.009717081	-0.0118484
146.2	0.00928532	-0.01182807
146.3	0.009243021	-0.01214754
146.4	0.009263108	-0.01214938
146.5	0.00925879	-0.01222797
146.6	0.009285177	-0.01213112
146.7	0.009259178	-0.01223285
146.8	0.009382909	-0.0118158
146.9	0.009374176	-0.0120023
147	0.009708823	-0.01186879
147.1	0.009719855	-0.01177911
147.2	0.007657697	-0.01177911
147.3	0.009738653	-0.01137634
147.4	0.009682871	-0.01095508
147.5	0.009728896	-0.01114036
147.6	0.009628257	-0.01101396
147.7	0.009725454	-0.01102561
147.8	0.009725467	-0.01114184
147.9	0.00985293	-0.01118719
148	0.009772073	-0.01147458
148.1	0.009723027	-0.01183081
148.2	0.009722443	-0.01182329
148.3	0.009865369	-0.01181891
148.4	0.009507581	-0.009240665
148.5	0.009742464	-0.0111893
148.6	0.009829601	-0.01106374
148.7	0.01004284	-0.01109251
148.8	0.0102815	-0.01107853
148.9	0.009818324	-0.01119319
149	0.01021144	-0.01109623
149.1	0.01033424	-0.01088073
149.2	0.01008083	-0.01054989
149.3	0.01055336	-0.01053862
149.4	0.009813321	-0.0106557
149.5	0.009293056	-0.01106325
149.6	0.009234673	-0.01139091
149.7	0.009745433	-0.01147882
149.8	0.01048656	-0.0117623
149.9	0.01090381	-0.01174994
150	0.01083297	-0.01158274
150.1	0.01065656	-0.01173509
150.2	0.01056549	-0.01192035
150.3	0.01029015	-0.01192718
150.4	0.01004641	-0.01173802
150.5	0.009453837	-0.01043473
150.6	0.009843458	-0.01167752
150.7	0.009327838	-0.01164009
150.8	0.009476055	-0.01203788
150.9	0.009119616	-0.0122211
151	0.009448161	-0.01216928
151.1	0.009404915	-0.01193417
151.2	0.009299932	-0.01218426
151.3	0.0095916	-0.01232731
151.4	0.00994166	-0.01193591
151.5	0.01002168	-0.01157899
151.6	0.009806933	-0.01154645
151.7	0.009949561	-0.01197084
151.8	0.009951789	-0.01188334
151.9	0.009907986	-0.01138479
152	0.009909094	-0.01172183
152.1	0.01068006	-0.01092109
152.2	0.01085872	-0.01169401
152.3	0.0107338	-0.01262009
152.4	0.01094729	-0.01261096
152.5	0.01048748	-0.01280772
152.6	0.01030387	-0.01254566
152.7	0.01040159	-0.01223444
152.8	0.01062823	-0.01291437
152.9	0.01077535	-0.01278952
153	0.0108145	-0.01286933
153.1	0.01028632	-0.01311793
153.2	0.009995553	-0.01353479
153.3	0.01000455	-0.01352393
153.4	0.009883215	-0.01351494
153.5	0.009779489	-0.01331662
153.6	0.009583986	-0.01336737
153.7	0.009704154	-0.01317676
153.8	0.009744975	-0.01326009
153.9	0.009854531	-0.01318935
154	0.01032624	-0.01327461
154.1	0.01013674	-0.01344364
154.2	0.009999735	-0.01360987
154.3	0.01046265	-0.01409686
154.4	0.01013042	-0.01412911
154.5	0.009980959	-0.01392956
154.6	0.009849317	-0.01388516
154.7	0.01046187	-0.01409836
154.8	0.01084543	-0.01431002
154.9	0.01093933	-0.01436536
155	0.01090777	-0.01441747
155.1	0.01088643	-0.01435521
155.2	0.01055044	-0.01418879
155.3	0.01070805	-0.01410394
155.4	0.01103536	-0.01372688
155.5	0.01129772	-0.01352437
155.6	0.01132762	-0.01371802
155.7	0.01162589	-0.01364802
155.8	0.0120252	-0.013731
155.9	0.01216621	-0.01409879
156	0.01197998	-0.01427306
156.1	0.01212461	-0.0138195
156.2	0.01217546	-0.01385545
156.3	0.01187788	-0.01394438
156.4	0.01210638	-0.01427717
156.5	0.01204842	-0.01403651
156.6	0.01202737	-0.01364887
156.7	0.01206585	-0.01401328
156.8	0.01207856	-0.01392281
156.9	0.01191588	-0.01388122
157	0.01191307	-0.01351675
157.1	0.01183856	-0.01357302
157.2	0.01210519	-0.01354622
157.3	0.01201793	-0.01371764
157.4	0.01246562	-0.01372653
157.5	0.0122722	-0.01339908
157.6	0.0121197	-0.01307402
157.7	0.01208777	-0.01321876
157.8	0.01206307	-0.0131998
157.9	0.01201249	-0.01316273
158	0.01206525	-0.01303975
158.1	0.01208412	-0.01259458
158.2	0.01178682	-0.01248289
158.3	0.01192603	-0.01155479
158.4	0.01280772	-0.01127637
158.5	0.01271491	-0.01174041
158.6	0.00896443	-0.0102995
158.7	0.009086793	-0.01079456
158.8	0.009270902	-0.01078108
158.9	0.009824007	-0.01084978
159	0.01045105	-0.01125336
159.1	0.01028721	-0.01123745
159.2	0.009745664	-0.01082858
159.3	0.00991982	-0.010971
159.4	0.009767056	-0.01065259
159.5	0.009961812	-0.01079455
159.6	0.009825823	-0.0112823
159.7	0.009807394	-0.01137016
159.8	0.01040522	-0.01135961
159.9	0.01037655	-0.01157156
160	0.01040465	-0.01160035
160.1	0.01041824	-0.01150848
160.2	0.009877839	-0.01108796
160.3	0.01000555	-0.01079445
160.4	0.009754571	-0.01083223
160.5	0.009737728	-0.01122509
160.6	0.009743888	-0.01116812
160.7	0.01023764	-0.01119835
160.8	0.010155	-0.01123933
160.9	0.00994176	-0.01072132
161	0.009927487	-0.0104525
161.1	0.009560769	-0.01045296
161.2	0.009555274	-0.01063859
161.3	0.009334615	-0.01065525
161.4	0.009525512	-0.01065446
161.5	0.01000349	-0.01102686
161.6	0.01032702	-0.01102531
161.7	0.01037	-0.01099452
161.8	0.01036636	-0.0110305
161.9	0.01037592	-0.01102163
162	0.009872277	-0.01107576
162.1	0.009363488	-0.01155183
162.2	0.009019402	-0.01179657
162.3	0.008778923	-0.01159427
162.4	0.008360461	-0.01144648
162.5	0.008360983	-0.01123242
162.6	0.008367692	-0.01118732
162.7	0.007978351	-0.01054008
162.8	0.008394438	-0.01044136
162.9	0.008357984	-0.01043172
163	0.00819668	-0.01073626
163.1	0.008313251	-0.01111149
163.2	0.008379456	-0.01077798
163.3	0.008370907	-0.01036965
163.4	0.008136212	-0.01008395
163.5	0.008333812	-0.009585294
163.6	0.008423867	-0.009553536
163.7	0.008760485	-0.009857823
163.8	0.007933498	-0.01007991
163.9	0.007262569	-0.01026242
164	0.007899455	-0.01046695
164.1	0.007982179	-0.01064326
164.2	0.008374692	-0.01060959
164.3	0.01143585	-0.008123523
164.4	0.01126494	-0.008131039
164.5	0.0119415	-0.008449221
164.6	0.01124797	-0.008805259
164.7	0.01131499	-0.008723465
164.8	0.01127535	-0.008785207
164.9	0.01132634	-0.008417634
165	0.01167711	-0.008350756
165.1	0.01149507	-0.008456538
165.2	0.01168099	-0.008314378
165.3	0.01132738	-0.008200597
165.4	0.008247906	-0.01007412
165.5	0.01081047	-0.007817228
165.6	0.008284602	-0.009591797
165.7	0.009993193	-0.008249515
165.8	0.01047262	-0.008056175
165.9	0.01054021	-0.007504686
166	0.01084947	-0.007286424
166.1	0.01086059	-0.00716419
166.2	0.01059732	-0.007353849
166.3	0.01099794	-0.007703196
166.4	0.01121633	-0.0076854
166.5	0.01104857	-0.007895334
166.6	0.01139007	-0.007967024
166.7	0.01124577	-0.007710517
166.8	0.01058029	-0.007378362
166.9	0.01058029	-0.007099934
167	0.01090513	-0.007053529
167.1	0.01099794	-0.0067751
167.2	0.01098658	-0.006663894
167.3	0.01064023	-0.006615683
167.4	0.01137443	-0.006755408
167.5	0.0114581	-0.006760892
167.6	0.01134856	-0.007474276
167.7	0.01134615	-0.007366833
167.8	0.01135769	-0.007048444
167.9	0.0113017	-0.006995904
168	0.01093193	-0.006985744
168.1	0.01077286	-0.006980075
168.2	0.0104381	-0.006747187
168.3	0.01058704	-0.00685732
168.4	0.01083184	-0.006669692
168.5	0.01043223	-0.006619522
168.6	0.009681505	-0.006884323
168.7	0.009350083	-0.007406577
168.8	0.009245898	-0.007352457
168.9	0.00892156	-0.007106757
169	0.008618329	-0.006703066
169.1	0.008644107	-0.00682635
169.2	0.008930289	-0.007531009
169.3	0.009023237	-0.007717523
169.4	0.008958643	-0.007966062
169.5	0.00894065	-0.007868219
169.6	0.00879987	-0.007553072
169.7	0.008929261	-0.007559674
169.8	0.008733522	-0.007478219
169.9	0.008844091	-0.007287472
170	0.009172472	-0.007006813
170.1	0.009021572	-0.007208036
170.2	0.008745456	-0.006957662
170.3	0.008395874	-0.007135653
170.4	0.008035059	-0.007218335
170.5	0.007798538	-0.007216711
170.6	0.007756689	-0.007434021
170.7	0.007616457	-0.007415286
170.8	0.007534802	-0.00752538
170.9	0.007116489	-0.007315359
171	0.007261178	-0.006766019
171.1	0.007504327	-0.006746151
171.2	0.007079063	-0.006740822
171.3	0.006900434	-0.006542042
171.4	0.006754552	-0.006298302
171.5	0.006484544	-0.006112636
171.6	0.005942821	-0.00611225
171.7	0.005206263	-0.005774438
171.8	0.005032924	-0.005474623
171.9	0.004829069	-0.005397414
172	0.004928621	-0.00540724
172.1	0.004721602	-0.005415952
172.2	0.004748202	-0.005347586
172.3	0.004855428	-0.005407271
172.4	0.004899215	-0.005579692
172.5	0.004889308	-0.005568926
172.6	0.004870376	-0.005485895
172.7	0.004983176	-0.005725659
172.8	0.005284684	-0.005686811
172.9	0.005315711	-0.005658336
173	0.005591606	-0.005381647
173.1	0.005548354	-0.005166541
173.2	0.005661962	-0.004742261
173.3	0.005809993	-0.005022159
173.4	0.005436484	-0.005196586
173.5	0.005417357	-0.005182173
173.6	0.005220589	-0.004649084
173.7	0.005246439	-0.004618699
173.8	0.00542519	-0.004271047
173.9	0.005483698	-0.00404906
174	0.005743614	-0.003931798
174.1	0.005784198	-0.003623379
174.2	0.00546393	-0.003346432
174.3	0.005569088	-0.003585852
174.4	0.005707261	-0.003972801
174.5	0.005721566	-0.003983106
174.6	0.005453853	-0.004112803
174.7	0.005971953	-0.004244968
174.8	0.006142398	-0.004424859
174.9	0.006725296	-0.004455304
175	0.006924939	-0.004801862
175.1	0.007126368	-0.004608016
175.2	0.007562712	-0.004594875
175.3	0.007652286	-0.004799451
175.4	0.007995502	-0.004890569
175.5	0.00772074	-0.005326345
175.6	0.007425254	-0.005385793
175.7	0.008206695	-0.005752521
175.8	0.008210228	-0.005769968
175.9	0.008002431	-0.005492965
176	0.007833733	-0.005795193
176.1	0.007486978	-0.005621258
176.2	0.006870166	-0.006209725
176.3	0.006927615	-0.00609733
176.4	0.006295345	-0.005699707
176.5	0.006079367	-0.005619395
176.6	0.006033654	-0.005771423
176.7	0.006132355	-0.005713948
176.8	0.005812296	-0.005554522
176.9	0.00542891	-0.005958224
177	0.005465549	-0.0054291
177.1	0.005318514	-0.005611329
177.2	0.004977902	-0.005937574
177.3	0.00480053	-0.006056484
177.4	0.004424742	-0.006265008
177.5	0.004480769	-0.006832136
177.6	0.004466365	-0.008240583
177.7	0.004117408	-0.00918556
177.8	0.003546026	-0.009680896
177.9	0.003417302	-0.00980788
178	0.003715334	-0.01034986
178.1	0.005196459	-0.01082507
178.2	0.005232678	-0.01114484
178.3	0.005730241	-0.01118484
178.4	0.006004025	-0.01107286
178.5	0.006333975	-0.01104003
178.6	0.006386963	-0.01085027
178.7	0.006973235	-0.0106593
178.8	0.007694948	-0.01070322
178.9	0.008095132	-0.01071075
179	0.008586739	-0.01029817
179.1	0.008044773	-0.01029178
179.2	0.009105945	-0.01046857
179.3	0.00896891	-0.01061273
179.4	0.00900743	-0.01044972
179.5	0.009146603	-0.01026319
179.6	0.009103259	-0.01073331
179.7	0.009810974	-0.01088061
179.8	0.0101506	-0.01071998
179.9	0.01028651	-0.01098933
180	0.01124774	-0.01119508
180.1	0.01178184	-0.01133194
180.2	0.01161219	-0.01149939
180.3	0.01150721	-0.01136233
180.4	0.01072903	-0.01080464
180.5	0.01088139	-0.01042533
180.6	0.01073268	-0.0104843
180.7	0.0107357	-0.01056894
180.8	0.01039855	-0.01030244
180.9	0.009689093	-0.009925516
181	0.009491866	-0.009586956
181.1	0.00895191	-0.00956102
181.2	0.009210497	-0.009105
181.3	0.008886221	-0.009523827
181.4	0.008484859	-0.009934379
181.5	0.008361086	-0.01016277
181.6	0.008465152	-0.01012529
181.7	0.008697475	-0.009634087
181.8	0.00893552	-0.009042738
181.9	0.008576331	-0.009030986
182	0.007424449	-0.009018237
182.1	0.006338293	-0.008493355
182.2	0.005998166	-0.008330239
182.3	0.005472567	-0.007911976
182.4	0.005228804	-0.007527717
182.5	0.004611625	-0.007809578
182.6	0.004076573	-0.007667782
182.7	0.004315407	-0.007941663
182.8	0.003929286	-0.008511775
182.9	0.003754946	-0.009146582
183	0.003526804	-0.009195646
183.1	0.00382742	-0.009652885
183.2	0.003910927	-0.0101661
183.3	0.003654587	-0.01017559
183.4	0.003162607	-0.01011751
183.5	0.003080683	-0.009788245
