0	0.0126221	-0.05290147
0.1	0.01278306	-0.05289159
0.2	0.0128024	-0.05275992
0.3	0.01264249	-0.05269309
0.4	0.01242348	-0.05256009
0.5	0.01229569	-0.05226424
0.6	0.01184496	-0.05209647
0.7	0.01179593	-0.05192562
0.8	0.01198518	-0.05196785
0.9	0.01206538	-0.0518821
1	0.01214292	-0.05206131
1.1	0.01233184	-0.0521405
1.2	0.01270492	-0.05200379
1.3	0.01272523	-0.05180837
1.4	0.01273523	-0.05177107
1.5	0.01262018	-0.05175791
1.6	0.01290974	-0.05201778
1.7	0.01295428	-0.05194917
1.8	0.01285832	-0.05217307
1.9	0.01327535	-0.05190819
2	0.01404369	-0.05178155
2.1	0.01421253	-0.05175539
2.2	0.0141241	-0.05165559
2.3	0.0141406	-0.0515607
2.4	0.0144419	-0.05142344
2.5	0.01454901	-0.05120256
2.6	0.0154992	-0.05085966
2.7	0.0145749	-0.05083487
2.8	0.01460797	-0.05078822
2.9	0.01483398	-0.05061019
3	0.01492268	-0.05058484
3.1	0.01477212	-0.05082526
3.2	0.0146365	-0.05102093
3.3	0.01488729	-0.05101683
3.4	0.01507207	-0.05128878
3.5	0.0145903	-0.05167135
3.6	0.01419686	-0.05186022
3.7	0.01391382	-0.05195673
3.8	0.01394576	-0.05193878
3.9	0.01432535	-0.0521008
4	0.01442179	-0.05235049
4.1	0.01453503	-0.05251148
4.2	0.01451291	-0.05279273
4.3	0.01462644	-0.0526374
4.4	0.01430686	-0.05202147
4.5	0.01470816	-0.05154796
4.6	0.01496512	-0.05155461
4.7	0.01475116	-0.05154704
4.8	0.01496512	-0.05139499
4.9	0.01508615	-0.05125767
5	0.01514719	-0.05140071
5.1	0.01499668	-0.05150366
5.2	0.01482336	-0.05162844
5.3	0.01445539	-0.05174368
5.4	0.01428641	-0.05189682
5.5	0.01401941	-0.05211369
5.6	0.01380042	-0.05214639
5.7	0.01363881	-0.05203239
5.8	0.01359408	-0.05181984
5.9	0.01278944	-0.05170927
6	0.01242245	-0.05199436
6.1	0.0121664	-0.05200169
6.2	0.0119125	-0.05175087
6.3	0.0122517	-0.05195578
6.4	0.01216701	-0.05194301
6.5	0.01196779	-0.05190354
6.6	0.01172146	-0.05162944
6.7	0.01149573	-0.05139465
6.8	0.01140996	-0.05122502
6.9	0.01170748	-0.05123892
7	0.01174459	-0.05098334
7.1	0.01193971	-0.05097337
7.2	0.01216353	-0.05120743
7.3	0.01201238	-0.05128053
7.4	0.01197572	-0.05121744
7.5	0.01162421	-0.05164161
7.6	0.01166531	-0.05149316
7.7	0.01189282	-0.05152688
7.8	0.01179939	-0.05127305
7.9	0.01140091	-0.05130759
8	0.01139508	-0.05129887
8.1	0.01127821	-0.05143756
8.2	0.0114293	-0.05150219
8.3	0.01132838	-0.05158386
8.4	0.0113212	-0.05147251
8.5	0.01128097	-0.05159381
8.6	0.01057283	-0.05122005
8.7	0.01095989	-0.05117184
8.8	0.01119912	-0.05126933
8.9	0.01095153	-0.05150932
9	0.01072454	-0.05119881
9.1	0.01075957	-0.05120763
9.2	0.01094501	-0.05117488
9.3	0.01099677	-0.05110706
9.4	0.01119426	-0.05081912
9.5	0.01169822	-0.05075925
9.6	0.01170951	-0.05103987
9.7	0.01193976	-0.05122541
9.8	0.01164964	-0.05135
9.9	0.01159507	-0.05124826
10	0.01190814	-0.05125112
10.1	0.01210114	-0.05160202
10.2	0.01182628	-0.05166974
10.3	0.01138615	-0.05186167
10.4	0.01139973	-0.05178541
10.5	0.01150304	-0.05148092
10.6	0.01135484	-0.0513414
10.7	0.01096404	-0.05156938
10.8	0.01116446	-0.0516613
10.9	0.01171499	-0.05132445
11	0.0123471	-0.0517013
11.1	0.01258388	-0.0517634
11.2	0.01236639	-0.05147617
11.3	0.01259191	-0.0513643
11.4	0.01274179	-0.05116924
11.5	0.01314634	-0.05137999
11.6	0.01315209	-0.05138202
11.7	0.01293187	-0.05162204
11.8	0.01330852	-0.05162056
11.9	0.01365586	-0.05157747
12	0.01387039	-0.05163633
12.1	0.01367823	-0.0517759
12.2	0.01342231	-0.05182695
12.3	0.01298572	-0.05199409
12.4	0.01267972	-0.05187657
12.5	0.01267698	-0.05175549
12.6	0.01246854	-0.0517721
12.7	0.01198173	-0.05175268
12.8	0.01149408	-0.05173651
12.9	0.01114241	-0.05139763
13	0.01097949	-0.05100509
13.1	0.01049086	-0.05099925
13.2	0.0102012	-0.05076934
13.3	0.01027264	-0.05049547
13.4	0.009927842	-0.05009959
13.5	0.009905128	-0.04958813
13.6	0.009765086	-0.04922883
13.7	0.009984193	-0.04926522
13.8	0.01004695	-0.04947548
13.9	0.009814217	-0.04915761
14	0.01019663	-0.04880682
14.1	0.01028518	-0.04892529
14.2	0.01046276	-0.04886015
14.3	0.01004825	-0.04875492
14.4	0.009868078	-0.04846003
14.5	0.009909835	-0.04845162
14.6	0.009639799	-0.04821578
14.7	0.009929187	-0.04810239
14.8	0.009754516	-0.04810469
14.9	0.009907175	-0.04779107
15	0.01048508	-0.04797285
15.1	0.01026614	-0.04815712
15.2	0.01048077	-0.04820765
15.3	0.01062447	-0.0483648
15.4	0.0107022	-0.04826356
15.5	0.01044693	-0.0483545
15.6	0.01058044	-0.04873573
15.7	0.01065551	-0.04895653
15.8	0.01020785	-0.0491686
15.9	0.01014389	-0.04912384
16	0.01039467	-0.04900346
16.1	0.01048748	-0.0493747
16.2	0.01024575	-0.04974724
16.3	0.01053434	-0.05031675
16.4	0.01064727	-0.05049202
16.5	0.01058029	-0.05058123
16.6	0.01026438	-0.05049334
16.7	0.01030186	-0.05067404
16.8	0.01030186	-0.05058123
16.9	0.01012815	-0.05051862
17	0.009981023	-0.05029119
17.1	0.009973986	-0.05006091
17.2	0.009917802	-0.05004783
17.3	0.01006876	-0.04965018
17.4	0.009918726	-0.04955368
17.5	0.00998579	-0.04944386
17.6	0.01004013	-0.04943177
17.7	0.009773009	-0.04946532
17.8	0.0099183	-0.04959037
17.9	0.009813498	-0.05000455
18	0.009871105	-0.05024842
18.1	0.009744855	-0.05050568
18.2	0.009468145	-0.05032035
18.3	0.009487639	-0.05013261
18.4	0.009362613	-0.05021888
18.5	0.009574728	-0.05024119
18.6	0.009535616	-0.05025991
18.7	0.009475157	-0.05065893
18.8	0.009373501	-0.05072863
18.9	0.009580316	-0.05086344
19	0.009587391	-0.05052545
19.1	0.009287467	-0.05085271
19.2	0.009377737	-0.05102604
19.3	0.009568467	-0.05106959
19.4	0.009589591	-0.05128671
19.5	0.009776593	-0.05191989
19.6	0.009952695	-0.05191471
19.7	0.009766971	-0.05189877
19.8	0.009113577	-0.05214819
19.9	0.00940196	-0.05225659
20	0.009763181	-0.05236737
20.1	0.009383372	-0.05247273
20.2	0.00926159	-0.05231601
20.3	0.009630031	-0.05187147
20.4	0.009535591	-0.05208962
20.5	0.009730942	-0.05227486
20.6	0.009566078	-0.0524512
20.7	0.009303324	-0.0520072
20.8	0.009325847	-0.05181841
20.9	0.009087342	-0.05147123
21	0.008725782	-0.05115499
21.1	0.008803026	-0.05100132
21.2	0.008934965	-0.05125304
21.3	0.009252127	-0.05177213
21.4	0.009594702	-0.05212413
21.5	0.009744077	-0.05221552
21.6	0.009652197	-0.05243742
21.7	0.009829965	-0.05228683
21.8	0.01037757	-0.05225719
21.9	0.01030148	-0.05220589
22	0.01042789	-0.05221044
22.1	0.01060114	-0.05222654
22.2	0.01064264	-0.05202446
22.3	0.01073328	-0.05189887
22.4	0.01112875	-0.05183478
22.5	0.01150141	-0.05148373
22.6	0.01118657	-0.05133009
22.7	0.01102651	-0.05125565
22.8	0.01143242	-0.05118154
22.9	0.01103284	-0.05103197
23	0.01105692	-0.05153372
23.1	0.01093652	-0.05152608
23.2	0.01129552	-0.05140625
23.3	0.01144067	-0.05147713
23.4	0.01139263	-0.05160766
23.5	0.01143967	-0.05193346
23.6	0.01151062	-0.05223953
23.7	0.01188189	-0.05214582
23.8	0.01192406	-0.05219744
23.9	0.01171079	-0.05242613
24	0.01226457	-0.05243582
24.1	0.01245979	-0.05225971
24.2	0.01243585	-0.05237946
24.3	0.01201222	-0.05253392
24.4	0.01204589	-0.0526891
24.5	0.01211741	-0.05252373
24.6	0.01179218	-0.05252747
24.7	0.01145586	-0.05247021
24.8	0.01168538	-0.05232805
24.9	0.01198022	-0.05216786
25	0.0121935	-0.05201618
25.1	0.01225658	-0.05194465
25.2	0.01268374	-0.05175134
25.3	0.01317632	-0.05149167
25.4	0.01307455	-0.05163366
25.5	0.01273649	-0.05188635
25.6	0.01284467	-0.05181886
25.7	0.01258748	-0.05176659
25.8	0.0126814	-0.05188382
25.9	0.01314201	-0.0517546
26	0.01342139	-0.05185088
26.1	0.01326523	-0.05240915
26.2	0.01344578	-0.05263251
26.3	0.01324954	-0.05291193
26.4	0.01383234	-0.05321995
26.5	0.01328725	-0.0536312
26.6	0.01342182	-0.05365471
26.7	0.01366367	-0.05394081
26.8	0.01238077	-0.05459298
26.9	0.01226088	-0.05470927
27	0.01243814	-0.05468828
27.1	0.0121673	-0.05455654
27.2	0.01246211	-0.05415685
27.3	0.01293674	-0.05420629
27.4	0.01297731	-0.05420128
27.5	0.01286606	-0.05439001
27.6	0.01266652	-0.05428388
27.7	0.01276071	-0.05413628
27.8	0.01280679	-0.05397796
27.9	0.01268624	-0.05398155
28	0.0124605	-0.05440983
28.1	0.01244266	-0.05438313
28.2	0.01305737	-0.05440423
28.3	0.01270221	-0.05458884
28.4	0.01281818	-0.05499341
28.5	0.0131325	-0.055205
28.6	0.0135309	-0.05558528
28.7	0.01413136	-0.05554195
28.8	0.01400627	-0.05554697
28.9	0.01368421	-0.05540531
29	0.01347406	-0.05526002
29.1	0.01387051	-0.05582053
29.2	0.01332673	-0.05594972
29.3	0.01358364	-0.05630728
29.4	0.01364912	-0.0562252
29.5	0.01351913	-0.05631203
29.6	0.01371688	-0.05637616
29.7	0.01356826	-0.05700221
29.8	0.01357254	-0.05750134
29.9	0.01351534	-0.05725839
30	0.01358387	-0.05730096
30.1	0.01399972	-0.05701005
30.2	0.01390182	-0.05696134
30.3	0.0138952	-0.05650064
30.4	0.01374613	-0.05638345
30.5	0.0138544	-0.05640268
30.6	0.01377262	-0.0564568
30.7	0.01373557	-0.05638646
30.8	0.01370245	-0.05621857
30.9	0.01357735	-0.05642682
31	0.01382011	-0.05638849
31.1	0.01436136	-0.05656227
31.2	0.0143595	-0.05616003
31.3	0.01435703	-0.05604625
31.4	0.01436273	-0.05622866
31.5	0.01408209	-0.05641682
31.6	0.01383713	-0.05650428
31.7	0.01365354	-0.05654547
31.8	0.01379342	-0.0565874
31.9	0.01372261	-0.05653644
32	0.01401879	-0.05615672
32.1	0.01445935	-0.05626558
32.2	0.01457425	-0.05649421
32.3	0.0143958	-0.0561304
32.4	0.0145749	-0.05562353
32.5	0.01449222	-0.05531973
32.6	0.014434	-0.05484186
32.7	0.01436362	-0.05473541
32.8	0.01421626	-0.05498007
32.9	0.01437711	-0.05526051
33	0.01453924	-0.05547025
33.1	0.0147881	-0.05541061
33.2	0.01473602	-0.05499711
33.3	0.01460356	-0.05465978
33.4	0.01449878	-0.05491213
33.5	0.01434424	-0.0549042
33.6	0.01405195	-0.0546799
33.7	0.01387857	-0.05492815
33.8	0.01380453	-0.05512923
33.9	0.01389565	-0.05511367
34	0.01391009	-0.05503467
34.1	0.01404547	-0.05484855
34.2	0.01390825	-0.05444453
34.3	0.01394719	-0.05414329
34.4	0.0141585	-0.05390791
34.5	0.01414441	-0.05413356
34.6	0.01422415	-0.05446562
34.7	0.01432709	-0.05451433
34.8	0.0144359	-0.05465521
34.9	0.01447659	-0.05489863
35	0.01424545	-0.05541272
35.1	0.01431566	-0.05534048
35.2	0.01485504	-0.05539733
35.3	0.01484386	-0.05595089
35.4	0.01481254	-0.05575494
35.5	0.01486095	-0.05543653
35.6	0.0146865	-0.05543046
35.7	0.01485919	-0.05541484
35.8	0.01501805	-0.05547087
35.9	0.01482967	-0.05542939
36	0.01445854	-0.05541881
36.1	0.01432027	-0.05552748
36.2	0.01452007	-0.05549942
36.3	0.01512463	-0.05550241
36.4	0.01530887	-0.05559566
36.5	0.01540283	-0.05558257
36.6	0.01511275	-0.05512823
36.7	0.01550838	-0.0545887
36.8	0.01603575	-0.05452765
36.9	0.01602314	-0.05446822
37	0.0159874	-0.0546163
37.1	0.01618164	-0.05458726
37.2	0.01682448	-0.05458398
37.3	0.01676655	-0.05462689
37.4	0.01629732	-0.05480532
37.5	0.016217	-0.05465702
37.6	0.01626431	-0.05463697
37.7	0.016553	-0.05496966
37.8	0.01620386	-0.05504111
37.9	0.01594063	-0.05483058
38	0.0159256	-0.05462648
38.1	0.01599121	-0.05461928
38.2	0.01599173	-0.05464801
38.3	0.01594307	-0.05463067
38.4	0.01592612	-0.05357235
38.5	0.01585063	-0.05366615
38.6	0.01568165	-0.05348546
38.7	0.01580437	-0.05320201
38.8	0.01550528	-0.05339896
38.9	0.01520966	-0.05319538
39	0.01448383	-0.05326209
39.1	0.01401012	-0.05215315
39.2	0.01425814	-0.05324951
39.3	0.01448446	-0.05295332
39.4	0.01468043	-0.0531986
39.5	0.01441625	-0.05368858
39.6	0.01459854	-0.05348267
39.7	0.01435337	-0.05343922
39.8	0.01366719	-0.05384644
39.9	0.01401332	-0.05389855
40	0.01425965	-0.05419374
40.1	0.01388312	-0.05429837
40.2	0.01334111	-0.0542782
40.3	0.01276747	-0.05408436
40.4	0.01279182	-0.05413045
40.5	0.01305231	-0.05383349
40.6	0.01290312	-0.05401801
40.7	0.01254743	-0.05392627
40.8	0.01237685	-0.05383903
40.9	0.01188698	-0.05383606
41	0.01164091	-0.05356467
41.1	0.01171304	-0.0532839
41.2	0.0117796	-0.0529048
41.3	0.01112851	-0.05307057
41.4	0.01115412	-0.05309396
41.5	0.01108462	-0.05294554
41.6	0.01095685	-0.05310098
41.7	0.01040093	-0.05315803
41.8	0.01043032	-0.05244453
41.9	0.01023177	-0.05191644
42	0.01004559	-0.05154395
42.1	0.009765706	-0.05116045
42.2	0.009770915	-0.05151035
42.3	0.009991302	-0.05177186
42.4	0.009996092	-0.05187507
42.5	0.009872129	-0.05135294
42.6	0.009513046	-0.05146993
42.7	0.009597674	-0.05152525
42.8	0.009691484	-0.05121983
42.9	0.009987966	-0.0515222
43	0.01027357	-0.05144761
43.1	0.01024255	-0.05136985
43.2	0.009945896	-0.0513613
43.3	0.009827762	-0.05179705
43.4	0.01040618	-0.05170796
43.5	0.01178049	-0.05070509
43.6	0.01051087	-0.05134393
43.7	0.01064789	-0.05111043
43.8	0.01055878	-0.05103568
43.9	0.0107425	-0.0510006
44	0.01070364	-0.05114246
44.1	0.01055549	-0.05133042
44.2	0.01132067	-0.05096371
44.3	0.01211778	-0.05063472
44.4	0.01201853	-0.05092472
44.5	0.01186587	-0.05094208
44.6	0.0110703	-0.05092719
44.7	0.01114924	-0.05111918
44.8	0.01167099	-0.05114113
44.9	0.01100463	-0.05083887
45	0.01105955	-0.05061535
45.1	0.01108354	-0.050274
45.2	0.01138977	-0.05013119
45.3	0.01104481	-0.04995277
45.4	0.01104355	-0.04977573
45.5	0.01105525	-0.0495973
45.6	0.01070833	-0.04990866
45.7	0.01170927	-0.0500542
45.8	0.01103162	-0.050025
45.9	0.01096495	-0.04958281
46	0.01098825	-0.04935322
46.1	0.01123286	-0.04913539
46.2	0.01064818	-0.04926416
46.3	0.01068033	-0.04932584
46.4	0.01105548	-0.04931329
46.5	0.01165492	-0.0483728
46.6	0.01172001	-0.04839724
46.7	0.01164206	-0.04855069
46.8	0.01108518	-0.04818824
46.9	0.01145604	-0.04781528
47	0.01109598	-0.04794038
47.1	0.01127428	-0.04790832
47.2	0.01224894	-0.04647043
47.3	0.01235323	-0.04663998
47.4	0.01234042	-0.04688205
47.5	0.01184941	-0.04795248
47.6	0.01215806	-0.04705446
47.7	0.01252929	-0.04714727
47.8	0.01308615	-0.04724008
47.9	0.01299334	-0.04714727
48	0.0126221	-0.04668322
48.1	0.01364301	-0.0464976
48.2	0.01419987	-0.04640479
48.3	0.0135502	-0.04677603
48.4	0.01419987	-0.04696165
48.5	0.01419987	-0.04696165
48.6	0.01392144	-0.04584794
48.7	0.01438549	-0.04594075
48.8	0.01401451	-0.04593887
48.9	0.01350953	-0.04557361
49	0.01310501	-0.04521976
49.1	0.01324959	-0.04530109
49.2	0.01314461	-0.04524965
49.3	0.01309563	-0.04479848
49.4	0.01306644	-0.04465829
49.5	0.01236378	-0.04418391
49.6	0.01205977	-0.0444293
49.7	0.01175458	-0.04407729
49.8	0.01244479	-0.04390448
49.9	0.01243376	-0.04374199
50	0.01227389	-0.04310179
50.1	0.01210426	-0.04286792
50.2	0.01174895	-0.04245984
50.3	0.01203783	-0.04227167
50.4	0.01251438	-0.04236692
50.5	0.01252042	-0.04272348
50.6	0.01224712	-0.04290014
50.7	0.01211807	-0.04286317
50.8	0.0123246	-0.04239766
50.9	0.01195535	-0.04197248
51	0.01171354	-0.04219327
51.1	0.01186798	-0.04193233
51.2	0.01243974	-0.04163646
51.3	0.01245447	-0.04159674
51.4	0.01244887	-0.04163102
51.5	0.01244963	-0.04164871
51.6	0.01243549	-0.04167561
51.7	0.01280598	-0.04220219
51.8	0.01254595	-0.04208426
51.9	0.01257724	-0.04164855
52	0.01245499	-0.04166118
52.1	0.01246471	-0.04170054
52.2	0.01184384	-0.04113003
52.3	0.01176126	-0.0408035
52.4	0.01107904	-0.04095661
52.5	0.01105705	-0.04119757
52.6	0.01108289	-0.04076316
52.7	0.01108802	-0.04048254
52.8	0.01152799	-0.04056504
52.9	0.01177489	-0.04125082
53	0.01132011	-0.04087411
53.1	0.01133113	-0.04077634
53.2	0.01145287	-0.04056923
53.3	0.01178385	-0.04030379
53.4	0.01143316	-0.0402305
53.5	0.01031341	-0.0401766
53.6	0.0100233	-0.04037005
53.7	0.009565352	-0.04031398
53.8	0.009185372	-0.04024844
53.9	0.009588634	-0.04012986
54	0.009467119	-0.04010185
54.1	0.009346331	-0.04009956
54.2	0.009546376	-0.04002592
54.3	0.009562816	-0.0400984
54.4	0.009591301	-0.04044348
54.5	0.009592227	-0.04055872
54.6	0.01003332	-0.0408802
54.7	0.01003258	-0.04143823
54.8	0.01022786	-0.04164554
54.9	0.01023193	-0.0419482
55	0.01021628	-0.04200978
55.1	0.01075097	-0.04274504
55.2	0.01027537	-0.0429151
55.3	0.01031481	-0.04327222
55.4	0.01082921	-0.04405401
55.5	0.01157287	-0.043778
55.6	0.01185995	-0.04454429
55.7	0.0123586	-0.04424433
55.8	0.01257921	-0.0445087
55.9	0.01258134	-0.04441405
56	0.01249475	-0.04433436
56.1	0.01217078	-0.04434432
56.2	0.01217216	-0.04398778
56.3	0.0118941	-0.04406164
56.4	0.01212066	-0.04398323
56.5	0.01261078	-0.04366041
56.6	0.01228544	-0.04365159
56.7	0.01239892	-0.04346091
56.8	0.01262966	-0.04381493
56.9	0.01261045	-0.04441172
57	0.01264979	-0.04382483
57.1	0.01265678	-0.04403882
57.2	0.01255359	-0.04419242
57.3	0.01202178	-0.04499709
57.4	0.0119236	-0.04466464
57.5	0.01218717	-0.04456846
57.6	0.01203468	-0.04453668
57.7	0.01157422	-0.04382525
57.8	0.01153603	-0.04311777
57.9	0.01111148	-0.04316058
58	0.01077208	-0.04295178
58.1	0.01159501	-0.04306644
58.2	0.01119858	-0.04286412
58.3	0.01084119	-0.0425193
58.4	0.01121259	-0.04231256
58.5	0.01152085	-0.04263156
58.6	0.01199205	-0.04294004
58.7	0.01234266	-0.04258731
58.8	0.01299001	-0.0423403
58.9	0.01402473	-0.04229857
59	0.01460129	-0.04210309
59.1	0.01487049	-0.04167665
59.2	0.01525788	-0.04089393
59.3	0.01535062	-0.04052944
59.4	0.01526401	-0.04086472
59.5	0.01560218	-0.04121753
59.6	0.0158242	-0.04107114
59.7	0.01564961	-0.04137119
59.8	0.01565058	-0.04150404
59.9	0.01526383	-0.0414571
60	0.0149103	-0.04122733
60.1	0.01476046	-0.0408722
60.2	0.01516119	-0.04085471
60.3	0.01537861	-0.04111729
60.4	0.01539901	-0.04111405
60.5	0.01555026	-0.04091315
60.6	0.01543663	-0.04059301
60.7	0.01536647	-0.04046794
60.8	0.01587697	-0.04073786
60.9	0.01603987	-0.04085325
61	0.01618498	-0.0408554
61.1	0.01624746	-0.04119918
61.2	0.01629333	-0.04105188
61.3	0.01659063	-0.04098857
61.4	0.01664676	-0.04033093
61.5	0.01652011	-0.0406506
61.6	0.01857147	-0.04031481
61.7	0.01930811	-0.04074225
61.8	0.01976844	-0.04046498
61.9	0.02056374	-0.04099217
62	0.02485587	-0.03938711
62.1	0.02123301	-0.0415729
62.2	0.02135298	-0.04191137
62.3	0.02151414	-0.0419329
62.4	0.02256169	-0.04209783
62.5	0.02329962	-0.04225247
62.6	0.02330047	-0.04214171
62.7	0.02328786	-0.04136491
62.8	0.02326192	-0.04084689
62.9	0.02280974	-0.04018223
63	0.02244779	-0.04020837
63.1	0.02170327	-0.04015088
63.2	0.02148864	-0.04020682
63.3	0.02085515	-0.0397436
63.4	0.02088426	-0.03963419
63.5	0.02059437	-0.03945045
63.6	0.02004321	-0.03874829
63.7	0.0193972	-0.03860879
63.8	0.01899559	-0.03779141
63.9	0.01791113	-0.0378324
64	0.01791242	-0.03774716
64.1	0.01757659	-0.03765853
64.2	0.01724589	-0.03751369
64.3	0.01707013	-0.03745663
64.4	0.01674644	-0.03728667
64.5	0.01625623	-0.03724447
64.6	0.01573476	-0.03696832
64.7	0.01608892	-0.03712131
64.8	0.01540221	-0.03747211
64.9	0.0150394	-0.03763808
65	0.01405483	-0.03751938
65.1	0.01481598	-0.03792719
65.2	0.01484875	-0.03740939
65.3	0.01508332	-0.03678074
65.4	0.01537524	-0.03673185
65.5	0.01482688	-0.03622014
65.6	0.01501472	-0.03666143
65.7	0.01470782	-0.03675106
65.8	0.0147889	-0.03673083
65.9	0.01504798	-0.03692482
66	0.01537665	-0.0374857
66.1	0.01529485	-0.03786048
66.2	0.01493707	-0.03783608
66.3	0.01492856	-0.03797794
66.4	0.01472658	-0.0390029
66.5	0.01527341	-0.03862618
66.6	0.01416654	-0.03823959
66.7	0.01420131	-0.03855393
66.8	0.01504177	-0.03879492
66.9	0.01531444	-0.03896499
67	0.01541993	-0.03881651
67.1	0.01555619	-0.03943413
67.2	0.01549087	-0.03955224
67.3	0.01541179	-0.03957594
67.4	0.01556061	-0.03948829
67.5	0.01501112	-0.03919182
67.6	0.0146332	-0.03956802
67.7	0.01538099	-0.04010985
67.8	0.01538664	-0.03984642
67.9	0.01541506	-0.04015868
68	0.01538618	-0.04049164
68.1	0.01561051	-0.04043924
68.2	0.01558283	-0.04044575
68.3	0.01592661	-0.04049888
68.4	0.0159961	-0.04032091
68.5	0.01566147	-0.03998994
68.6	0.01512367	-0.04049258
68.7	0.01480369	-0.04096696
68.8	0.01500157	-0.04099844
68.9	0.01474104	-0.04119848
69	0.01501477	-0.04150313
69.1	0.0153785	-0.04159971
69.2	0.01483218	-0.04123298
69.3	0.01393376	-0.04148798
69.4	0.01349646	-0.04121477
69.5	0.01226083	-0.04109725
69.6	0.01175168	-0.0407803
69.7	0.01130353	-0.04076137
69.8	0.01106261	-0.03996488
69.9	0.01107056	-0.03999909
70	0.01078667	-0.03996603
70.1	0.01055129	-0.03997792
70.2	0.01097504	-0.03998578
70.3	0.0109907	-0.04001033
70.4	0.01190369	-0.04001636
70.5	0.01261567	-0.03999107
70.6	0.01205809	-0.04026339
70.7	0.01208944	-0.04035584
70.8	0.01200147	-0.04079492
70.9	0.01129801	-0.04131838
71	0.0119299	-0.04147384
71.1	0.01114414	-0.0424251
71.2	0.01111033	-0.04217389
71.3	0.009702674	-0.04145113
71.4	0.009787828	-0.04183466
71.5	0.009599522	-0.04203144
71.6	0.009592851	-0.04148052
71.7	0.009594235	-0.04117885
71.8	0.009740099	-0.041444
71.9	0.009773691	-0.04146114
72	0.009721272	-0.04156673
72.1	0.01023883	-0.04213111
72.2	0.01150839	-0.04120746
72.3	0.01093772	-0.04220911
72.4	0.01096086	-0.04192995
72.5	0.01094971	-0.04178884
72.6	0.01093866	-0.04144317
72.7	0.01110715	-0.04136317
72.8	0.01095035	-0.04109645
72.9	0.01097631	-0.04101983
73	0.01093929	-0.04042727
73.1	0.009534679	-0.04000719
73.2	0.01020506	-0.04119412
73.3	0.01020458	-0.04145781
73.4	0.01097245	-0.04121129
73.5	0.01095465	-0.04120428
73.6	0.01025192	-0.04145727
73.7	0.01017191	-0.0415016
73.8	0.009745503	-0.04149295
73.9	0.009743878	-0.04149127
74	0.009721592	-0.04148959
74.1	0.009719564	-0.04148637
74.2	0.009669452	-0.04242632
74.3	0.009708884	-0.04160453
74.4	0.009747196	-0.04222676
74.5	0.009733511	-0.04260833
74.6	0.009746883	-0.0426183
74.7	0.009604785	-0.04248401
74.8	0.00966966	-0.04296392
74.9	0.009659259	-0.04300273
75	0.00891068	-0.04288137
75.1	0.008170388	-0.04290941
75.2	0.008173414	-0.0428964
75.3	0.008146315	-0.04273237
75.4	0.008244825	-0.04230706
75.5	0.008205059	-0.04235473
75.6	0.008036408	-0.04227042
75.7	0.008088638	-0.04217511
75.8	0.008138184	-0.04139294
75.9	0.008862647	-0.04117401
76	0.008179921	-0.03932292
76.1	0.008901949	-0.04010987
76.2	0.009647706	-0.03995118
76.3	0.009641512	-0.0397737
76.4	0.009580767	-0.03993399
76.5	0.01035329	-0.04031226
76.6	0.01040899	-0.04073844
76.7	0.01042697	-0.04110778
76.8	0.009678939	-0.04130093
76.9	0.009743507	-0.04134801
77	0.009600213	-0.04150352
77.1	0.01018821	-0.04187085
77.2	0.0103527	-0.0422341
77.3	0.009543991	-0.04298853
77.4	0.0106731	-0.04278522
77.5	0.0106504	-0.04312226
77.6	0.01052328	-0.04363452
77.7	0.009953401	-0.04395912
77.8	0.009938264	-0.04395981
77.9	0.009231824	-0.04390709
78	0.009144786	-0.04383105
78.1	0.009172206	-0.04347523
78.2	0.008995444	-0.04338465
78.3	0.009151417	-0.04328442
78.4	0.009050812	-0.04334567
78.5	0.009323158	-0.04388497
78.6	0.009221598	-0.04377301
78.7	0.009233865	-0.04372095
78.8	0.009204649	-0.04375365
78.9	0.009050256	-0.04342944
79	0.008911506	-0.0427801
79.1	0.008323249	-0.0425208
79.2	0.008252726	-0.04272724
79.3	0.008279699	-0.04302154
79.4	0.008850031	-0.04251028
79.5	0.009157802	-0.04242922
79.6	0.009150473	-0.04230604
79.7	0.009131681	-0.04226564
79.8	0.008697121	-0.04234473
79.9	0.008170863	-0.04229194
80	0.00793356	-0.04140308
80.1	0.008205846	-0.0411517
80.2	0.00810442	-0.04102563
80.3	0.007965901	-0.04055996
80.4	0.007949988	-0.04009636
80.5	0.008057312	-0.03954674
80.6	0.008265409	-0.03934504
80.7	0.008515132	-0.03927849
80.8	0.008047906	-0.0394277
80.9	0.007978364	-0.03932064
81	0.007986908	-0.03931972
81.1	0.007771999	-0.0388555
81.2	0.007713917	-0.03903284
81.3	0.007727128	-0.0392175
81.4	0.007667758	-0.03888727
81.5	0.007642323	-0.0386261
81.6	0.007888815	-0.03823755
81.7	0.006906893	-0.03754187
81.8	0.006439934	-0.03739871
81.9	0.006152246	-0.03705899
82	0.005858755	-0.0370269
82.1	0.005810677	-0.03656833
82.2	0.005975736	-0.03632081
82.3	0.005739877	-0.03639904
82.4	0.005783044	-0.03578259
82.5	0.005774355	-0.03544636
82.6	0.005673681	-0.03507597
82.7	0.005415389	-0.03474815
82.8	0.005723553	-0.03423439
82.9	0.005394628	-0.03397335
83	0.005553252	-0.03358763
83.1	0.005656418	-0.03381464
83.2	0.005651261	-0.03376169
83.3	0.005694859	-0.03416639
83.4	0.006147603	-0.03459808
83.5	0.006079675	-0.03471265
83.6	0.006067656	-0.03450613
83.7	0.005963854	-0.03429697
83.8	0.00601031	-0.03456835
83.9	0.006597846	-0.03492363
84	0.006081497	-0.03495794
84.1	0.00623169	-0.03486794
84.2	0.006175538	-0.03472871
84.3	0.006132795	-0.03435155
84.4	0.006197085	-0.03376032
84.5	0.006194984	-0.0335511
84.6	0.006177645	-0.03354651
84.7	0.006059576	-0.03370733
84.8	0.006186699	-0.0339265
84.9	0.006250148	-0.0341469
85	0.005770347	-0.03419743
85.1	0.006045906	-0.03434918
85.2	0.006034057	-0.03409131
85.3	0.006199422	-0.03423217
85.4	0.006298882	-0.03433959
85.5	0.00622531	-0.03436754
85.6	0.006412861	-0.03429927
85.7	0.006198308	-0.03452733
85.8	0.006191469	-0.0346683
85.9	0.006627003	-0.0349488
86	0.007366879	-0.03512312
86.1	0.008006887	-0.03482227
86.2	0.008220662	-0.03506247
86.3	0.008081976	-0.03516535
86.4	0.007723368	-0.03533171
86.5	0.008047388	-0.03504994
86.6	0.008099664	-0.03543316
86.7	0.00798219	-0.0352854
86.8	0.007752508	-0.03511699
86.9	0.007582833	-0.03495671
87	0.007640791	-0.03485784
87.1	0.007599007	-0.0348833
87.2	0.007295069	-0.03459452
87.3	0.007504937	-0.03461688
87.4	0.007603974	-0.03487364
87.5	0.007377549	-0.0349478
87.6	0.007357879	-0.03465649
87.7	0.006855128	-0.03470259
87.8	0.006559699	-0.03494786
87.9	0.006601566	-0.03495398
88	0.007492201	-0.03497478
88.1	0.007492125	-0.03513611
88.2	0.006834702	-0.03556164
88.3	0.00682381	-0.03644376
88.4	0.007467814	-0.03600579
88.5	0.007461344	-0.03595936
88.6	0.007595766	-0.03595971
88.7	0.007613691	-0.03607739
88.8	0.007872624	-0.03637174
88.9	0.007746286	-0.03627888
89	0.007499712	-0.03643019
89.1	0.007258526	-0.03643585
89.2	0.006589551	-0.03643415
89.3	0.006450808	-0.03569752
89.4	0.006138338	-0.03500259
89.5	0.006141823	-0.03491552
89.6	0.006487381	-0.03496485
89.7	0.006157744	-0.03593997
89.8	0.00603753	-0.03578131
89.9	0.006150554	-0.03601417
90	0.006536251	-0.036177
90.1	0.006698915	-0.03638666
90.2	0.007174558	-0.03625765
90.3	0.007472024	-0.03586904
90.4	0.007613456	-0.03577866
90.5	0.007609045	-0.03597325
90.6	0.007849396	-0.03598623
90.7	0.007537805	-0.03618965
90.8	0.007372799	-0.03639397
90.9	0.00718547	-0.03643319
91	0.00693161	-0.03680421
91.1	0.006922555	-0.03716312
91.2	0.007448075	-0.03731743
91.3	0.007679012	-0.03722285
91.4	0.007544636	-0.03683303
91.5	0.007562349	-0.03640532
91.6	0.00753286	-0.03581843
91.7	0.007627359	-0.03561946
91.8	0.007839381	-0.03580383
91.9	0.007991615	-0.03614047
92	0.008403979	-0.03656603
92.1	0.007955853	-0.03688626
92.2	0.007829441	-0.0364479
92.3	0.007755217	-0.03633737
92.4	0.007256833	-0.03639796
92.5	0.007256186	-0.03681226
92.6	0.007598011	-0.0368565
92.7	0.007502358	-0.03662729
92.8	0.007603712	-0.0365648
92.9	0.007771674	-0.03706509
93	0.007622034	-0.03667883
93.1	0.007588441	-0.03664487
93.2	0.007317609	-0.03696017
93.3	0.006861465	-0.03710369
93.4	0.00684189	-0.0370395
93.5	0.006893375	-0.03691482
93.6	0.007240607	-0.03716379
93.7	0.007192726	-0.03789294
93.8	0.007603567	-0.03827091
93.9	0.007903194	-0.03856334
94	0.008120035	-0.03886129
94.1	0.008061851	-0.03889965
94.2	0.008266402	-0.03865035
94.3	0.007948213	-0.0386045
94.4	0.008075714	-0.03852888
94.5	0.008105839	-0.03848327
94.6	0.008034041	-0.03841794
94.7	0.007948159	-0.03868193
94.8	0.007818915	-0.03835525
94.9	0.007825757	-0.03797756
95	0.007720124	-0.03791838
95.1	0.007740451	-0.03779707
95.2	0.007338066	-0.03734629
95.3	0.007517577	-0.03768069
95.4	0.007411746	-0.03756842
95.5	0.007988824	-0.03712744
95.6	0.00816189	-0.03714314
95.7	0.008099123	-0.0370009
95.8	0.008841583	-0.03628166
95.9	0.008167244	-0.03703103
96	0.008445673	-0.03647417
96.1	0.00792811	-0.03635154
96.2	0.008070963	-0.03665134
96.3	0.008124303	-0.03657748
96.4	0.00808073	-0.03616192
96.5	0.008015875	-0.03627251
96.6	0.008025568	-0.03619262
96.7	0.008156941	-0.03607471
96.8	0.008631292	-0.03591731
96.9	0.008631611	-0.03595343
97	0.008659511	-0.03602668
97.1	0.008164274	-0.03601446
97.2	0.007912261	-0.0359702
97.3	0.008145295	-0.03601796
97.4	0.008402893	-0.03581737
97.5	0.008437854	-0.03580114
97.6	0.008195383	-0.03567693
97.7	0.008041957	-0.03566457
97.8	0.007872031	-0.03556121
97.9	0.007566635	-0.03524183
98	0.007629364	-0.0349394
98.1	0.007425007	-0.03505851
98.2	0.007441737	-0.03507133
98.3	0.007487725	-0.03513646
98.4	0.007354759	-0.03508291
98.5	0.00754359	-0.03502782
98.6	0.008053635	-0.03475279
98.7	0.007456594	-0.03490574
98.8	0.007178444	-0.03486511
98.9	0.006842798	-0.03458929
99	0.006484618	-0.03470391
99.1	0.006468029	-0.03457272
99.2	0.00638509	-0.03438184
99.3	0.006429291	-0.03439037
99.4	0.006517626	-0.03443613
99.5	0.006129174	-0.03468786
99.6	0.005622122	-0.03474096
99.7	0.005475766	-0.03433955
99.8	0.004728842	-0.03441382
99.9	0.004559324	-0.0344329
100	0.004446069	-0.03417075
100.1	0.004142839	-0.03344469
100.2	0.004070487	-0.03336992
100.3	0.004102084	-0.03318995
100.4	0.00426722	-0.03297064
100.5	0.004016905	-0.03247148
100.6	0.003903669	-0.03213875
100.7	0.004052734	-0.03220657
100.8	0.003705335	-0.03202187
100.9	0.003804621	-0.03223733
101	0.003281726	-0.03253961
101.1	0.003544431	-0.03235316
101.2	0.00363825	-0.03226803
101.3	0.003622357	-0.0322847
101.4	0.003239004	-0.03246133
101.5	0.003068572	-0.03226641
101.6	0.003263497	-0.03221117
101.7	0.003792296	-0.03205035
101.8	0.00363513	-0.03217356
101.9	0.002826359	-0.03245766
102	0.00196738	-0.03298756
102.1	0.001731762	-0.03282625
102.2	0.001592813	-0.03239756
102.3	0.001584296	-0.03239441
102.4	0.001082514	-0.03329314
102.5	0.001128486	-0.03303737
102.6	0.00113225	-0.03307813
102.7	0.001217743	-0.03280886
102.8	0.001427785	-0.03289312
102.9	0.001384014	-0.03331758
103	0.001620672	-0.03325273
103.1	0.00165	-0.033564
103.2	0.001949001	-0.03396831
103.3	0.00158409	-0.03339803
103.4	0.00128564	-0.03284625
103.5	0.001292011	-0.03261414
103.6	0.001420301	-0.03270292
103.7	0.002197753	-0.03297773
103.8	0.00226062	-0.03324422
103.9	0.002093938	-0.03326742
104	0.002352892	-0.03338289
104.1	0.002269909	-0.03363234
104.2	0.002067774	-0.03403319
104.3	0.002238811	-0.03478973
104.4	0.001852669	-0.03489189
104.5	0.001820026	-0.03476768
104.6	0.001828936	-0.03454135
104.7	0.002131595	-0.03468206
104.8	0.001954613	-0.0347049
104.9	0.001832076	-0.03478932
105	0.002199542	-0.03482161
105.1	0.002279611	-0.03460227
105.2	0.002257296	-0.03458989
105.3	0.001516706	-0.03424172
105.4	0.001138018	-0.03428391
105.5	0.000713116	-0.03456253
105.6	0.000853544	-0.03435739
105.7	0.00111811	-0.03410229
105.8	0.001105234	-0.03384307
105.9	0.001473031	-0.03356474
106	0.001663641	-0.03349091
106.1	0.001294074	-0.03317156
106.2	0.001261564	-0.03305774
106.3	0.000997074	-0.03314009
106.4	0.000995036	-0.03329978
106.5	0.000471698	-0.03302747
106.6	0.000280416	-0.03320247
106.7	0.000432676	-0.03371308
106.8	0.000181233	-0.03362255
106.9	0.000289698	-0.033279
107	0.000305482	-0.03313807
107.1	0.000311855	-0.03302766
107.2	0.000311279	-0.03247403
107.3	0.000135758	-0.03195122
107.4	0.000297129	-0.03139622
107.5	0.00029288	-0.03133316
107.6	7.97566E-05	-0.03129992
107.7	6.79886E-05	-0.03146796
107.8	-0.000204319	-0.03146503
107.9	-0.00031008	-0.03157751
108	-0.000160762	-0.03182591
108.1	-5.0424E-05	-0.0317312
108.2	0.000161643	-0.03169537
108.3	0.000490464	-0.03170038
108.4	0.000781315	-0.03127933
108.5	0.000509055	-0.03105972
108.6	0.000591495	-0.0312613
108.7	0.00093481	-0.03126427
108.8	0.000454004	-0.03125586
108.9	0.000654533	-0.03123669
109	0.000662725	-0.03086487
109.1	0.000959863	-0.02922657
109.2	0.000946793	-0.02921858
109.3	0.000929972	-0.03045697
109.4	0.000905359	-0.02925955
109.5	0.001428721	-0.03060307
109.6	0.001639654	-0.02894106
109.7	0.00218027	-0.0263351
109.8	0.002219954	-0.02598777
109.9	0.002206676	-0.02621801
110	0.002391008	-0.02643599
110.1	0.002245027	-0.02691064
110.2	0.00231329	-0.02696968
110.3	0.002384048	-0.02701051
110.4	0.002113659	-0.02731365
110.5	0.002171073	-0.02696635
110.6	0.002198072	-0.02708739
110.7	0.001864004	-0.02729256
110.8	0.002029375	-0.02734281
110.9	0.002259683	-0.02752968
111	0.002313854	-0.02753694
111.1	0.002337079	-0.02729288
111.2	0.002294828	-0.02700308
111.3	0.001891822	-0.02726068
111.4	0.001816129	-0.02733025
111.5	0.001745172	-0.02730328
111.6	0.001734665	-0.02729564
111.7	0.001778385	-0.02732875
111.8	0.000928096	-0.0271004
111.9	0.000996743	-0.02665442
112	0.00080258	-0.02659443
112.1	0.000277932	-0.02738105
112.2	-8.32753E-05	-0.02721955
112.3	-0.001113715	-0.02812131
112.4	-1.02405E-05	-0.02751144
112.5	4.76695E-05	-0.02704238
112.6	5.29559E-05	-0.02692548
112.7	-0.000129739	-0.02626347
112.8	-8.69128E-05	-0.02607348
112.9	-0.00019444	-0.0256257
113	-0.000375744	-0.02575957
113.1	-0.000684258	-0.02582796
113.2	-0.000731834	-0.02593436
113.3	-0.000638302	-0.02598402
113.4	-0.000700372	-0.02634914
113.5	-0.000717169	-0.02633508
113.6	-0.000948209	-0.02655559
113.7	-0.001210942	-0.02645455
113.8	-0.001420949	-0.02640018
113.9	-0.001496252	-0.02658962
114	-0.001745513	-0.02724059
114.1	-0.00187491	-0.02774772
114.2	-0.002230558	-0.02790499
114.3	-0.002282932	-0.02839508
114.4	-0.002003592	-0.02813809
114.5	-0.002066194	-0.02798006
114.6	-0.002181443	-0.02791635
114.7	-0.002078492	-0.02747321
114.8	-0.002646868	-0.02739682
114.9	-0.002717383	-0.02757619
115	-0.002164706	-0.0280723
115.1	-0.002242708	-0.02799601
115.2	-0.002345477	-0.02772208
115.3	-0.00267558	-0.02760042
115.4	-0.003071822	-0.02745759
115.5	-0.003644111	-0.02699873
115.6	-0.003895653	-0.02683646
115.7	-0.003717978	-0.02682976
115.8	-0.003740163	-0.02681581
115.9	-0.003616352	-0.02750209
116	-0.003143479	-0.02754804
116.1	-0.003284793	-0.027424
116.2	-0.00356978	-0.02741258
116.3	-0.003595777	-0.02737351
116.4	-0.003693988	-0.02728678
116.5	-0.003664189	-0.02738389
116.6	-0.003758696	-0.0273568
116.7	-0.004125621	-0.02768222
116.8	-0.004065964	-0.02744695
116.9	-0.004108448	-0.02748811
117	-0.004479222	-0.02778996
117.1	-0.004402901	-0.02791904
117.2	-0.004567368	-0.02764723
117.3	-0.00471193	-0.02749566
117.4	-0.005071004	-0.02793854
117.5	-0.00672265	-0.02799095
117.6	-0.006679436	-0.02792289
117.7	-0.005960364	-0.02748633
117.8	-0.00494061	-0.02712971
117.9	-0.005008743	-0.02747534
118	-0.005107601	-0.02761815
118.1	-0.004507011	-0.02749859
118.2	-0.004577302	-0.0274925
118.3	-0.004858322	-0.02713187
118.4	-0.004823066	-0.02709172
118.5	-0.004829304	-0.02750318
118.6	-0.005081188	-0.0279299
118.7	-0.005134557	-0.02826603
118.8	-0.005143123	-0.02812499
118.9	-0.00513574	-0.02853593
119	-0.004659857	-0.02882137
119.1	-0.005240804	-0.02910062
119.2	-0.005370606	-0.02893484
119.3	-0.004672088	-0.02816123
119.4	-0.004615177	-0.02808711
119.5	-0.005005597	-0.02801815
119.6	-0.005131527	-0.0280022
119.7	-0.004937831	-0.02749625
119.8	-0.005147036	-0.02748018
119.9	-0.005231251	-0.02737747
120	-0.006401633	-0.02698614
120.1	-0.004756497	-0.02705018
120.2	-0.005204632	-0.02701667
120.3	-0.004219027	-0.02741179
120.4	-0.005200325	-0.02747254
120.5	-0.005179433	-0.02748448
120.6	-0.005970571	-0.0271957
120.7	-0.005219183	-0.02600123
120.8	-0.00507526	-0.02609823
120.9	-0.004656205	-0.02664998
121	-0.005171924	-0.02752024
121.1	-0.005170789	-0.0275199
121.2	-0.004919618	-0.02702205
121.3	-0.005194601	-0.02621361
121.4	-0.005215081	-0.02619521
121.5	-0.005054215	-0.02732269
121.6	-0.005200646	-0.02796481
121.7	-0.005212066	-0.02751329
121.8	-0.005171015	-0.0280387
121.9	-0.005291313	-0.0288412
122	-0.005291529	-0.02895477
122.1	-0.005773106	-0.02861722
122.2	-0.006589577	-0.0277918
122.3	-0.006567552	-0.02802568
122.4	-0.006676987	-0.02707354
122.5	-0.006702869	-0.02741191
122.6	-0.006720965	-0.02722572
122.7	-0.006805874	-0.02738628
122.8	-0.006986915	-0.02655838
122.9	-0.006725755	-0.02652118
123	-0.006716641	-0.02631693
123.1	-0.008065133	-0.02540229
123.2	-0.006925508	-0.02592095
123.3	-0.008108468	-0.025811
123.4	-0.008115561	-0.02564876
123.5	-0.008137298	-0.02634266
123.6	-0.008127102	-0.02651548
123.7	-0.008150217	-0.02623234
123.8	-0.00817968	-0.02601256
123.9	-0.008070771	-0.02568861
124	-0.00826431	-0.02595743
124.1	-0.008137295	-0.02596967
124.2	-0.008158275	-0.02624206
124.3	-0.008188718	-0.02639377
124.4	-0.008206454	-0.02642254
124.5	-0.008230623	-0.02604618
124.6	-0.008209661	-0.02592113
124.7	-0.008211342	-0.02595707
124.8	-0.008591989	-0.02591123
124.9	-0.008263401	-0.02593621
125	-0.008797287	-0.02612624
125.1	-0.009345166	-0.02652781
125.2	-0.009512204	-0.02708717
125.3	-0.009158669	-0.0273527
125.4	-0.009268949	-0.02763658
125.5	-0.009439649	-0.02813902
125.6	-0.009696199	-0.02806375
125.7	-0.009663673	-0.02883496
125.8	-0.009683586	-0.02886749
125.9	-0.01011828	-0.02890091
126	-0.01069541	-0.02887293
126.1	-0.01110181	-0.02857114
126.2	-0.01107204	-0.02833409
126.3	-0.01033651	-0.02796731
126.4	-0.01060032	-0.02761725
126.5	-0.01111443	-0.02747455
126.6	-0.01113325	-0.02725225
126.7	-0.01117634	-0.0272285
126.8	-0.0111111	-0.02728978
126.9	-0.01088551	-0.02735774
127	-0.009466578	-0.0271004
127.1	-0.01002344	-0.02737883
127.2	-0.01000355	-0.02723198
127.3	-0.0100475	-0.0273239
127.4	-0.010028	-0.02740083
127.5	-0.009747305	-0.02784143
127.6	-0.00949464	-0.02754956
127.7	-0.009944369	-0.02770505
127.8	-0.009988477	-0.02811263
127.9	-0.01009093	-0.02779205
128	-0.01107363	-0.02831435
128.1	-0.01119032	-0.02864633
128.2	-0.0112469	-0.02863388
128.3	-0.01124783	-0.0286588
128.4	-0.01146399	-0.02891214
128.5	-0.01221268	-0.02986586
128.6	-0.01298288	-0.03060914
128.7	-0.01308368	-0.0309851
128.8	-0.01326768	-0.03116829
128.9	-0.0135342	-0.0320434
129	-0.01448358	-0.03257288
129.1	-0.01447383	-0.03270316
129.2	-0.01412848	-0.03291549
129.3	-0.01421474	-0.0332286
129.4	-0.01415417	-0.03383536
129.5	-0.01437629	-0.0344343
129.6	-0.01400568	-0.03480637
129.7	-0.0140289	-0.03468689
129.8	-0.01354317	-0.03431822
129.9	-0.0135665	-0.03443286
130	-0.01362374	-0.03467742
130.1	-0.01296489	-0.03448266
130.2	-0.0129599	-0.03478649
130.3	-0.01284635	-0.03464995
130.4	-0.01261588	-0.03461993
130.5	-0.01264908	-0.03448873
130.6	-0.01256376	-0.03420351
130.7	-0.01280096	-0.03397811
130.8	-0.01278514	-0.03390039
130.9	-0.01277837	-0.03395098
131	-0.01290186	-0.03431564
131.1	-0.01335388	-0.03470943
131.2	-0.01327347	-0.0347653
131.3	-0.01340732	-0.03457775
131.4	-0.01428531	-0.03460932
131.5	-0.01467676	-0.03460188
131.6	-0.01491995	-0.03442051
131.7	-0.01460975	-0.03407927
131.8	-0.01479372	-0.03352811
131.9	-0.01492531	-0.03314756
132	-0.01501376	-0.03376708
132.1	-0.01508317	-0.03392477
132.2	-0.01427704	-0.03378268
132.3	-0.01424465	-0.03317588
132.4	-0.01419856	-0.03302922
132.5	-0.01415602	-0.03305005
132.6	-0.0139401	-0.03321029
132.7	-0.01362905	-0.0331319
132.8	-0.01366584	-0.03312429
132.9	-0.01303808	-0.03329074
133	-0.01292992	-0.03317345
133.1	-0.01293274	-0.03328095
133.2	-0.01286586	-0.03328616
133.3	-0.01219026	-0.0334943
133.4	-0.01147363	-0.03332038
133.5	-0.01178314	-0.03363316
133.6	-0.01157164	-0.03417861
133.7	-0.01148412	-0.03438866
133.8	-0.01152625	-0.03424971
133.9	-0.01128131	-0.03409007
134	-0.01129983	-0.03443446
134.1	-0.01147646	-0.03460056
134.2	-0.0115695	-0.03442638
134.3	-0.01157638	-0.03457281
134.4	-0.01140231	-0.03461481
134.5	-0.01147141	-0.03480661
134.6	-0.01152771	-0.03499723
134.7	-0.01171717	-0.03473226
134.8	-0.01163309	-0.03521019
134.9	-0.01159268	-0.03529913
135	-0.01154016	-0.03519485
135.1	-0.01154031	-0.03537566
135.2	-0.01155074	-0.03493479
135.3	-0.0115215	-0.03439674
135.4	-0.01167747	-0.03429909
135.5	-0.01147186	-0.03425391
135.6	-0.0109925	-0.03406491
135.7	-0.01095943	-0.03403427
135.8	-0.01073422	-0.03408346
135.9	-0.01044051	-0.03381521
136	-0.01007134	-0.03357185
136.1	-0.01013689	-0.0336547
136.2	-0.01045557	-0.03384314
136.3	-0.009652197	-0.03350426
136.4	-0.0096006	-0.03400585
136.5	-0.008260053	-0.03471079
136.6	-0.007108875	-0.03509241
136.7	-0.006738891	-0.0348964
136.8	-0.006404197	-0.03538568
136.9	-0.006873001	-0.03544589
137	-0.007155606	-0.03586633
137.1	-0.007631389	-0.03621164
137.2	-0.007291104	-0.03634171
137.3	-0.00733311	-0.03636824
137.4	-0.007105858	-0.03600204
137.5	-0.007445149	-0.03552796
137.6	-0.007454642	-0.03519059
137.7	-0.007515002	-0.03519073
137.8	-0.007658455	-0.03506702
137.9	-0.007938254	-0.03515232
138	-0.008414273	-0.03477567
138.1	-0.008381925	-0.03475111
138.2	-0.008341916	-0.03474343
138.3	-0.00852792	-0.03469257
138.4	-0.008731695	-0.03455309
138.5	-0.00891229	-0.03404247
138.6	-0.008460309	-0.03341964
138.7	-0.008549796	-0.03357512
138.8	-0.009003586	-0.03397186
138.9	-0.008795715	-0.03407962
139	-0.008991851	-0.03405497
139.1	-0.00911334	-0.03381146
139.2	-0.009324688	-0.03380844
139.3	-0.009827582	-0.03425568
139.4	-0.01030298	-0.03456197
139.5	-0.01047454	-0.03480643
139.6	-0.01046642	-0.03481658
139.7	-0.01069481	-0.03481501
139.8	-0.011017	-0.03494981
139.9	-0.01141967	-0.0351703
140	-0.01222196	-0.03509019
140.1	-0.01255236	-0.03487154
140.2	-0.01357875	-0.03499816
140.3	-0.01361725	-0.03552089
140.4	-0.01361362	-0.03550664
140.5	-0.01397618	-0.03556714
140.6	-0.01370568	-0.03555478
140.7	-0.01398552	-0.03552004
140.8	-0.01414674	-0.0350066
140.9	-0.01424091	-0.03490281
141	-0.01407021	-0.03488768
141.1	-0.0143156	-0.0350941
141.2	-0.01503515	-0.03554607
141.3	-0.01455272	-0.03597263
141.4	-0.01502258	-0.036118
141.5	-0.0153073	-0.03616208
141.6	-0.01532736	-0.03626274
141.7	-0.01533501	-0.03646672
141.8	-0.0155097	-0.03645653
141.9	-0.01563263	-0.03648309
142	-0.01557063	-0.03647984
142.1	-0.01577716	-0.03637738
142.2	-0.01591991	-0.03634014
142.3	-0.01562797	-0.03628125
142.4	-0.01624168	-0.03536045
142.5	-0.01623207	-0.03566648
142.6	-0.0166005	-0.03663191
142.7	-0.01700209	-0.03651439
142.8	-0.01734058	-0.03655406
142.9	-0.01732297	-0.03655275
143	-0.01707553	-0.03625619
143.1	-0.01687429	-0.03625637
143.2	-0.01707723	-0.03645241
143.3	-0.01704885	-0.03614556
143.4	-0.01718352	-0.03608621
143.5	-0.01713732	-0.03538567
143.6	-0.01717578	-0.03518627
143.7	-0.0171958	-0.03511587
143.8	-0.01704107	-0.03478462
143.9	-0.01633449	-0.03452517
144	-0.01605606	-0.03433955
144.1	-0.0154992	-0.03359707
144.2	-0.01531358	-0.03350426
144.3	-0.01531358	-0.03350426
144.4	-0.01552473	-0.03342463
144.5	-0.01534958	-0.0334577
144.6	-0.01531823	-0.03355191
144.7	-0.01540639	-0.03276179
144.8	-0.01523151	-0.03289319
144.9	-0.0148675	-0.03282026
145	-0.01453338	-0.03277462
145.1	-0.01454042	-0.03293373
145.2	-0.01428924	-0.03312769
145.3	-0.01431333	-0.03313431
145.4	-0.01427346	-0.03317734
145.5	-0.01389591	-0.0334964
145.6	-0.01365023	-0.03360454
145.7	-0.01340322	-0.03357122
145.8	-0.0136608	-0.03337736
145.9	-0.01418288	-0.03281679
146	-0.01441309	-0.03264825
146.1	-0.01410405	-0.03247029
146.2	-0.01379851	-0.03231007
146.3	-0.01411329	-0.03272197
146.4	-0.01427294	-0.03262501
146.5	-0.01435591	-0.03197486
146.6	-0.01392234	-0.03214944
146.7	-0.01376379	-0.03205751
146.8	-0.01341879	-0.03049991
146.9	-0.0132457	-0.03164191
147	-0.01305303	-0.03126329
147.1	-0.01334857	-0.0310226
147.2	-0.01354682	-0.03070226
147.3	-0.01371427	-0.0295317
147.4	-0.01424829	-0.03050092
147.5	-0.01446523	-0.03054409
147.6	-0.01424785	-0.03055068
147.7	-0.01367737	-0.02950947
147.8	-0.01340666	-0.02945697
147.9	-0.01337191	-0.03064785
148	-0.01369955	-0.02946863
148.1	-0.01385842	-0.02972416
148.2	-0.01378595	-0.02994441
148.3	-0.01396323	-0.03001432
148.4	-0.01418004	-0.03090205
148.5	-0.01436258	-0.03105611
148.6	-0.01457291	-0.03106644
148.7	-0.01438622	-0.02932309
148.8	-0.01438604	-0.0288246
148.9	-0.01482964	-0.02976845
149	-0.01560903	-0.02973875
149.1	-0.01584556	-0.02958634
149.2	-0.0159864	-0.02961515
149.3	-0.01589852	-0.02988498
149.4	-0.0160329	-0.0289097
149.5	-0.01598858	-0.02972319
149.6	-0.0159897	-0.02930558
149.7	-0.01592451	-0.02913437
149.8	-0.01574174	-0.02940378
149.9	-0.01576608	-0.02942927
150	-0.01577763	-0.02969907
150.1	-0.01613388	-0.02973059
150.2	-0.01587861	-0.02970256
150.3	-0.01586724	-0.02957934
150.4	-0.01611654	-0.02948086
150.5	-0.01609072	-0.02989965
150.6	-0.01609162	-0.0299655
150.7	-0.01553842	-0.02981281
150.8	-0.01519842	-0.02958683
150.9	-0.01556812	-0.03005685
151	-0.01583051	-0.030496
151.1	-0.01584505	-0.03059686
151.2	-0.01579401	-0.03071595
151.3	-0.01574048	-0.03114645
151.4	-0.01590352	-0.03109321
151.5	-0.01601322	-0.03097907
151.6	-0.01679088	-0.03087264
151.7	-0.01698415	-0.03062716
151.8	-0.01652011	-0.02988469
151.9	-0.01661292	-0.03053435
152	-0.0165208	-0.03063785
152.1	-0.01640271	-0.03055289
152.2	-0.01634059	-0.03064066
152.3	-0.01648161	-0.03067552
152.4	-0.0166715	-0.03087144
152.5	-0.01673673	-0.03054662
152.6	-0.01687337	-0.03055141
152.7	-0.01732368	-0.03052277
152.8	-0.01754448	-0.03076461
152.9	-0.01731473	-0.03156419
153	-0.01702094	-0.03141616
153.1	-0.01733174	-0.03173122
153.2	-0.01749883	-0.03135431
153.3	-0.01736269	-0.03117024
153.4	-0.01706746	-0.03151878
153.5	-0.01734246	-0.03124206
153.6	-0.0176208	-0.03118278
153.7	-0.01764133	-0.03130037
153.8	-0.01744545	-0.03113323
153.9	-0.01755953	-0.0309216
154	-0.0175415	-0.03070368
154.1	-0.0174412	-0.03104179
154.2	-0.01711666	-0.03053899
154.3	-0.01708874	-0.03090273
154.4	-0.01692869	-0.03090519
154.5	-0.0167463	-0.03066078
154.6	-0.01711879	-0.03045231
154.7	-0.0168023	-0.03092708
154.8	-0.01714466	-0.03137182
154.9	-0.01726258	-0.03127683
155	-0.01672065	-0.03136589
155.1	-0.01666514	-0.03165787
155.2	-0.01643311	-0.03198503
155.3	-0.01633449	-0.03211212
155.4	-0.01531358	-0.03081278
155.5	-0.01540639	-0.03081278
155.6	-0.01540639	-0.03025593
155.7	-0.01559201	-0.03081278
155.8	-0.01605606	-0.03025593
155.9	-0.01633449	-0.03044155
156	-0.01620399	-0.0305385
156.1	-0.01614246	-0.03050132
156.2	-0.01701978	-0.03191381
156.3	-0.01711166	-0.03168715
156.4	-0.01517076	-0.02942748
156.5	-0.01494234	-0.02923502
156.6	-0.01457111	-0.02886378
156.7	-0.01651651	-0.03108478
156.8	-0.01482232	-0.02847707
156.9	-0.01522077	-0.02914221
157	-0.01718075	-0.03071616
157.1	-0.01577763	-0.0299775
157.2	-0.0154992	-0.03016312
157.3	-0.01522234	-0.03034925
157.4	-0.01563204	-0.0306134
157.5	-0.01570344	-0.03051859
157.6	-0.01602974	-0.03185469
157.7	-0.01603975	-0.03191143
157.8	-0.01558494	-0.02981469
157.9	-0.01512796	-0.02951345
158	-0.01546016	-0.02989751
158.1	-0.01565839	-0.02996636
158.2	-0.01566652	-0.03244204
158.3	-0.01677985	-0.03046175
158.4	-0.01551055	-0.03209211
158.5	-0.01676846	-0.02934821
158.6	-0.01686426	-0.02904831
158.7	-0.01731366	-0.02912076
158.8	-0.01763408	-0.02898936
158.9	-0.01541181	-0.03079274
159	-0.01763933	-0.0289678
159.1	-0.01731989	-0.02883425
159.2	-0.01778556	-0.02880039
159.3	-0.01800494	-0.02835396
159.4	-0.01568237	-0.0299746
159.5	-0.01566891	-0.03014547
159.6	-0.01578328	-0.02988484
159.7	-0.01597048	-0.02974055
159.8	-0.01566336	-0.02967171
159.9	-0.01569696	-0.02980759
160	-0.01817496	-0.02963116
160.1	-0.01619797	-0.03015619
160.2	-0.01875645	-0.02913408
160.3	-0.01912533	-0.02914837
160.4	-0.01909319	-0.02937651
160.5	-0.01932468	-0.02918808
160.6	-0.01909913	-0.0292031
160.7	-0.01933315	-0.02917453
160.8	-0.01935905	-0.02910318
160.9	-0.01624168	-0.03025593
161	-0.01614887	-0.02979188
161.1	-0.0164273	-0.02942064
161.2	-0.0164273	-0.02942064
161.3	-0.0164189	-0.02936805
161.4	-0.01639654	-0.02915837
161.5	-0.01904162	-0.02949681
161.6	-0.01890283	-0.02897198
161.7	-0.01643796	-0.0290953
161.8	-0.01670573	-0.02951345
161.9	-0.01724733	-0.02863767
162	-0.01785181	-0.02850653
162.1	-0.01756309	-0.02845353
162.2	-0.01780841	-0.02786928
162.3	-0.01794716	-0.02794157
162.4	-0.01826341	-0.02800495
162.5	-0.01823607	-0.0278946
162.6	-0.01824384	-0.02808631
162.7	-0.01819987	-0.02796822
162.8	-0.01818787	-0.02793373
162.9	-0.01813624	-0.02807304
163	-0.01800404	-0.02793979
163.1	-0.01796733	-0.02812411
163.2	-0.01798365	-0.02815724
163.3	-0.0178132	-0.02869954
163.4	-0.0176439	-0.02911882
163.5	-0.01737252	-0.02952352
163.6	-0.01715757	-0.02937436
163.7	-0.01678603	-0.02955114
163.8	-0.01681606	-0.02994489
163.9	-0.01721904	-0.03019715
164	-0.01720814	-0.03020307
164.1	-0.01877009	-0.02988713
164.2	-0.01865198	-0.03010796
164.3	-0.01857165	-0.0301718
164.4	-0.01880436	-0.03019885
164.5	-0.01865931	-0.03052249
164.6	-0.01854216	-0.03081518
164.7	-0.01819254	-0.03081985
164.8	-0.0182308	-0.03057711
164.9	-0.01466504	-0.0303047
165	-0.01803548	-0.03052105
165.1	-0.01802549	-0.03057657
165.2	-0.01804868	-0.03052071
165.3	-0.01803383	-0.03039125
165.4	-0.01789702	-0.03008708
165.5	-0.01552054	-0.0302014
165.6	-0.01596098	-0.03015879
165.7	-0.01584628	-0.03015853
165.8	-0.01574048	-0.0300028
165.9	-0.01600979	-0.03042568
166	-0.01606761	-0.03066303
166.1	-0.01575808	-0.03088939
166.2	-0.01572112	-0.03059997
166.3	-0.01781944	-0.02821412
166.4	-0.01543842	-0.03002389
166.5	-0.01542671	-0.02973351
166.6	-0.01577731	-0.02961097
166.7	-0.0159519	-0.02999358
166.8	-0.01605208	-0.02977997
166.9	-0.01605856	-0.0296924
167	-0.01615371	-0.02968847
167.1	-0.015969	-0.02958424
167.2	-0.01615886	-0.02992685
167.3	-0.01612382	-0.02985147
167.4	-0.01653904	-0.02955684
167.5	-0.01663916	-0.02950934
167.6	-0.01668694	-0.02991952
167.7	-0.01653785	-0.02992746
167.8	-0.01649963	-0.03013754
167.9	-0.01657648	-0.02966594
168	-0.01670286	-0.02977289
168.1	-0.01695581	-0.02969377
168.2	-0.01708783	-0.03003027
168.3	-0.01719869	-0.03004895
168.4	-0.01712836	-0.02986015
168.5	-0.01733421	-0.03016009
168.6	-0.01744984	-0.03018874
168.7	-0.01773176	-0.02995586
168.8	-0.01832424	-0.02954411
168.9	-0.0185172	-0.02957919
169	-0.01845407	-0.02984628
169.1	-0.01818189	-0.03051977
169.2	-0.01817429	-0.03059349
169.3	-0.01783672	-0.03046919
169.4	-0.01761267	-0.02987345
169.5	-0.01743512	-0.0296624
169.6	-0.01728351	-0.02990293
169.7	-0.01698894	-0.02964524
169.8	-0.01661989	-0.02972906
169.9	-0.01597198	-0.03007422
170	-0.01586904	-0.02975964
170.1	-0.01605451	-0.02889938
170.2	-0.01588193	-0.02903049
170.3	-0.01626038	-0.02900817
170.4	-0.01665883	-0.02908565
170.5	-0.01679633	-0.02884038
170.6	-0.01682432	-0.02888571
170.7	-0.01685805	-0.02901332
170.8	-0.01697868	-0.02906724
170.9	-0.01718102	-0.02902942
171	-0.01727528	-0.02896597
171.1	-0.01733237	-0.02926138
171.2	-0.01741436	-0.02923424
171.3	-0.01738428	-0.02920003
171.4	-0.01719645	-0.02907213
171.5	-0.0169697	-0.02901189
171.6	-0.01698777	-0.02886633
171.7	-0.01677263	-0.02864396
171.8	-0.01715297	-0.02851841
171.9	-0.01706309	-0.02848529
172	-0.01717248	-0.02860115
172.1	-0.01747393	-0.0290681
172.2	-0.01759733	-0.02865934
172.3	-0.01720915	-0.02862282
172.4	-0.01669618	-0.02876362
172.5	-0.01646136	-0.02879646
172.6	-0.01645124	-0.02864828
172.7	-0.01661788	-0.02891271
172.8	-0.01658737	-0.02866878
172.9	-0.0169798	-0.02861823
173	-0.0169903	-0.02856251
173.1	-0.01667866	-0.02828639
173.2	-0.01646504	-0.02853749
173.3	-0.01596639	-0.02912877
173.4	-0.01603746	-0.0291935
173.5	-0.01632385	-0.02906756
173.6	-0.01599651	-0.02890838
173.7	-0.01613904	-0.02913345
173.8	-0.01603843	-0.02888384
173.9	-0.01577383	-0.02876831
174	-0.01567742	-0.02850387
174.1	-0.01559284	-0.02847517
174.2	-0.01541662	-0.0280788
174.3	-0.01553201	-0.02795605
174.4	-0.01552479	-0.02738513
174.5	-0.01525361	-0.02767008
174.6	-0.01577159	-0.02768032
174.7	-0.01580395	-0.0278734
174.8	-0.01569837	-0.02789769
174.9	-0.01551605	-0.02744546
175	-0.01566136	-0.02739203
175.1	-0.01550606	-0.02724838
175.2	-0.01562572	-0.0273253
175.3	-0.01583442	-0.02710419
175.4	-0.01607988	-0.02685426
175.5	-0.01616897	-0.02656299
175.6	-0.01634966	-0.02666049
175.7	-0.01652565	-0.02616919
175.8	-0.01633823	-0.02575057
175.9	-0.01680462	-0.02500331
176	-0.01715868	-0.02478266
176.1	-0.01731874	-0.02542167
176.2	-0.01770603	-0.02550215
176.3	-0.01804136	-0.02556663
176.4	-0.01885735	-0.02501535
176.5	-0.01962963	-0.02475801
176.6	-0.02006353	-0.02433272
176.7	-0.01995705	-0.02466808
176.8	-0.01967434	-0.02436145
176.9	-0.01965612	-0.02422587
177	-0.01958505	-0.0239689
177.1	-0.01968573	-0.02394876
177.2	-0.0199534	-0.02391445
177.3	-0.02028847	-0.02391994
177.4	-0.0204199	-0.02465517
177.5	-0.02029184	-0.02572301
177.6	-0.02085252	-0.02687213
177.7	-0.01875472	-0.02945916
177.8	-0.01896089	-0.02942868
177.9	-0.01879848	-0.0294035
178	-0.01914913	-0.02977348
178.1	-0.01867817	-0.02855414
178.2	-0.01755715	-0.02845768
178.3	-0.01717193	-0.02823023
178.4	-0.01624175	-0.0277871
178.5	-0.01605748	-0.02806055
178.6	-0.01556175	-0.02827903
178.7	-0.01514095	-0.02813429
178.8	-0.01514888	-0.02825137
178.9	-0.01440052	-0.02867352
179	-0.0161827	-0.02911652
179.1	-0.0156715	-0.02881075
179.2	-0.01539979	-0.02857357
179.3	-0.01296386	-0.02795376
179.4	-0.01232817	-0.0275285
179.5	-0.01590399	-0.02861638
179.6	-0.01150839	-0.02775007
179.7	-0.01197244	-0.02830692
179.8	-0.01195495	-0.02832965
179.9	-0.01164404	-0.02827121
180	-0.0109032	-0.0282969
180.1	-0.01049922	-0.02831932
180.2	-0.01002537	-0.02834619
180.3	-0.01186948	-0.02827
180.4	-0.01197409	-0.02834623
180.5	-0.01231664	-0.02830037
180.6	-0.01271424	-0.02873294
180.7	-0.01305289	-0.02879536
180.8	-0.01310812	-0.02877489
180.9	-0.013498	-0.02868825
181	-0.01428717	-0.02830173
181.1	-0.01466811	-0.02830137
181.2	-0.01493893	-0.02786525
181.3	-0.01581553	-0.02757544
181.4	-0.01578374	-0.02751606
181.5	-0.01571283	-0.02822347
181.6	-0.01491164	-0.0282686
181.7	-0.01491091	-0.02783035
181.8	-0.01495646	-0.02792315
181.9	-0.01583336	-0.02826686
182	-0.01713395	-0.02781785
182.1	-0.01778506	-0.02801205
182.2	-0.01793666	-0.02752134
182.3	-0.01851312	-0.02713875
