0	0.06747257	-0.008631292
0.1	0.06725963	-0.008641694
0.2	0.06687204	-0.008963977
0.3	0.06694057	-0.008634414
0.4	0.06711987	-0.008332327
0.5	0.06747758	-0.008239869
0.6	0.06748598	-0.008064208
0.7	0.06753014	-0.007951094
0.8	0.06757407	-0.007861834
0.9	0.06751888	-0.007535736
1	0.06757391	-0.00765835
1.1	0.06748783	-0.007847738
1.2	0.06734385	-0.007858653
1.3	0.06734659	-0.007776416
1.4	0.06736484	-0.00786567
1.5	0.06752406	-0.008107044
1.6	0.06779147	-0.008034862
1.7	0.06817276	-0.00791957
1.8	0.06803633	-0.007528724
1.9	0.06767515	-0.007639617
2	0.06746423	-0.0073919
2.1	0.06771629	-0.007309837
2.2	0.06760147	-0.007127919
2.3	0.06714098	-0.006617226
2.4	0.06750414	-0.006667003
2.5	0.06750635	-0.006600838
2.6	0.06751514	-0.006162364
2.7	0.06747221	-0.005919928
2.8	0.0676483	-0.005790665
2.9	0.06776246	-0.005639995
3	0.06798559	-0.005598339
3.1	0.06744114	-0.005439751
3.2	0.06751497	-0.005580233
3.3	0.0674139	-0.005793003
3.4	0.0674892	-0.00566068
3.5	0.06757046	-0.005979955
3.6	0.06759656	-0.00548983
3.7	0.06725362	-0.005501351
3.8	0.06691589	-0.005691138
3.9	0.06650009	-0.006062672
4	0.06644416	-0.006029751
4.1	0.0666825	-0.006128522
4.2	0.06664906	-0.006098085
4.3	0.066677	-0.006377831
4.4	0.066754	-0.006193727
4.5	0.0666922	-0.006253886
4.6	0.06633751	-0.005829544
4.7	0.06609058	-0.005773995
4.8	0.06564139	-0.005851783
4.9	0.06556338	-0.005808681
5	0.06579139	-0.005515619
5.1	0.06584331	-0.005265589
5.2	0.06548442	-0.005388346
5.3	0.0653884	-0.005252738
5.4	0.06506687	-0.005766053
5.5	0.06494349	-0.005856017
5.6	0.06497315	-0.00571907
5.7	0.06449547	-0.005862898
5.8	0.0643842	-0.005602448
5.9	0.06446061	-0.005848631
6	0.06453227	-0.00615949
6.1	0.06478589	-0.006623106
6.2	0.06512002	-0.006852543
6.3	0.06488436	-0.00683055
6.4	0.06447246	-0.006936481
6.5	0.06519131	-0.006988479
6.6	0.06535497	-0.006930458
6.7	0.06501204	-0.006446374
6.8	0.06508726	-0.006257265
6.9	0.06509304	-0.006251989
7	0.06516415	-0.006283766
7.1	0.06506291	-0.006362777
7.2	0.06459796	-0.006250423
7.3	0.06460769	-0.006277115
7.4	0.06457146	-0.00664656
7.5	0.06462197	-0.006759771
7.6	0.06482411	-0.006334842
7.7	0.06494008	-0.006162095
7.8	0.06511253	-0.005947352
7.9	0.06487933	-0.005882606
8	0.06449861	-0.006157701
8.1	0.06436906	-0.005924757
8.2	0.06396876	-0.005898915
8.3	0.0639268	-0.005684727
8.4	0.06401166	-0.005626609
8.5	0.06395213	-0.00565503
8.6	0.06418954	-0.005532964
8.7	0.06448732	-0.005677258
8.8	0.06449633	-0.005519213
8.9	0.06448356	-0.005690387
9	0.06396692	-0.006116961
9.1	0.06396359	-0.005746221
9.2	0.06363736	-0.005971534
9.3	0.06345782	-0.006055323
9.4	0.06363331	-0.005617436
9.5	0.06391811	-0.005624775
9.6	0.06414289	-0.005670317
9.7	0.06397668	-0.005638329
9.8	0.06391904	-0.005453379
9.9	0.06357609	-0.005378857
10	0.06395417	-0.005148641
10.1	0.06375834	-0.004775119
10.2	0.06371625	-0.004365409
10.3	0.06365081	-0.004072123
10.4	0.06410933	-0.003893936
10.5	0.06394581	-0.003341145
10.6	0.06446392	-0.003945751
10.7	0.06401159	-0.004014955
10.8	0.06374249	-0.004035655
10.9	0.06376222	-0.003972204
11	0.0638907	-0.003957402
11.1	0.0636885	-0.00399326
11.2	0.06357371	-0.004103588
11.3	0.06319393	-0.004571981
11.4	0.06319797	-0.004362697
11.5	0.063233	-0.004668762
11.6	0.06356462	-0.004394503
11.7	0.0630763	-0.004119655
11.8	0.06292907	-0.003918003
11.9	0.06317347	-0.003855015
12	0.06311052	-0.003341145
12.1	0.06331367	-0.003523112
12.2	0.06387128	-0.003662111
12.3	0.06385634	-0.003587101
12.4	0.0636562	-0.003515322
12.5	0.06355166	-0.003826103
12.6	0.06329614	-0.003526764
12.7	0.06378336	-0.004540489
12.8	0.06404052	-0.004743833
12.9	0.06379687	-0.004772234
13	0.06372588	-0.004602675
13.1	0.06366738	-0.004269241
13.2	0.06450408	-0.004654255
13.3	0.06440986	-0.004733289
13.4	0.06441529	-0.00472939
13.5	0.06440916	-0.00507719
13.6	0.06439732	-0.004828183
13.7	0.06367644	-0.004751399
13.8	0.06364078	-0.003732097
13.9	0.06367186	-0.003748217
14	0.06439117	-0.003493985
14.1	0.063667	-0.003702138
14.2	0.06367878	-0.003686713
14.3	0.06366193	-0.003702138
14.4	0.06367488	-0.003647884
14.5	0.06365885	-0.00376247
14.6	0.06364418	-0.003665979
14.7	0.06367171	-0.00328415
14.8	0.06292157	-0.003647484
14.9	0.0629583	-0.003423145
15	0.06292644	-0.003611188
15.1	0.06368208	-0.003629331
15.2	0.06366516	-0.002878824
15.3	0.06363036	-0.002830519
15.4	0.0636534	-0.002558133
15.5	0.06394581	-0.001856192
15.6	0.06413143	-0.001299334
15.7	0.06403862	-0.001113715
15.8	0.06394581	-0.001670573
15.9	0.06394581	-0.001763382
16	0.06394581	-0.001577763
16.1	0.06394581	-0.001670573
16.2	0.063853	-0.001856192
16.3	0.06431705	-0.002505859
16.4	0.06366738	-0.002691478
16.5	0.06338895	-0.002784288
16.6	0.06348176	-0.003062716
16.7	0.06413143	-0.003526764
16.8	0.06413143	-0.003526764
16.9	0.06422424	-0.003341145
17	0.06452893	-0.003318014
17.1	0.0642232	-0.003311574
17.2	0.06298783	-0.002221128
17.3	0.06272203	-0.00235705
17.4	0.06272504	-0.002308271
17.5	0.06273602	-0.001898948
17.6	0.06275409	-0.002043854
17.7	0.06275682	-0.002059807
17.8	0.06275803	-0.002532771
17.9	0.06281658	-0.002526056
18	0.06377193	-0.003247145
18.1	0.06348056	-0.002915218
18.2	0.06328398	-0.002491688
18.3	0.06302434	-0.002332739
18.4	0.06346566	-0.002882232
18.5	0.0636466	-0.002732624
18.6	0.06394579	-0.002400944
18.7	0.06377956	-0.002578325
18.8	0.06393878	-0.002727571
18.9	0.06549131	-0.003139229
19	0.06496671	-0.003433955
19.1	0.0640632	-0.003505468
19.2	0.06318773	-0.003453875
19.3	0.06319703	-0.002987572
19.4	0.06296384	-0.003358114
19.5	0.06277098	-0.003644071
19.6	0.0627714	-0.003299827
19.7	0.06421654	-0.003010035
19.8	0.06275946	-0.003663777
19.9	0.06301883	-0.003659392
20	0.06350651	-0.003674284
20.1	0.06418385	-0.00396558
20.2	0.064226	-0.004757425
20.3	0.06423398	-0.004490783
20.4	0.06419606	-0.004513157
20.5	0.06420925	-0.003768026
20.6	0.06276258	-0.004487165
20.7	0.06272357	-0.004617511
20.8	0.06274575	-0.004117462
20.9	0.06351953	-0.00446136
21	0.06275265	-0.003995774
21.1	0.06237902	-0.003718042
21.2	0.06233314	-0.003615242
21.3	0.06239675	-0.003422514
21.4	0.06236797	-0.003403394
21.5	0.06236787	-0.00341625
21.6	0.06236678	-0.003422465
21.7	0.06273114	-0.003518614
21.8	0.06273122	-0.00338855
21.9	0.06273054	-0.003585841
22	0.06272915	-0.003643991
22.1	0.06238448	-0.003515758
22.2	0.06239841	-0.003494196
22.3	0.06227512	-0.003652968
22.4	0.06158402	-0.003061887
22.5	0.06126939	-0.002925297
22.6	0.06128009	-0.002754898
22.7	0.06126468	-0.002850023
22.8	0.06307829	-0.000964817
22.9	0.0612384	-0.002401098
23	0.06126699	-0.002178624
23.1	0.06125003	-0.002844551
23.2	0.06124556	-0.002837171
23.3	0.06124506	-0.001876182
23.4	0.06084977	-0.001178169
23.5	0.06123719	-0.001099791
23.6	0.06204613	-0.001123718
23.7	0.06366738	0.001206525
23.8	0.06227253	-0.001429984
23.9	0.06245417	-0.001131276
24	0.06276252	0.000755781
24.1	0.06269296	0.00075225
24.2	0.06273198	0.000683858
24.3	0.06162557	-0.001885546
24.4	0.06126643	-0.001754401
24.5	0.06050554	-0.001204611
24.6	0.06068759	-0.001116057
24.7	0.06037852	-0.001183582
24.8	0.06053646	-0.001351032
24.9	0.06071116	-0.001156666
25	0.06018091	-0.001225201
25.1	0.06041534	-0.001143971
25.2	0.060946	-0.001347975
25.3	0.06230941	0.000615056
25.4	0.06108976	-0.003045064
25.5	0.06100337	-0.002555239
25.6	0.06226105	0.000480462
25.7	0.05986219	-0.003341145
25.8	0.05967657	-0.003526764
25.9	0.05967189	-0.00352002
26	0.05930533	-0.003433955
26.1	0.05922457	-0.003887441
26.2	0.05948593	-0.004232736
26.3	0.05891339	-0.004364691
26.4	0.05947584	-0.004483922
26.5	0.05945897	-0.004984472
26.6	0.05969454	-0.004621627
26.7	0.0596951	-0.004797169
26.8	0.05967613	-0.004255384
26.9	0.06119546	-0.001723708
27	0.06060466	-0.004640479
27.1	0.06143995	-0.004918908
27.2	0.06143995	-0.004918908
27.3	0.06143995	-0.005568575
27.4	0.06153276	-0.006218243
27.5	0.0609759	-0.006218243
27.6	0.06125433	-0.005939814
27.7	0.06106871	-0.005847004
27.8	0.06153276	-0.005939814
27.9	0.06162557	-0.006032623
28	0.06181119	-0.005847004
28.1	0.06162557	-0.005197337
28.2	0.06088309	-0.005568575
28.3	0.06134714	-0.005754195
28.4	0.0609759	-0.005754195
28.5	0.06134714	-0.005754195
28.6	0.06060466	-0.005290147
28.7	0.06153276	-0.005197337
28.8	0.06088309	-0.005011718
28.9	0.06116152	-0.004640479
29	0.06125433	-0.005104527
29.1	0.06153276	-0.006125433
29.2	0.06125433	-0.006032623
29.3	0.06143995	-0.006125433
29.4	0.06143995	-0.006125433
29.5	0.06143995	-0.005290147
29.6	0.06171838	-0.005754195
29.7	0.06088309	-0.006032623
29.8	0.06069747	-0.005754195
29.9	0.06088309	-0.005568575
30	0.06069747	-0.005382956
30.1	0.06116152	-0.00454767
30.2	0.06153276	-0.005197337
30.3	0.06069747	-0.005939814
30.4	0.06134714	-0.005939814
30.5	0.06106871	-0.006218243
30.6	0.06125433	-0.006403862
30.7	0.06060466	-0.005754195
30.8	0.06088309	-0.005382956
30.9	0.06014061	-0.005475766
31	0.05939814	-0.006032623
31.1	0.05939814	-0.006218243
31.2	0.05939814	-0.006218243
31.3	0.06060466	-0.006589481
31.4	0.06069747	-0.007239148
31.5	0.06014061	-0.006960719
31.6	0.05995499	-0.008167244
31.7	0.06079028	-0.007981625
31.8	0.06041904	-0.007888815
31.9	0.06014061	-0.008167244
32	0.0600478	-0.008352863
32.1	0.05995499	-0.007703196
32.2	0.05993008	-0.007543828
32.3	0.05978196	-0.007042114
32.4	0.0599995	-0.00714978
32.5	0.05997266	-0.004433796
32.6	0.05966725	-0.004097155
32.7	0.0599303	-0.004112528
32.8	0.05997523	-0.004150561
32.9	0.0599488	-0.004149406
33	0.05993511	-0.004738085
33.1	0.0599469	-0.004892745
33.2	0.05985292	-0.004482927
33.3	0.0592319	-0.005002083
33.4	0.05909395	-0.00510502
33.5	0.0569735	-0.00675599
33.6	0.05696366	-0.005969344
33.7	0.05695034	-0.00583037
33.8	0.0588244	-0.003595916
33.9	0.05817717	-0.002747517
34	0.05797332	-0.002449829
34.1	0.05750421	-0.002392276
34.2	0.05507536	-0.004129098
34.3	0.05502089	-0.004032306
34.4	0.05468748	-0.002861336
34.5	0.05601511	-0.000858033
34.6	0.05623502	-0.00086458
34.7	0.05660176	-0.001040925
34.8	0.05676956	-0.001185793
34.9	0.05698967	-0.001155779
35	0.05584491	-0.002462496
35.1	0.05781046	-0.001957636
35.2	0.0572487	-0.003242039
35.3	0.05917436	-0.002172333
35.4	0.05784524	-0.004591343
35.5	0.05824317	-0.00457368
35.6	0.05886654	-0.004168165
35.7	0.06070772	-0.003169604
35.8	0.0606975	-0.003459942
35.9	0.0609557	-0.003896966
36	0.05877382	-0.005508799
36.1	0.05878544	-0.005498799
36.2	0.05855725	-0.006046943
36.3	0.06009829	-0.004568974
36.4	0.060045	-0.005242436
36.5	0.05821521	-0.00672734
36.6	0.05893409	-0.006403862
36.7	0.05949095	-0.005754195
36.8	0.05976938	-0.005661385
36.9	0.06032623	-0.005847004
37	0.0590269	-0.005011718
37.1	0.05884128	-0.00445486
37.2	0.05921252	-0.004826099
37.3	0.05865566	-0.004733289
37.4	0.05802339	-0.005101674
37.5	0.05793585	-0.004936392
37.6	0.05763476	-0.005754195
37.7	0.05812343	-0.005389459
37.8	0.05847546	-0.005583674
37.9	0.05955735	-0.005643114
38	0.05986668	-0.005558029
38.1	0.05985526	-0.005994483
38.2	0.06009637	-0.005823096
38.3	0.06032906	-0.005814539
38.4	0.0600731	-0.005810571
38.5	0.06011717	-0.005389154
38.6	0.06012143	-0.005415011
38.7	0.05992283	-0.005663537
38.8	0.05995169	-0.005975225
38.9	0.05979149	-0.005758006
39	0.05996138	-0.005940797
39.1	0.06011984	-0.005993516
39.2	0.06012673	-0.006057469
39.3	0.06018266	-0.006338524
39.4	0.06049414	-0.006305599
39.5	0.0607233	-0.006636913
39.6	0.06116152	-0.007517577
39.7	0.06125433	-0.007796006
39.8	0.06181119	-0.007610386
39.9	0.06171838	-0.007703196
40	0.06162557	-0.007703196
40.1	0.06199681	-0.007331958
40.2	0.06208962	-0.007053529
40.3	0.06208962	-0.006960719
40.4	0.06264647	-0.007053529
40.5	0.06357457	-0.007331958
40.6	0.06440986	-0.007146338
40.7	0.063853	-0.007517577
40.8	0.06357457	-0.007146338
40.9	0.06329614	-0.007888815
41	0.06236804	-0.007703196
41.1	0.06227523	-0.007796006
41.2	0.06208962	-0.008260053
41.3	0.06236804	-0.008260053
41.4	0.06218243	-0.007796006
41.5	0.06255366	-0.007331958
41.6	0.06218243	-0.007053529
41.7	0.06246085	-0.007517577
41.8	0.06227523	-0.007239148
41.9	0.06273928	-0.007053529
42	0.06283209	-0.007239148
42.1	0.06283209	-0.007424767
42.2	0.06255366	-0.008167244
42.3	0.06255366	-0.008352863
42.4	0.0629249	-0.008909721
42.5	0.0629249	-0.00900253
42.6	0.06236804	-0.008909721
42.7	0.06311052	-0.009745007
42.8	0.06283209	-0.008909721
42.9	0.06320333	-0.008724101
43	0.06311052	-0.009188149
43.1	0.06338895	-0.008816911
43.2	0.06357457	-0.009466578
43.3	0.06366738	-0.008816911
43.4	0.06357457	-0.008816911
43.5	0.06394581	-0.008445673
43.6	0.06366738	-0.008167244
43.7	0.06422424	-0.008631292
43.8	0.06413143	-0.008445673
43.9	0.06413143	-0.007888815
44	0.0648739	-0.008538482
44.1	0.06440986	-0.008260053
44.2	0.06413143	-0.008724101
44.3	0.06348176	-0.008909721
44.4	0.06301771	-0.009652197
44.5	0.06283209	-0.009466578
44.6	0.06329614	-0.008724101
44.7	0.06273928	-0.008538482
44.8	0.06255366	-0.008445673
44.9	0.06283209	-0.008538482
45	0.06246085	-0.008538482
45.1	0.06171838	-0.008167244
45.2	0.06171838	-0.008167244
45.3	0.06192751	-0.008170985
45.4	0.06192382	-0.008153155
45.5	0.06188927	-0.008605505
45.6	0.06253187	-0.008543519
45.7	0.06273415	-0.008954883
45.8	0.06252933	-0.008882179
45.9	0.06228675	-0.008633867
46	0.06218168	-0.008365596
46.1	0.06202039	-0.008106197
46.2	0.0618462	-0.007834919
46.3	0.06159744	-0.008114926
46.4	0.06173242	-0.008206199
46.5	0.0622995	-0.008086037
46.6	0.06252061	-0.007720134
46.7	0.06259852	-0.008000535
46.8	0.06259133	-0.008077813
46.9	0.06254805	-0.008025677
47	0.06181477	-0.007869502
47.1	0.06198251	-0.007782998
47.2	0.06199722	-0.007528586
47.3	0.06287899	-0.007042926
47.4	0.06293218	-0.006811954
47.5	0.06236802	-0.01015571
47.6	0.06240504	-0.01009228
47.7	0.06289848	-0.01011793
47.8	0.06337439	-0.009990648
47.9	0.06368759	-0.009781661
48	0.0636897	-0.01014679
48.1	0.06352884	-0.01032792
48.2	0.06328725	-0.01043492
48.3	0.06318934	-0.01042465
48.4	0.06326609	-0.01025392
48.5	0.06313127	-0.01040726
48.6	0.06323227	-0.01040726
48.7	0.06307688	-0.01040726
48.8	0.06313521	-0.01040726
48.9	0.06317978	-0.01040726
49	0.06311052	-0.01169401
49.1	0.06270272	-0.0119567
49.2	0.06260462	-0.01204309
49.3	0.06253057	-0.01203822
49.4	0.06217408	-0.01165284
49.5	0.06223142	-0.01204735
49.6	0.0626389	-0.01265454
49.7	0.06305866	-0.01268536
49.8	0.06266299	-0.01274438
49.9	0.06239813	-0.01248766
50	0.06237383	-0.01271703
50.1	0.06240792	-0.013069
50.2	0.06240118	-0.01306046
50.3	0.06301006	-0.01394677
50.4	0.06290011	-0.01470961
50.5	0.06306893	-0.01468481
50.6	0.06305919	-0.01429748
50.7	0.06301029	-0.01394611
50.8	0.06260209	-0.0142571
50.9	0.06242689	-0.01434898
51	0.06263313	-0.01465451
51.1	0.06248042	-0.01463091
51.2	0.06285588	-0.01445469
51.3	0.06315743	-0.01451209
51.4	0.06335515	-0.01450196
51.5	0.06308231	-0.01438647
51.6	0.06322467	-0.01411075
51.7	0.06293054	-0.0139008
51.8	0.06356151	-0.01414807
51.9	0.06368472	-0.01434718
52	0.06319827	-0.01454962
52.1	0.06348258	-0.01441726
52.2	0.06364795	-0.01445791
52.3	0.06346502	-0.01453529
52.4	0.0629597	-0.01516443
52.5	0.06244886	-0.01510467
52.6	0.06224004	-0.01492111
52.7	0.06206759	-0.0151339
52.8	0.06178742	-0.01531949
52.9	0.0617684	-0.01560393
53	0.06142767	-0.01576675
53.1	0.06059606	-0.01574242
53.2	0.06011657	-0.01610339
53.3	0.06000424	-0.01568143
53.4	0.05995407	-0.01593868
53.5	0.05951802	-0.01651931
53.6	0.0591672	-0.01630391
53.7	0.05898643	-0.01622185
53.8	0.05862009	-0.01579522
53.9	0.05847436	-0.0154759
54	0.05882401	-0.01536047
54.1	0.05883359	-0.01539725
54.2	0.05886324	-0.01544203
54.3	0.05885355	-0.01537227
54.4	0.05919771	-0.01538024
54.5	0.05920391	-0.01538285
54.6	0.0590392	-0.01538646
54.7	0.0579827	-0.0154372
54.8	0.05770363	-0.01531945
54.9	0.05704107	-0.01529413
55	0.05681147	-0.01535645
55.1	0.05660968	-0.01602621
55.2	0.05704986	-0.0160455
55.3	0.05723014	-0.01605873
55.4	0.05732859	-0.01640475
55.5	0.0576018	-0.01659056
55.6	0.05777854	-0.01642241
55.7	0.05780437	-0.01617054
55.8	0.05787071	-0.01586712
55.9	0.05845545	-0.01615929
56	0.05864667	-0.01620677
56.1	0.05891415	-0.01610758
56.2	0.05897909	-0.01619006
56.3	0.05913155	-0.01547766
56.4	0.05883611	-0.01544794
56.5	0.05847778	-0.01524681
56.6	0.05851178	-0.01522992
56.7	0.05861161	-0.01543195
56.8	0.05869422	-0.0155597
56.9	0.05861035	-0.01512312
57	0.05863177	-0.01513318
57.1	0.05814777	-0.0148286
57.2	0.05727919	-0.01509718
57.3	0.05733571	-0.01512082
57.4	0.05710557	-0.01538294
57.5	0.05711366	-0.01516147
57.6	0.05712428	-0.01499102
57.7	0.0569492	-0.01454446
57.8	0.05661213	-0.01439753
57.9	0.05616888	-0.0143745
58	0.05646276	-0.01403607
58.1	0.05645427	-0.01395812
58.2	0.05683231	-0.01404569
58.3	0.0570973	-0.0143713
58.4	0.05714553	-0.01438153
58.5	0.05769099	-0.0141965
58.6	0.05812998	-0.01402631
58.7	0.05888152	-0.01416752
58.8	0.05941472	-0.01418394
58.9	0.05941922	-0.0142648
59	0.05935453	-0.01419253
59.1	0.05924368	-0.01438369
59.2	0.05893676	-0.01468526
59.3	0.05943798	-0.01459236
59.4	0.0592094	-0.01458412
59.5	0.05910632	-0.01423055
59.6	0.05925841	-0.01384626
59.7	0.05934785	-0.01380331
59.8	0.05944472	-0.0141638
59.9	0.05988892	-0.01430105
60	0.05970756	-0.0143628
60.1	0.05969753	-0.01437041
60.2	0.05995549	-0.01436019
60.3	0.06003727	-0.01376591
60.4	0.06004581	-0.01386079
60.5	0.0594709	-0.01382029
60.6	0.05919254	-0.01368921
60.7	0.0596478	-0.01415456
60.8	0.05985502	-0.0140497
60.9	0.05993117	-0.01373291
61	0.06009014	-0.01301966
61.1	0.06021508	-0.01303478
61.2	0.0603455	-0.01299226
61.3	0.06031906	-0.01254931
61.4	0.06077928	-0.01226397
61.5	0.06105036	-0.0121585
61.6	0.06106473	-0.01198822
61.7	0.06152343	-0.01106902
61.8	0.0625877	-0.01122792
61.9	0.06293631	-0.01121294
62	0.06312781	-0.01133015
62.1	0.06354943	-0.01125513
62.2	0.06370789	-0.01117802
62.3	0.06440068	-0.01139119
62.4	0.06498748	-0.01147494
62.5	0.06529258	-0.01118443
62.6	0.0657566	-0.01087917
62.7	0.06562725	-0.01080043
62.8	0.06542574	-0.01052811
62.9	0.06426673	-0.010099
63	0.0636015	-0.01038696
63.1	0.06332691	-0.01032403
63.2	0.06327641	-0.01000003
63.3	0.06303876	-0.009835822
63.4	0.06297932	-0.01038897
63.5	0.06281395	-0.01005727
63.6	0.0627364	-0.01039548
63.7	0.06254105	-0.01048691
63.8	0.06206327	-0.01007893
63.9	0.06140053	-0.01011806
64	0.06118785	-0.01038532
64.1	0.06069719	-0.01026791
64.2	0.06025123	-0.009986281
64.3	0.0597161	-0.00976449
64.4	0.05926162	-0.01001884
64.5	0.0596804	-0.009742732
64.6	0.06011788	-0.009283313
64.7	0.06018916	-0.01001386
64.8	0.0602124	-0.01012066
64.9	0.05986789	-0.009907395
65	0.0595958	-0.009207033
65.1	0.05949638	-0.009169829
65.2	0.059639	-0.008965338
65.3	0.05978328	-0.00847739
65.4	0.05982702	-0.008438016
65.5	0.05989177	-0.008091817
65.6	0.05976236	-0.007905548
65.7	0.05979383	-0.007850702
65.8	0.05990547	-0.008055755
65.9	0.06003611	-0.008073771
66	0.06019115	-0.008196607
66.1	0.06030859	-0.00827149
66.2	0.05983257	-0.007821608
66.3	0.05988409	-0.007493221
66.4	0.05988368	-0.007535129
66.5	0.06022509	-0.007670258
66.6	0.060319	-0.007592598
66.7	0.06006827	-0.007102676
66.8	0.06003775	-0.006811855
66.9	0.05957844	-0.006805953
67	0.05965949	-0.006679319
67.1	0.0594912	-0.006321039
67.2	0.05951089	-0.006165372
67.3	0.05926484	-0.006474347
67.4	0.05892479	-0.00648663
67.5	0.0592565	-0.006961677
67.6	0.05911443	-0.006894578
67.7	0.05918486	-0.007136541
67.8	0.0595806	-0.007269682
67.9	0.05987223	-0.007609161
68	0.05987334	-0.007270649
68.1	0.05932208	-0.006865459
68.2	0.05926597	-0.006697279
68.3	0.05994142	-0.006588789
68.4	0.06041904	-0.006125433
68.5	0.05945224	-0.006396592
68.6	0.05983856	-0.00641738
68.7	0.05992446	-0.006616376
68.8	0.06013308	-0.007032574
68.9	0.0601815	-0.007305576
69	0.06009267	-0.007176341
69.1	0.0599943	-0.006858402
69.2	0.05989841	-0.006682956
69.3	0.05986392	-0.006942981
69.4	0.05965584	-0.007323736
69.5	0.05976514	-0.007707482
69.6	0.05988713	-0.007736847
69.7	0.05981056	-0.007614329
69.8	0.05949133	-0.00746453
69.9	0.05940563	-0.007478955
70	0.05939777	-0.007445715
70.1	0.0597672	-0.007356732
70.2	0.05957209	-0.007199446
70.3	0.05951373	-0.007019191
70.4	0.05966275	-0.00732603
70.5	0.05962101	-0.00730317
70.6	0.06005325	-0.007030946
70.7	0.05963815	-0.006862105
70.8	0.05948196	-0.006812661
70.9	0.05938019	-0.006988751
71	0.05977546	-0.006951557
71.1	0.05952993	-0.006636082
71.2	0.05920331	-0.00664858
71.3	0.05935671	-0.006601234
71.4	0.05948342	-0.006549187
71.5	0.05908369	-0.006296613
71.6	0.0595476	-0.006357322
71.7	0.05998371	-0.006463362
71.8	0.06010245	-0.0064183
71.9	0.06015546	-0.006553818
72	0.06036693	-0.007030765
72.1	0.06011511	-0.006882208
72.2	0.05996739	-0.006531183
72.3	0.05990093	-0.006979434
72.4	0.05985922	-0.006576382
72.5	0.05992839	-0.006563941
72.6	0.06020293	-0.007149642
72.7	0.0603802	-0.007570352
72.8	0.06047379	-0.007617825
72.9	0.06044868	-0.007816786
73	0.0597823	-0.008166753
73.1	0.05932161	-0.008462317
73.2	0.059197	-0.008240781
73.3	0.05918855	-0.008368179
73.4	0.05918112	-0.008219649
73.5	0.05889146	-0.007890975
73.6	0.05862102	-0.007951362
73.7	0.0586193	-0.008038341
73.8	0.05876766	-0.007801736
73.9	0.05898433	-0.007795789
74	0.05945114	-0.008051057
74.1	0.0597542	-0.008093343
74.2	0.06021996	-0.00820246
74.3	0.06028165	-0.008223055
74.4	0.05995296	-0.008551748
74.5	0.05986794	-0.00884813
74.6	0.0599729	-0.008902781
74.7	0.06001859	-0.009320215
74.8	0.06029391	-0.009199031
74.9	0.05995694	-0.009282552
75	0.05958705	-0.009129721
75.1	0.05945764	-0.009087066
75.2	0.0595308	-0.008942869
75.3	0.0594059	-0.00906859
75.4	0.05940184	-0.009254233
75.5	0.05954623	-0.009155788
75.6	0.05957741	-0.008742155
75.7	0.059731	-0.008019231
75.8	0.06028556	-0.00745904
75.9	0.06019414	-0.007059019
76	0.06025992	-0.006697722
76.1	0.06019293	-0.007023775
76.2	0.06027272	-0.007088668
76.3	0.0602969	-0.007023127
76.4	0.06070472	-0.00708172
76.5	0.06069708	-0.007053105
76.6	0.06052498	-0.007018778
76.7	0.06070723	-0.007434811
76.8	0.06084153	-0.007664003
76.9	0.06082656	-0.007790435
77	0.06068574	-0.008243224
77.1	0.06053018	-0.008660173
77.2	0.06004733	-0.008668028
77.3	0.0600447	-0.008658895
77.4	0.05990874	-0.0085959
77.5	0.05942396	-0.008610768
77.6	0.0592648	-0.008865941
77.7	0.05912331	-0.008810111
77.8	0.0593886	-0.008678255
77.9	0.05932222	-0.008759018
78	0.05885866	-0.009148781
78.1	0.05879883	-0.009383885
78.2	0.05846107	-0.009461663
78.3	0.05821037	-0.008805576
78.4	0.05824196	-0.008469783
78.5	0.05899322	-0.008391876
78.6	0.05899567	-0.008605069
78.7	0.05900324	-0.008903097
78.8	0.05937601	-0.009025997
78.9	0.05976305	-0.009056596
79	0.05969238	-0.008907278
79.1	0.05922208	-0.008489968
79.2	0.05901266	-0.008254308
79.3	0.05862065	-0.008365267
79.4	0.05862331	-0.007975718
79.5	0.05885074	-0.007979655
79.6	0.05876506	-0.007872835
79.7	0.05880347	-0.007631859
79.8	0.05917494	-0.007406575
79.9	0.05945929	-0.007323027
80	0.05922009	-0.00736536
80.1	0.05912776	-0.007094918
80.2	0.05968581	-0.006768578
80.3	0.0601494	-0.006257344
80.4	0.05986593	-0.006308353
80.5	0.05951775	-0.006099651
80.6	0.05953139	-0.006344062
80.7	0.05983707	-0.006166823
80.8	0.05985149	-0.005904713
80.9	0.06002777	-0.005829466
81	0.06022386	-0.005382626
81.1	0.05977884	-0.005053316
81.2	0.05941189	-0.005140064
81.3	0.05904338	-0.00503936
81.4	0.05892829	-0.005339917
81.5	0.05956389	-0.005216913
81.6	0.05983599	-0.005283376
81.7	0.05963294	-0.005255443
81.8	0.05882105	-0.005155412
81.9	0.05867105	-0.004980714
82	0.05816797	-0.004775054
82.1	0.05818704	-0.004750492
82.2	0.0578192	-0.004121076
82.3	0.05771207	-0.004064293
82.4	0.057807	-0.003812675
82.5	0.0574555	-0.003441338
82.6	0.05778626	-0.00323321
82.7	0.05807786	-0.003075287
82.8	0.05799495	-0.002495516
82.9	0.05822213	-0.002023542
83	0.05817477	-0.002058779
83.1	0.05808184	-0.002183278
83.2	0.05804854	-0.002406205
83.3	0.05811243	-0.002350566
83.4	0.0584383	-0.002418217
83.5	0.05884329	-0.002411936
83.6	0.05924503	-0.002015234
83.7	0.05960283	-0.001773708
83.8	0.05969899	-0.00211344
83.9	0.05932546	-0.002302367
84	0.0590325	-0.002731188
84.1	0.05868074	-0.002629336
84.2	0.05876975	-0.002589786
84.3	0.05868466	-0.002519424
84.4	0.05916181	-0.002130739
84.5	0.05888742	-0.002022046
84.6	0.05895344	-0.001870612
84.7	0.05896943	-0.0015618
84.8	0.05902794	-0.001483867
84.9	0.0586399	-0.001801095
85	0.05883117	-0.002032937
85.1	0.05896664	-0.001915197
85.2	0.05875717	-0.001922031
85.3	0.05918673	-0.001656403
85.4	0.0594251	-0.001810985
85.5	0.0594981	-0.002203102
85.6	0.05952296	-0.002248248
85.7	0.06004422	-0.002558827
85.8	0.06027207	-0.002751895
85.9	0.06037656	-0.002931182
86	0.06057264	-0.002792102
86.1	0.06115644	-0.002843745
86.2	0.06160592	-0.003357629
86.3	0.06170072	-0.00356662
86.4	0.06184799	-0.003497692
86.5	0.06182213	-0.00369803
86.6	0.06180985	-0.003488316
86.7	0.06185806	-0.003537522
86.8	0.06231947	-0.003795055
86.9	0.06255462	-0.003557179
87	0.06279957	-0.00336522
87.1	0.06286833	-0.003521581
87.2	0.06235837	-0.00407749
87.3	0.06240307	-0.004420654
87.4	0.06253673	-0.004587809
87.5	0.0624163	-0.004729308
87.6	0.06213489	-0.004289916
87.7	0.06236074	-0.004030257
87.8	0.0626408	-0.004035994
87.9	0.06269381	-0.003984342
88	0.06271648	-0.00398811
88.1	0.06258353	-0.004255282
88.2	0.06250132	-0.004029108
88.3	0.06305931	-0.003979554
88.4	0.06319322	-0.004424301
88.5	0.06305704	-0.004724055
88.6	0.0633856	-0.004740733
88.7	0.06402339	-0.004776808
88.8	0.06420921	-0.00439608
88.9	0.06398498	-0.003907337
89	0.06351989	-0.003920842
89.1	0.06360936	-0.003973513
89.2	0.06347864	-0.003983247
89.3	0.06346453	-0.003808786
89.4	0.06352099	-0.003760511
89.5	0.06362272	-0.003953843
89.6	0.06364273	-0.00345197
89.7	0.06348105	-0.003265635
89.8	0.06330655	-0.002924149
89.9	0.06340197	-0.003285301
90	0.06366618	-0.003515002
90.1	0.06371872	-0.003583882
90.2	0.06369139	-0.003673209
90.3	0.06367029	-0.003777569
90.4	0.06363595	-0.003795665
90.5	0.06307275	-0.003435061
90.6	0.06290307	-0.00370073
90.7	0.06224347	-0.003776803
90.8	0.06227231	-0.00327303
90.9	0.06266929	-0.003455651
91	0.06279337	-0.003060662
91.1	0.06279865	-0.00253855
91.2	0.06244145	-0.00249304
91.3	0.0623017	-0.002582847
91.4	0.0623132	-0.002580729
91.5	0.0615137	-0.002677732
91.6	0.0613199	-0.002593858
91.7	0.06086954	-0.002497679
91.8	0.06141886	-0.002017643
91.9	0.06135508	-0.002208045
92	0.06126674	-0.002296003
92.1	0.06103904	-0.002472542
92.2	0.06037729	-0.002496817
92.3	0.06008875	-0.002787423
92.4	0.06028698	-0.002823851
92.5	0.05994214	-0.003007797
92.6	0.06006593	-0.00298036
92.7	0.06038099	-0.00272219
92.8	0.06061657	-0.002381345
92.9	0.06041565	-0.002503553
93	0.06039954	-0.002641338
93.1	0.06029765	-0.002454237
93.2	0.06007229	-0.002572213
93.3	0.06024609	-0.002074297
93.4	0.05994919	-0.001859799
93.5	0.05985273	-0.001787738
93.6	0.05994409	-0.001842035
93.7	0.06007593	-0.001749086
93.8	0.06005059	-0.001736555
93.9	0.06020689	-0.001563554
94	0.06026072	-0.001789276
94.1	0.06018583	-0.001770172
94.2	0.06005207	-0.0018493
94.3	0.05980477	-0.00196623
94.4	0.05909978	-0.001939084
94.5	0.05916609	-0.001841618
94.6	0.0593608	-0.002167365
94.7	0.05917377	-0.002457233
94.8	0.05953508	-0.002424691
94.9	0.0597935	-0.002030625
95	0.0596576	-0.00219598
95.1	0.059756	-0.001980525
95.2	0.0598869	-0.001470331
95.3	0.06006163	-0.001557134
95.4	0.06013002	-0.001571284
95.5	0.06003548	-0.001547163
95.6	0.06007325	-0.001545582
95.7	0.06006924	-0.00155173
95.8	0.05997277	-0.001290038
95.9	0.05999445	-0.001124065
96	0.05996724	-0.000918783
96.1	0.06033334	-0.000706449
96.2	0.06039743	-0.00058344
96.3	0.06068015	-0.000838499
96.4	0.06066298	-0.001146921
96.5	0.06086244	-0.001009125
96.6	0.06085093	-0.000906347
96.7	0.06068409	-0.001129909
96.8	0.06074271	-0.001140433
96.9	0.06128736	-0.001420231
97	0.06127197	-0.001481483
97.1	0.06126822	-0.001397771
97.2	0.06129804	-0.001276526
97.3	0.06097788	-0.001446638
97.4	0.0605929	-0.001281983
97.5	0.06049831	-0.00111582
97.6	0.06064479	-0.001109516
97.7	0.06111205	-0.000889082
97.8	0.06061553	-0.001259037
97.9	0.06048839	-0.001510879
98	0.06038943	-0.0015931
98.1	0.06048247	-0.001621607
98.2	0.0605099	-0.00170153
98.3	0.06007836	-0.001398245
98.4	0.06004059	-0.001399634
98.5	0.06013387	-0.001247789
98.6	0.0601237	-0.001104455
98.7	0.06057031	-0.000968304
98.8	0.06086216	-0.000933235
98.9	0.06139537	-0.001606138
99	0.06131277	-0.001701521
99.1	0.06168082	-0.001863955
99.2	0.06174809	-0.00182492
99.3	0.06204596	-0.001918803
99.4	0.06227388	-0.001460885
99.5	0.06212449	-0.001020209
99.6	0.06245629	-0.000938561
99.7	0.06237299	-0.001117999
99.8	0.0621284	-0.001004979
99.9	0.06207879	-0.001005343
100	0.06157994	-0.00083837
100.1	0.06162919	-0.000811438
100.2	0.06182279	-0.001032642
100.3	0.06166095	-0.001032268
100.4	0.06176537	-0.001065588
100.5	0.06037977	-0.000391854
100.6	0.06018761	0.000182386
100.7	0.06327117	0.000184
100.8	0.0600478	0.000185619
100.9	0.06014061	-0.000464048
101	0.06032623	-0.000278429
101.1	0.05995499	-0.000649667
101.2	0.06069747	-0.000371238
101.3	0.06032623	-0.000742477
101.4	0.06047273	-0.000793456
101.5	0.06068063	-0.000827886
101.6	0.06033979	-0.000774119
101.7	0.06001628	-0.000302305
101.8	0.06021914	-9.26155E-05
101.9	0.06032656	-0.000404297
102	0.06009002	-0.000175266
102.1	0.05974389	-0.000128282
102.2	0.05921595	0.000175823
102.3	0.05920308	0.000328882
102.4	0.05911973	0.000170691
102.5	0.05897748	-8.58413E-05
102.6	0.05876761	-0.000369327
102.7	0.05873624	-0.000136671
102.8	0.059311	-0.000186974
102.9	0.05962192	-0.000288082
103	0.05964932	-0.000821168
103.1	0.05971713	-0.001415901
103.2	0.05963953	-0.00182043
103.3	0.05983306	-0.001808749
103.4	0.06006385	-0.001547738
103.5	0.06009283	-0.001268245
103.6	0.05993295	-0.001128423
103.7	0.06005342	-0.000894059
103.8	0.0599571	-0.001129309
103.9	0.06005171	-0.001175594
104	0.05970023	-0.000947459
104.1	0.05976132	-0.00128743
104.2	0.05943705	-0.000897272
104.3	0.0597833	-0.000719519
104.4	0.06004052	-0.000904302
104.5	0.05999513	-2.01121E-05
104.6	0.05989435	0.000202432
104.7	0.05940185	0.000602705
104.8	0.05942579	0.000569367
104.9	0.05976614	0.000895228
105	0.059607	0.000684936
105.1	0.05954288	0.000527766
105.2	0.05986817	0.000156335
105.3	0.0595926	0.00066212
105.4	0.05964025	0.000761265
105.5	0.05946564	0.000704948
105.6	0.05962293	0.00040226
105.7	0.06013865	0.0003572
105.8	0.06068378	0.000263965
105.9	0.06108049	-0.000118837
106	0.0608044	-0.000408176
106.1	0.06069724	-0.000144293
106.2	0.06063564	-8.74999E-05
106.3	0.06107661	-9.18562E-05
106.4	0.06134312	1.97555E-05
106.5	0.06097231	-0.000107184
106.6	0.06078842	3.52906E-05
106.7	0.0610617	0.000560884
106.8	0.06108421	-0.000307784
106.9	0.06048454	-0.000738006
107	0.06036594	-0.000708007
107.1	0.06044617	-0.000757613
107.2	0.0602331	-0.000730746
107.3	0.06002773	-0.000280929
107.4	0.05973502	-5.29596E-05
107.5	0.05913922	0.000431395
107.6	0.05862211	6.49563E-05
107.7	0.05863522	-0.000504404
107.8	0.05938337	0.003009434
107.9	0.05803763	-0.000711202
108	0.05793056	-0.000682081
108.1	0.05806399	-0.000625591
108.2	0.05821571	-0.000518491
108.3	0.05807996	-0.00064051
108.4	0.05862906	-0.00066295
108.5	0.05856081	-0.001384154
108.6	0.05823849	-0.00147218
108.7	0.05753899	-0.001676724
108.8	0.05732868	-0.001671355
108.9	0.05736747	-0.001690197
109	0.05714171	-0.001659572
109.1	0.05679777	-0.002232194
109.2	0.0567159	-0.002254825
109.3	0.05682786	-0.002264037
109.4	0.05683238	-0.002176605
109.5	0.05703958	-0.002228871
109.6	0.05753284	-0.002582599
109.7	0.05764167	-0.002823063
109.8	0.05790773	-0.003492766
109.9	0.05825887	-0.003571364
110	0.05860519	-0.003308617
110.1	0.05854056	-0.003170097
110.2	0.05846367	-0.002933639
110.3	0.05799182	-0.002573839
110.4	0.05750833	-0.002716861
110.5	0.05749089	-9.70123E-05
110.6	0.05784861	-0.002289886
110.7	0.05775804	-0.002271683
110.8	0.05728013	-0.002114372
110.9	0.0569086	-0.002179597
111	0.05701573	-0.002457155
111.1	0.05733684	-0.002500082
111.2	0.05750389	-0.002709841
111.3	0.05760732	-0.00268727
111.4	0.05757181	-0.002711219
111.5	0.05739892	-0.003044699
111.6	0.05760462	-0.002628315
111.7	0.05805647	-0.002655116
111.8	0.05811751	-0.002715977
111.9	0.05839125	-0.002520127
112	0.05855536	-0.002918331
112.1	0.05866087	-0.003092526
112.2	0.05660802	0.000538205
112.3	0.05887204	-0.003029545
112.4	0.05889611	-0.00314879
112.5	0.05663912	0.000139089
112.6	0.05176048	0.000000
112.7	0.05995499	-0.003712384
112.8	0.06012171	-0.003695796
112.9	0.06014061	-0.004176432
113	0.05988053	-0.00380393
113.1	0.05968491	-0.003884174
113.2	0.05938031	-0.003953142
113.3	0.0592359	-0.003803681
113.4	0.05911581	-0.003549552
113.5	0.05891084	-0.003333265
113.6	0.05816135	-0.002993506
113.7	0.05817436	-0.002952339
113.8	0.0580781	-0.002970558
113.9	0.05805578	-0.003641623
114	0.05805275	-0.003234299
114.1	0.05809286	-0.002945266
114.2	0.05817456	-0.00340499
114.3	0.0583668	-0.003473817
114.4	0.05863184	-0.003188681
114.5	0.05868215	-0.003061919
114.6	0.05854972	-0.002846449
114.7	0.05885256	-0.002928842
114.8	0.05876656	-0.002937962
114.9	0.05897772	-0.002709216
115	0.05925018	-0.002870994
115.1	0.05936268	-0.002815126
115.2	0.05919206	-0.003126757
115.3	0.05932617	-0.003287142
115.4	0.05919343	-0.00312134
115.5	0.05875896	-0.002921945
115.6	0.05798172	-0.00302224
115.7	0.05784111	-0.003056368
115.8	0.05786515	-0.002978465
115.9	0.05744046	-0.002755513
116	0.05761162	-0.002819178
116.1	0.05768018	-0.002972964
116.2	0.05704999	-0.002813235
116.3	0.05656685	-0.002594356
116.4	0.05622424	-0.002650664
116.5	0.05614901	-0.003105238
116.6	0.05581382	-0.003567436
116.7	0.05576354	-0.004042867
116.8	0.05576426	-0.004533468
116.9	0.05559165	-0.004459037
117	0.05553326	-0.004131131
117.1	0.05568039	-0.003666439
117.2	0.05513987	-0.003535248
117.3	0.05490556	-0.003455664
117.4	0.0550218	-0.003658118
117.5	0.054906	-0.003771813
117.6	0.05475235	-0.004177333
117.7	0.05421891	-0.004354966
117.8	0.05480147	-0.004567969
117.9	0.0550763	-0.00471813
118	0.05519236	-0.004368901
118.1	0.05480545	-0.003918348
118.2	0.05431695	-0.004117963
118.3	0.05424312	-0.004294767
118.4	0.05398102	-0.004389235
118.5	0.05380467	-0.004563575
118.6	0.05366229	-0.004669534
118.7	0.05344481	-0.004265607
118.8	0.05345651	-0.004164993
118.9	0.05358083	-0.004296428
119	0.05355595	-0.004295428
119.1	0.05374487	-0.004249455
119.2	0.05400394	-0.004179569
119.3	0.05399655	-0.00430276
119.4	0.05417367	-0.00413354
119.5	0.05355113	-0.003341145
119.6	0.05472439	-0.003519195
119.7	0.05503061	-0.003714005
119.8	0.05500992	-0.004252166
119.9	0.05496328	-0.004277653
120	0.05503103	-0.003640323
120.1	0.05541901	-0.003746443
120.2	0.05560422	-0.004282916
120.3	0.05576152	-0.004134404
120.4	0.05635392	-0.003918605
120.5	0.05669587	-0.003712523
120.6	0.05666576	-0.003789416
120.7	0.05661739	-0.004245397
120.8	0.05678489	-0.004531292
120.9	0.05676372	-0.00454619
121	0.05671274	-0.004845096
121.1	0.05699972	-0.005277577
121.2	0.05726593	-0.0058208
121.3	0.05654105	-0.005890877
121.4	0.05623605	-0.005711685
121.5	0.05642823	-0.005290147
121.6	0.0566461	-0.005682523
121.7	0.05691218	-0.005863374
121.8	0.05739299	-0.005823903
121.9	0.05748987	-0.005758881
122	0.05772334	-0.005286524
122.1	0.05781376	-0.005072364
122.2	0.05805335	-0.004946149
122.3	0.05828978	-0.004907618
122.4	0.05868541	-0.004893764
122.5	0.05839642	-0.004461331
122.6	0.05875547	-0.004209267
122.7	0.05842354	-0.003978216
122.8	0.05819011	-0.003798632
122.9	0.05802621	-0.003415587
123	0.05856285	-0.003155526
123.1	0.05823229	-0.003307876
123.2	0.05815223	-0.003272979
123.3	0.05817666	-0.002711656
123.4	0.05811068	-0.002671903
123.5	0.05810386	-0.002766577
123.6	0.05820819	-0.002860988
123.7	0.05857668	-0.002712694
123.8	0.0585923	-0.002956457
123.9	0.05866167	-0.003263835
124	0.05861247	-0.002776708
124.1	0.05818221	-0.002805364
124.2	0.05817712	-0.002972858
124.3	0.05816717	-0.002970681
124.4	0.05798468	-0.003362646
124.5	0.05776573	-0.003423627
124.6	0.05768314	-0.003641427
124.7	0.05727539	-0.004171838
124.8	0.05726387	-0.004193119
124.9	0.05759742	-0.00433367
125	0.0577921	-0.004343977
125.1	0.05731303	-0.004260625
125.2	0.05726371	-0.004777074
125.3	0.05685289	-0.004535904
125.4	0.05661376	-0.004512749
125.5	0.05637618	-0.004528503
125.6	0.05623732	-0.005093902
125.7	0.05643895	-0.005394385
125.8	0.05623711	-0.005303805
125.9	0.05640863	-0.005651175
126	0.05684302	-0.0056765
126.1	0.05682343	-0.005493782
126.2	0.05712231	-0.005649756
126.3	0.05771588	-0.005625239
126.4	0.05855092	-0.005647021
126.5	0.05823576	-0.005391134
126.6	0.057913	-0.004201552
126.7	0.05795728	-0.004147764
126.8	0.0582194	-0.005189859
126.9	0.05796481	-0.00503279
127	0.05772756	-0.005011718
127.1	0.05754195	-0.005290147
127.2	0.05791318	-0.00454767
127.3	0.05754195	-0.005104527
127.4	0.05782037	-0.00454767
127.5	0.05744914	-0.004733289
127.6	0.0580988	-0.004362051
127.7	0.05772756	-0.004918908
127.8	0.05791318	-0.004269241
127.9	0.05782037	-0.004826099
128	0.05772756	-0.00445486
128.1	0.05782037	-0.00445486
128.2	0.05754195	-0.004733289
128.3	0.05754195	-0.005197337
128.4	0.05782037	-0.005197337
128.5	0.05772756	-0.005382956
128.6	0.05717071	-0.005475766
128.7	0.05670666	-0.005661385
128.8	0.05642823	-0.005568575
128.9	0.05587137	-0.005939814
129	0.05522171	-0.005847004
129.1	0.05522171	-0.006032623
129.2	0.05596418	-0.005754195
129.3	0.05594819	-0.00576399
129.4	0.05576694	-0.005686423
129.5	0.05522171	-0.005568575
129.6	0.05557948	-0.005550869
129.7	0.0559918	-0.005193031
129.8	0.05579163	-0.005417875
129.9	0.05577856	-0.005011718
130	0.05598022	-0.005194225
130.1	0.05559294	-0.004918908
130.2	0.05595153	-0.00515587
130.3	0.05595557	-0.005264289
130.4	0.05561304	-0.005070809
130.5	0.056437	-0.005141898
130.6	0.05665675	-0.00537025
130.7	0.05644857	-0.004993205
130.8	0.05660814	-0.004797321
130.9	0.05702383	-0.004672241
131	0.05679947	-0.004269241
131.1	0.0561498	-0.00454767
131.2	0.05605699	-0.005290147
131.3	0.05587137	-0.005197337
131.4	0.05582799	-0.005234599
131.5	0.05562909	-0.005155625
131.6	0.05545037	-0.005174308
131.7	0.05555489	-0.004420617
131.8	0.05596418	-0.004176432
131.9	0.05628289	-0.004024956
132	0.05598949	-0.003516665
132.1	0.05574352	-0.003387237
132.2	0.05565242	-0.003028679
132.3	0.05555706	-0.002534169
132.4	0.05596418	-0.002784288
132.5	0.05605699	-0.002877097
132.6	0.05652104	-0.003341145
132.7	0.05596418	-0.003805193
132.8	0.0561498	-0.003805193
132.9	0.0561498	-0.003712384
133	0.05624261	-0.003526764
133.1	0.05698509	-0.003526764
133.2	0.05763476	-0.003619574
133.3	0.05754195	-0.003155526
133.4	0.05782037	-0.003155526
133.5	0.05772756	-0.002691478
133.6	0.05828442	-0.003155526
133.7	0.05819161	-0.003248336
133.8	0.05782037	-0.003155526
133.9	0.05800599	-0.003248336
134	0.05744914	-0.003433955
134.1	0.05819161	-0.003062716
134.2	0.05819161	-0.003062716
134.3	0.05921252	-0.003526764
134.4	0.05958376	-0.003433955
134.5	0.05976938	-0.003155526
134.6	0.05930533	-0.003341145
134.7	0.05884128	-0.003433955
134.8	0.05930533	-0.003526764
134.9	0.05847004	-0.003341145
135	0.05893409	-0.002877097
135.1	0.05921252	-0.003248336
135.2	0.05939814	-0.002877097
135.3	0.05939814	-0.003619574
135.4	0.0590269	-0.002877097
135.5	0.05874847	-0.002784288
135.6	0.05865566	-0.002413049
135.7	0.05874847	-0.00222743
135.8	0.05958376	-0.002691478
135.9	0.05884128	-0.001949001
136	0.05893409	-0.001949001
136.1	0.05782037	-0.000835286
136.2	0.05837723	-0.001484953
136.3	0.05856285	-0.001392144
136.4	0.05865566	-0.001299334
136.5	0.05921252	-0.001392144
136.6	0.05949095	-0.001299334
136.7	0.0600478	-0.001763382
136.8	0.06032623	-0.001856192
136.9	0.06023342	-0.001763382
137	0.05939814	-0.00222743
137.1	0.05949095	-0.002691478
137.2	0.05984929	-0.002438068
137.3	0.05930533	-0.001949001
137.4	0.05948017	-0.002360936
137.5	0.05942273	-0.002105864
137.6	0.05929398	-0.00203606
137.7	0.05875439	-0.002165978
137.8	0.05816442	-0.002221913
137.9	0.05778031	-0.001844267
138	0.05772756	-0.001206525
138.1	0.05708469	-0.000842792
138.2	0.05686932	-0.000660082
138.3	0.05649835	-0.000698839
138.4	0.05633902	-0.000806093
138.5	0.05686336	-0.001127439
138.6	0.05711199	-0.001311741
138.7	0.05731392	-0.000789261
138.8	0.05762404	-0.000607258
138.9	0.05783371	-0.000663435
139	0.0577668	-0.000468273
139.1	0.05765728	-0.000461643
139.2	0.057645	-0.000710599
139.3	0.05765181	-0.000748012
139.4	0.05785729	-0.000440249
139.5	0.05801365	-0.000336662
139.6	0.05779084	-0.000557572
139.7	0.05758482	-0.00073568
139.8	0.05761544	-0.001078919
139.9	0.05764258	-0.00162977
140	0.05762869	-0.000258861
140.1	0.05741862	-0.001009154
140.2	0.05743872	-0.001303155
140.3	0.05733335	-0.000195385
140.4	0.05698509	-0.001113715
140.5	0.05698509	-0.001484953
140.6	0.05689228	-0.001484953
140.7	0.05691943	-0.001961375
140.8	0.0580988	-0.001670573
140.9	0.05837723	-0.001484953
141	0.05800599	-0.001299334
141.1	0.05874847	-0.001763382
141.2	0.05856285	-0.001484953
141.3	0.05828442	-0.001113715
141.4	0.05865566	-0.001299334
141.5	0.05911971	-0.000464048
141.6	0.05856285	-0.000371238
141.7	0.06141185	-0.001889033
141.8	0.0615398	-0.001502606
141.9	0.05838207	-0.0014
142	0.05819161	-0.001392144
142.1	0.05856285	-0.001299334
142.2	0.05828442	-0.001299334
142.3	0.0586204	-0.000918036
142.4	0.05911971	9.28096E-05
142.5	0.05939814	0.000371238
142.6	0.05958376	0.000371238
142.7	0.05939814	0
142.8	0.05884128	0.000371238
142.9	0.05813843	0.000566129
143	0.05776179	0.00081125
143.1	0.05737068	0.000640931
143.2	0.0573418	0.000406473
143.3	0.05735951	0.000360406
143.4	0.05780858	0.000342676
143.5	0.05774262	9.02057E-05
143.6	0.05805403	-0.000411396
143.7	0.05822996	-0.000401209
143.8	0.0578478	-0.000239025
143.9	0.05860854	7.98423E-05
144	0.05876683	8.06532E-05
144.1	0.05868893	2.7721E-05
144.2	0.05863817	8.64201E-05
144.3	0.05853331	5.0398E-05
144.4	0.05837723	9.28096E-05
144.5	0.05782037	-0.000371238
144.6	0.05744914	-9.28096E-05
144.7	0.0570779	-9.28096E-05
144.8	0.05698576	-9.03881E-05
144.9	0.05668016	0.000179172
145	0.05651703	0.000340368
145.1	0.05705923	0.000569896
145.2	0.05706331	0.000583667
145.3	0.05692958	0.000272645
145.4	0.05704708	-5.4369E-05
145.5	0.05669047	-0.000459955
145.6	0.05632263	-0.000832406
145.7	0.05614342	-0.001188993
145.8	0.05563053	-0.001399716
145.9	0.05577856	-0.001113715
146	0.05543619	-0.001001378
146.1	0.05540733	-0.001206525
146.2	0.05550013	-0.001299334
146.3	0.05552916	-0.001308654
146.4	0.05540702	-0.001727675
146.5	0.05553359	-0.001592398
146.6	0.05575522	-0.001746383
146.7	0.05596418	-0.001206525
146.8	0.05583771	-0.001161962
146.9	0.05577115	-0.000865346
147	0.05524002	-0.001245627
147.1	0.05524984	-0.001607961
147.2	0.05498377	-0.001759192
147.3	0.05502873	-0.001576497
147.4	0.05505639	-0.00149248
147.5	0.05465959	-0.001724793
147.6	0.05403988	-0.002057871
147.7	0.0540062	-0.00205992
147.8	0.05399184	-0.001751366
147.9	0.05413395	-0.001856192
148	0.05427688	-0.00250603
148.1	0.05425218	-0.00279835
148.2	0.05438559	-0.003082715
148.3	0.05674954	-0.002493857
148.4	0.0538517	-0.002748197
148.5	0.05404401	-0.002693752
148.6	0.05419477	-0.002803719
148.7	0.05415953	-0.002557449
148.8	0.05694932	-0.00129023
148.9	0.05366759	-0.002196546
149	0.05435381	-0.002079362
149.1	0.05428614	-0.001649003
149.2	0.05410799	-0.001392144
149.3	0.05438642	-0.002041811
149.4	0.05410799	-0.001949001
149.5	0.05410799	-0.001949001
149.6	0.05674972	-0.001439176
149.7	0.05675895	-0.001033918
149.8	0.05407873	-0.001591843
149.9	0.05355113	-0.000742477
150	0.05392237	-0.001577763
150.1	0.05411954	-0.001935865
150.2	0.05558006	-0.001189946
150.3	0.05389321	-0.001402545
150.4	0.05625182	-0.001119581
150.5	0.05609416	-0.000362138
150.6	0.05459032	-0.001485361
150.7	0.05423538	-0.001556532
150.8	0.05429361	-0.001206525
150.9	0.05414261	-0.001437719
151	0.05424772	-0.001411884
151.1	0.05708903	-0.000444646
151.2	0.05726459	-0.000696548
151.3	0.05515986	-0.002241806
151.4	0.0551289	-0.002784288
151.5	0.04690595	-0.001531358
151.6	0.05522171	-0.002969907
151.7	0.05522171	-0.002598669
151.8	0.05596418	-0.002784288
151.9	0.05624261	-0.002505859
152	0.05596418	-0.003155526
152.1	0.05540733	-0.002505859
152.2	0.0551289	-0.002877097
152.3	0.05531452	-0.003062716
152.4	0.05475766	-0.002691478
152.5	0.05447923	-0.002598669
152.6	0.05382956	-0.002784288
152.7	0.0542008	-0.002969907
152.8	0.05401518	-0.003341145
152.9	0.05373675	-0.003062716
153	0.05438642	-0.003433955
153.1	0.0542008	-0.002784288
153.2	0.05438642	-0.003155526
153.3	0.05438642	-0.003341145
153.4	0.05438642	-0.004176432
153.5	0.05447923	-0.003805193
153.6	0.05447923	-0.003898003
153.7	0.05475766	-0.003155526
153.8	0.05373675	-0.002969907
153.9	0.05475766	-0.002598669
154	0.05457204	-0.002784288
154.1	0.05438642	-0.002505859
154.2	0.05485047	-0.002969907
154.3	0.05531452	-0.002598669
154.4	0.05549468	-0.002147477
154.5	0.05596859	-0.001438475
154.6	0.05653545	-0.00127991
154.7	0.05634038	-0.001421382
154.8	0.05635267	-0.001898104
154.9	0.05658324	-0.001878143
155	0.05636665	-0.002348528
155.1	0.05674215	-0.00223218
155.2	0.05715398	-0.001528882
155.3	0.05685388	-0.001361825
155.4	0.05679209	-0.001380455
155.5	0.0567337	-0.001470555
155.6	0.05624261	-0.001949001
155.7	0.0561498	-0.002041811
155.8	0.0561498	-0.002041811
155.9	0.05637466	-0.002084795
156	0.05659635	-0.0020564
156.1	0.05672993	-0.00262635
156.2	0.05680811	-0.003101406
156.3	0.05695425	-0.003063632
156.4	0.05782037	-0.004083622
156.5	0.05828442	-0.003341145
156.6	0.05782037	-0.004083622
156.7	0.05717071	-0.003990812
156.8	0.05679736	-0.003957117
156.9	0.05624261	-0.003433955
157	0.05613701	-0.004749491
157.1	0.05608543	-0.004916373
157.2	0.05582212	-0.00472673
157.3	0.05646153	-0.004788187
157.4	0.05638041	-0.004720176
157.5	0.0563491	-0.004758935
157.6	0.0590254	-0.002209647
157.7	0.0570779	-0.005011718
157.8	0.0570779	-0.005475766
157.9	0.05679947	-0.005104527
158	0.05698509	-0.005661385
158.1	0.05691659	-0.005492779
158.2	0.05759673	-0.005014399
158.3	0.05724112	-0.004900614
158.4	0.0570779	-0.004640479
158.5	0.05726352	-0.004826099
158.6	0.05754195	-0.005197337
158.7	0.05774651	-0.005532958
158.8	0.05751451	-0.005647588
158.9	0.05758891	-0.005845133
159	0.05785011	-0.006222198
159.1	0.05847004	-0.005939814
159.2	0.05911971	-0.005754195
159.3	0.05837723	-0.006032623
159.4	0.05856285	-0.006496671
159.5	0.05834545	-0.005874362
159.6	0.05847091	-0.006414139
159.7	0.05862083	-0.006655533
159.8	0.05865793	-0.006723889
159.9	0.0594828	-0.0068
160	0.05980098	-0.007
160.1	0.05856285	-0.007239148
160.2	0.05856603	-0.00723959
160.3	0.05915424	-0.007068883
160.4	0.05944782	-0.00535602
160.5	0.05947757	-0.007139538
160.6	0.05945292	-0.007152128
160.7	0.05948517	-0.006972536
160.8	0.05969903	-0.006438554
160.9	0.05988034	-0.006376165
161	0.0603826	-0.006145972
161.1	0.0608295	-0.0060268
161.2	0.06045016	-0.005143595
161.3	0.06082633	-0.006345201
161.4	0.06063876	-0.006224109
161.5	0.06022208	-0.006242521
161.6	0.06093325	-0.006293406
161.7	0.06074577	-0.006100891
161.8	0.06014061	-0.006032623
161.9	0.05972311	-0.005158087
162	0.05953675	-0.005501891
162.1	0.05947184	-0.005413055
162.2	0.05965409	-0.00666967
162.3	0.06007951	-0.006659563
162.4	0.06006704	-0.005314517
162.5	0.05976938	-0.005661385
162.6	0.05976938	-0.005661385
162.7	0.06041904	-0.005011718
162.8	0.06041904	-0.005382956
162.9	0.0609759	-0.005011718
163	0.06134714	-0.005011718
163.1	0.06153276	-0.004826099
163.2	0.061904	-0.004733289
163.3	0.06162557	-0.004733289
163.4	0.06106871	-0.003619574
163.5	0.06106871	-0.003619574
163.6	0.06120068	-0.003624148
163.7	0.06176347	-0.004197728
163.8	0.06230421	-0.004185969
163.9	0.0622097	-0.003784343
164	0.06172283	-0.00383035
164.1	0.06166098	-0.004014117
164.2	0.06189093	-0.003710128
164.3	0.06229951	-0.003667451
164.4	0.06244508	-0.003806529
164.5	0.0627871	-0.003566996
164.6	0.06285624	-0.00369551
164.7	0.06337244	-0.00377799
164.8	0.06354918	-0.003968051
164.9	0.06402521	-0.004215471
165	0.06404306	-0.004119888
165.1	0.06357686	-0.003702427
165.2	0.06358622	-0.003602229
165.3	0.06390104	-0.00346542
165.4	0.06496671	-0.003155526
165.5	0.06496671	-0.003155526
165.6	0.06515233	-0.003062716
165.7	0.06517761	-0.003642024
165.8	0.06515233	-0.003619574
165.9	0.06550295	-0.003715368
166	0.06505952	-0.003062716
166.1	0.06511181	-0.00284333
166.2	0.06505952	-0.002598669
166.3	0.06440986	-0.002505859
166.4	0.06561638	-0.002969907
166.5	0.06533795	-0.002969907
166.6	0.06512281	-0.002200448
166.7	0.06523466	-0.003174509
166.8	0.06525098	-0.00316916
166.9	0.06580375	-0.003060167
167	0.0660855	-0.003152101
167.1	0.06619165	-0.003148518
167.2	0.06633882	-0.003813307
167.3	0.06637521	-0.003394874
167.4	0.06656551	-0.003813671
167.5	0.06666998	-0.00370825
167.6	0.06728642	-0.003089657
167.7	0.06748659	-0.002453644
167.8	0.06705617	-0.002515058
167.9	0.06629945	-0.00276308
168	0.06607354	-0.002898162
168.1	0.0662729	-0.003561703
168.2	0.06608092	-0.003575497
168.3	0.06601572	-0.003509954
168.4	0.06596935	-0.003130435
168.5	0.06618218	-0.003660251
168.6	0.06596621	-0.003009889
168.7	0.06577099	-0.003288367
168.8	0.06554677	-0.003229959
168.9	0.0655538	-0.003192722
169	0.06560987	-0.003687618
169.1	0.06626502	-0.003692762
169.2	0.06661678	-0.00369827
169.3	0.06636057	-0.003724854
169.4	0.06639376	-0.003702273
169.5	0.06630616	-0.004257323
169.6	0.06631902	-0.005107098
169.7	0.06649808	-0.004116381
169.8	0.06651267	-0.005054075
169.9	0.06626773	-0.005154469
170	0.06672354	-0.004968523
170.1	0.06704014	-0.00394806
170.2	0.06687686	-0.003575445
170.3	0.0668585	-0.003560479
170.4	0.06652047	-0.00355826
170.5	0.06617467	-0.003598911
170.6	0.06579118	-0.003671014
170.7	0.06628971	-0.003557296
170.8	0.06627451	-0.003567518
170.9	0.0663909	-0.003839264
171	0.06631449	-0.003956089
171.1	0.06636831	-0.004632942
171.2	0.06645042	-0.00501869
171.3	0.06609969	-0.004928678
171.4	0.06634741	-0.005328278
171.5	0.06637643	-0.005377579
171.6	0.06666524	-0.005465795
171.7	0.06692292	-0.005943098
171.8	0.06709524	-0.005838286
171.9	0.06729239	-0.00579815
172	0.06785304	-0.00578081
172.1	0.06777927	-0.005306698
172.2	0.06776371	-0.005300341
172.3	0.06786201	-0.005180855
172.4	0.06816818	-0.005050341
172.5	0.06864947	-0.005023989
172.6	0.06857675	-0.004958629
172.7	0.06875916	-0.004624349
172.8	0.06884926	-0.00460478
172.9	0.06951627	-0.004315571
173	0.06937499	-0.003752726
173.1	0.06934021	-0.005291575
173.2	0.06931237	-0.005334136
173.3	0.06935856	-0.004175228
173.4	0.06929387	-0.00457335
173.5	0.06931605	-0.004813807
173.6	0.0693387	-0.004822434
173.7	0.06923595	-0.004826099
173.8	0.06932876	-0.006032623
173.9	0.06964087	-0.004081367
174	0.06905033	-0.006218243
174.1	0.06887772	-0.00384414
174.2	0.06898479	-0.003888364
174.3	0.06909044	-0.004091632
174.4	0.06969512	-0.003462689
174.5	0.0697	-0.003619574
174.6	0.06923595	-0.004826099
174.7	0.06886472	-0.004176432
174.8	0.06876698	-0.00639425
174.9	0.06927014	-0.006062862
175	0.06971639	-0.004320574
175.1	0.06965922	-0.004644205
175.2	0.06966857	-0.004447083
175.3	0.07027093	-0.004347308
175.4	0.06987511	-0.004370248
175.5	0.06967005	-0.00438533
175.6	0.06962423	-0.004827042
175.7	0.06971454	-0.004960631
175.8	0.06974413	-0.004603626
175.9	0.06966105	-0.004401736
176	0.06949829	-0.004291482
176.1	0.06899487	-0.004969396
176.2	0.06916072	-0.00525565
176.3	0.0689424	-0.004943152
176.4	0.06904081	-0.004949946
176.5	0.06919321	-0.004280441
176.6	0.06899581	-0.004608142
176.7	0.06892484	-0.00464057
176.8	0.06895564	-0.004883895
176.9	0.06888833	-0.004653825
177	0.06824251	-0.004922826
177.1	0.06846368	-0.004624247
177.2	0.0682384	-0.005107064
177.3	0.06830786	-0.004826099
177.4	0.06784381	-0.004733289
177.5	0.06749623	-0.005000289
177.6	0.06750532	-0.005432043
177.7	0.06713312	-0.005435575
177.8	0.0666043	-0.005485229
177.9	0.06656902	-0.005464051
178	0.06674003	-0.005346868
178.1	0.06726445	-0.005836701
178.2	0.06710343	-0.005712757
178.3	0.06719817	-0.005417646
178.4	0.06765985	-0.006044679
178.5	0.06799516	-0.005889613
178.6	0.06840611	-0.00582766
178.7	0.06879256	-0.005530602
178.8	0.06903881	-0.005740428
178.9	0.06876948	-0.006211952
179	0.06874717	-0.006278467
179.1	0.06813919	-0.006535166
179.2	0.06910839	-0.006196069
179.3	0.0693756	-0.005824107
179.4	0.0692443	-0.005626836
179.5	0.06934237	-0.005431838
179.6	0.06958181	-0.005337134
179.7	0.068687	-0.005351926
179.8	0.06850325	-0.005550208
179.9	0.06864623	-0.005545064
180	0.06822576	-0.005146554
180.1	0.06807355	-0.004890164
180.2	0.06798775	-0.004691899
180.3	0.06570919	-0.004176432
180.4	0.06755805	-0.005132092
