0	0.0520099	-0.0289267
0.1	0.0520099	-0.0297072
0.2	0.0518984	-0.0291497
0.3	0.0518984	-0.0291497
0.4	0.0518984	-0.0291497
0.5	0.0518984	-0.0291497
0.6	0.0518984	-0.0291497
0.7	0.0517869	-0.0304878
0.8	0.0517869	-0.0304878
0.9	0.0515639	-0.0295957
1	0.0512293	-0.0293727
1.1	0.0507833	-0.0293727
1.2	0.0503373	-0.0293727
1.3	0.0503373	-0.0293727
1.4	0.0503373	-0.0291497
1.5	0.0504488	-0.0289267
1.6	0.0504488	-0.0289267
1.7	0.0503373	-0.0290382
1.8	0.0503373	-0.0290382
1.9	0.0503373	-0.0290382
2	0.0503373	-0.0291497
2.1	0.0503373	-0.0291497
2.2	0.0502258	-0.0288152
2.3	0.0502258	-0.0288152
2.4	0.0503373	-0.0288152
2.5	0.0503373	-0.0288152
2.6	0.0503373	-0.0288152
2.7	0.0501143	-0.0292612
2.8	0.0501143	-0.0293727
2.9	0.0500028	-0.0293727
3	0.0497798	-0.0293727
3.1	0.0497798	-0.0293727
3.2	0.0497798	-0.0293727
3.3	0.0497798	-0.0293727
3.4	0.0497798	-0.0293727
3.5	0.0493338	-0.0293727
3.6	0.0493338	-0.0293727
3.7	0.0493338	-0.0293727
3.8	0.0493338	-0.0293727
3.9	0.0493338	-0.0293727
4	0.0506718	-0.0288152
4.1	0.0506718	-0.0288152
4.2	0.0506718	-0.0288152
4.3	0.0506718	-0.0288152
4.4	0.0506718	-0.0288152
4.5	0.0506718	-0.0288152
4.6	0.0500028	-0.0297072
4.7	0.0500028	-0.0297072
4.8	0.0500028	-0.0297072
4.9	0.0500028	-0.0297072
5	0.0505603	-0.0295957
5.1	0.0505603	-0.0295957
5.2	0.0505603	-0.0295957
5.3	0.0505603	-0.0295957
5.4	0.0505603	-0.0295957
5.5	0.0505603	-0.0295957
5.6	0.0505603	-0.0295957
5.7	0.0505603	-0.0308223
5.8	0.0504488	-0.0308223
5.9	0.0504488	-0.0308223
6	0.0500028	-0.0309338
6.1	0.0498913	-0.0309338
6.2	0.0496683	-0.0309338
6.3	0.0491108	-0.0303763
6.4	0.0491108	-0.0303763
6.5	0.0491108	-0.0303763
6.6	0.0491108	-0.0303763
6.7	0.0487762	-0.0302648
6.8	0.0487762	-0.0302648
6.9	0.0487762	-0.0302648
7	0.0487762	-0.0302648
7.1	0.0487762	-0.0302648
7.2	0.0488877	-0.0301533
7.3	0.0488877	-0.0301533
7.4	0.0488877	-0.0301533
7.5	0.0488877	-0.0301533
7.6	0.0488877	-0.0301533
7.7	0.0488877	-0.0301533
7.8	0.0488877	-0.0301533
7.9	0.0488877	-0.0301533
8	0.0488877	-0.0301533
8.1	0.0488877	-0.0301533
8.2	0.0483302	-0.0314913
8.3	0.0483302	-0.0314913
8.4	0.0483302	-0.0314913
8.5	0.0483302	-0.0314913
8.6	0.0483302	-0.0314913
8.7	0.0483302	-0.0314913
8.8	0.0483302	-0.0314913
8.9	0.0483302	-0.0314913
9	0.0483302	-0.0314913
9.1	0.0483302	-0.0314913
9.2	0.0483302	-0.0316028
9.3	0.0483302	-0.0316028
9.4	0.0482187	-0.0316028
9.5	0.0482187	-0.0316028
9.6	0.0481072	-0.0317143
9.7	0.0479957	-0.0318258
9.8	0.0479957	-0.0318258
9.9	0.0479957	-0.0321603
10	0.0479957	-0.0328294
10.1	0.0479957	-0.0328294
10.2	0.0479957	-0.0329409
10.3	0.0483302	-0.0329409
10.4	0.0485532	-0.0329409
10.5	0.0485532	-0.0329409
10.6	0.0491108	-0.0330524
10.7	0.0494453	-0.0332754
10.8	0.0494453	-0.0340559
10.9	0.0493338	-0.0341674
11	0.0493338	-0.0341674
11.1	0.0491108	-0.0341674
11.2	0.0491108	-0.0341674
11.3	0.0491108	-0.0340559
11.4	0.0491108	-0.0340559
11.5	0.0491108	-0.0340559
11.6	0.0491108	-0.0340559
11.7	0.0491108	-0.0340559
11.8	0.0491108	-0.0340559
11.9	0.0486647	-0.0343904
12	0.0486647	-0.0343904
12.1	0.0483302	-0.0352825
12.2	0.0483302	-0.0352825
12.3	0.0483302	-0.0352825
12.4	0.0484417	-0.0352825
12.5	0.0484417	-0.0352825
12.6	0.0484417	-0.0352825
12.7	0.0484417	-0.0352825
12.8	0.0484417	-0.0350595
12.9	0.0484417	-0.0350595
13	0.0484417	-0.0350595
13.1	0.0491108	-0.0347249
13.2	0.0491108	-0.0346134
13.3	0.0491108	-0.0346134
13.4	0.0492223	-0.0345019
13.5	0.0495568	-0.0343904
13.6	0.0495568	-0.0343904
13.7	0.0495568	-0.0343904
13.8	0.0495568	-0.0343904
13.9	0.0497798	-0.0343904
14	0.0500028	-0.0343904
14.1	0.0500028	-0.0343904
14.2	0.0500028	-0.0345019
14.3	0.0500028	-0.0346134
14.4	0.0501143	-0.0347249
14.5	0.0501143	-0.0347249
14.6	0.0503373	-0.035171
14.7	0.0503373	-0.0352825
14.8	0.0503373	-0.0352825
14.9	0.0496683	-0.035617
15	0.0496683	-0.035617
15.1	0.0496683	-0.035617
15.2	0.0500028	-0.0355055
15.3	0.0503373	-0.035171
15.4	0.0505603	-0.0349479
15.5	0.0505603	-0.0349479
15.6	0.0505603	-0.0349479
15.7	0.0505603	-0.0349479
15.8	0.0505603	-0.0349479
15.9	0.0505603	-0.0349479
16	0.0505603	-0.0349479
16.1	0.0505603	-0.0345019
16.2	0.0505603	-0.0345019
16.3	0.0505603	-0.0342789
16.4	0.0505603	-0.0342789
16.5	0.0504488	-0.0340559
16.6	0.0504488	-0.0338329
16.7	0.0504488	-0.0338329
16.8	0.0504488	-0.0338329
16.9	0.0503373	-0.0338329
17	0.0496683	-0.0338329
17.1	0.0496683	-0.0339444
17.2	0.0496683	-0.0339444
17.3	0.0493338	-0.0337214
17.4	0.0493338	-0.0337214
17.5	0.0488877	-0.0337214
17.6	0.0488877	-0.0334984
17.7	0.0488877	-0.0334984
17.8	0.0488877	-0.0334984
17.9	0.0488877	-0.0334984
18	0.0488877	-0.0333869
18.1	0.0488877	-0.0333869
18.2	0.0488877	-0.0333869
18.3	0.0484417	-0.0332754
18.4	0.0484417	-0.0332754
18.5	0.0483302	-0.0331639
18.6	0.0483302	-0.0330524
18.7	0.0483302	-0.0330524
18.8	0.0483302	-0.0330524
18.9	0.0483302	-0.0330524
19	0.0483302	-0.0330524
19.1	0.0483302	-0.0330524
19.2	0.0482187	-0.0330524
19.3	0.0482187	-0.0330524
19.4	0.0482187	-0.0330524
19.5	0.0476612	-0.0334984
19.6	0.0476612	-0.0334984
19.7	0.0476612	-0.0334984
19.8	0.0476612	-0.0334984
19.9	0.0476612	-0.0336099
20	0.0476612	-0.0336099
20.1	0.0475497	-0.0336099
20.2	0.0475497	-0.0336099
20.3	0.0475497	-0.0336099
20.4	0.0475497	-0.0336099
20.5	0.0475497	-0.0336099
20.6	0.0475497	-0.0336099
20.7	0.0475497	-0.0336099
20.8	0.0475497	-0.0336099
20.9	0.0475497	-0.0336099
21	0.0474382	-0.0341674
21.1	0.0474382	-0.0343904
21.2	0.0474382	-0.0343904
21.3	0.0474382	-0.0343904
21.4	0.0474382	-0.0343904
21.5	0.0474382	-0.0343904
21.6	0.0474382	-0.0343904
21.7	0.0474382	-0.0343904
21.8	0.0474382	-0.0343904
21.9	0.0474382	-0.0343904
22	0.0473267	-0.0346134
22.1	0.0472152	-0.0348364
22.2	0.0472152	-0.0348364
22.3	0.0473267	-0.0348364
22.4	0.0473267	-0.0348364
22.5	0.0475497	-0.0348364
22.6	0.0477727	-0.0347249
22.7	0.0477727	-0.0347249
22.8	0.0477727	-0.0347249
22.9	0.0477727	-0.0348364
23	0.0477727	-0.0348364
23.1	0.0477727	-0.0352825
23.2	0.0476612	-0.0355055
23.3	0.0476612	-0.0355055
23.4	0.0478842	-0.035617
23.5	0.0482187	-0.0355055
23.6	0.0482187	-0.035394
23.7	0.0482187	-0.035394
23.8	0.0488877	-0.035394
23.9	0.0489993	-0.035394
24	0.0489993	-0.035394
24.1	0.0491108	-0.0352825
24.2	0.0491108	-0.0352825
24.3	0.0491108	-0.0352825
24.4	0.0493338	-0.0350595
24.5	0.0493338	-0.0349479
24.6	0.0492223	-0.0350595
24.7	0.0491108	-0.035171
24.8	0.0491108	-0.0350595
24.9	0.0491108	-0.0349479
25	0.0491108	-0.0350595
25.1	0.0491108	-0.0350595
25.2	0.0492223	-0.0346134
25.3	0.0492223	-0.0346134
25.4	0.0492223	-0.0346134
25.5	0.0492223	-0.0346134
25.6	0.0492223	-0.0346134
25.7	0.0492223	-0.0346134
25.8	0.0487762	-0.0347249
25.9	0.0492223	-0.0348364
26	0.0494453	-0.0348364
26.1	0.0494453	-0.0348364
26.2	0.0494453	-0.0348364
26.3	0.0494453	-0.0348364
26.4	0.0494453	-0.0348364
26.5	0.0498913	-0.0348364
26.6	0.0501143	-0.0345019
26.7	0.0501143	-0.0345019
26.8	0.0501143	-0.0345019
26.9	0.0501143	-0.0345019
27	0.0501143	-0.0345019
27.1	0.0501143	-0.0347249
27.2	0.0502258	-0.0348364
27.3	0.0504488	-0.0347249
27.4	0.0504488	-0.0346134
27.5	0.0504488	-0.0346134
27.6	0.0504488	-0.0346134
27.7	0.0505603	-0.0346134
27.8	0.0510063	-0.0345019
27.9	0.0513408	-0.0340559
28	0.0513408	-0.0340559
28.1	0.0515639	-0.0340559
28.2	0.0516754	-0.0339444
28.3	0.0516754	-0.0339444
28.4	0.0516754	-0.0347249
28.5	0.0525674	-0.0345019
28.6	0.0527904	-0.0345019
28.7	0.0527904	-0.0345019
28.8	0.0532364	-0.035171
28.9	0.0530134	-0.0352825
29	0.0525674	-0.035617
29.1	0.0525674	-0.035617
29.2	0.0525674	-0.035617
29.3	0.0525674	-0.035617
29.4	0.0529019	-0.035617
29.5	0.0529019	-0.035617
29.6	0.0529019	-0.035617
29.7	0.0529019	-0.0355055
29.8	0.0529019	-0.0355055
29.9	0.0529019	-0.0355055
30	0.0529019	-0.0355055
30.1	0.0527904	-0.0355055
30.2	0.0526789	-0.035617
30.3	0.0525674	-0.035617
30.4	0.0525674	-0.035617
30.5	0.0522329	-0.0361745
30.6	0.0522329	-0.0361745
30.7	0.0522329	-0.0361745
30.8	0.0523444	-0.0361745
30.9	0.0523444	-0.0361745
31	0.0523444	-0.0361745
31.1	0.0523444	-0.0361745
31.2	0.0526789	-0.0361745
31.3	0.0527904	-0.0361745
31.4	0.0529019	-0.0361745
31.5	0.0530134	-0.036063
31.6	0.0531249	-0.036063
31.7	0.0531249	-0.036063
31.8	0.0532364	-0.036063
31.9	0.0535709	-0.036063
32	0.0535709	-0.036063
32.1	0.0535709	-0.036063
32.2	0.0535709	-0.036063
32.3	0.0535709	-0.036063
32.4	0.0539054	-0.036063
32.5	0.05424	-0.03584
32.6	0.0543515	-0.03584
32.7	0.0543515	-0.03584
32.8	0.054686	-0.03584
32.9	0.054686	-0.03584
33	0.054686	-0.03584
33.1	0.0547975	-0.03584
33.2	0.0550205	-0.0357285
33.3	0.0550205	-0.0357285
33.4	0.054909	-0.0359515
33.5	0.054909	-0.0359515
33.6	0.054909	-0.0359515
33.7	0.055132	-0.0357285
33.8	0.055132	-0.0357285
33.9	0.055132	-0.0357285
34	0.055132	-0.0357285
34.1	0.054909	-0.03584
34.2	0.054909	-0.03584
34.3	0.054909	-0.03584
34.4	0.054909	-0.03584
34.5	0.054909	-0.03584
34.6	0.054909	-0.03584
34.7	0.054909	-0.03584
34.8	0.054909	-0.03584
34.9	0.054909	-0.03584
35	0.054909	-0.03584
35.1	0.054909	-0.03584
35.2	0.054909	-0.03584
35.3	0.054686	-0.03584
35.4	0.054686	-0.03584
35.5	0.054686	-0.03584
35.6	0.054686	-0.03584
35.7	0.054686	-0.03584
35.8	0.054686	-0.03584
35.9	0.054686	-0.03584
36	0.054686	-0.03584
36.1	0.054686	-0.03584
36.2	0.054686	-0.03584
36.3	0.054686	-0.03584
36.4	0.054909	-0.035617
36.5	0.0550205	-0.035394
36.6	0.0552435	-0.0352825
36.7	0.0552435	-0.0352825
36.8	0.0552435	-0.0352825
36.9	0.0552435	-0.0352825
37	0.0552435	-0.0352825
37.1	0.054909	-0.0352825
37.2	0.054909	-0.0352825
37.3	0.055132	-0.0349479
37.4	0.055132	-0.0349479
37.5	0.055132	-0.0349479
37.6	0.055132	-0.0345019
37.7	0.0552435	-0.0340559
37.8	0.0552435	-0.0340559
37.9	0.0552435	-0.0340559
38	0.0552435	-0.0340559
38.1	0.0552435	-0.0340559
38.2	0.0552435	-0.0340559
38.3	0.0552435	-0.0340559
38.4	0.0554665	-0.0338329
38.5	0.0554665	-0.0338329
38.6	0.0554665	-0.0338329
38.7	0.0554665	-0.0338329
38.8	0.0554665	-0.0338329
38.9	0.055578	-0.0338329
39	0.056024	-0.0338329
39.1	0.0564701	-0.0338329
39.2	0.0566931	-0.0339444
39.3	0.0566931	-0.0343904
39.4	0.0566931	-0.0343904
39.5	0.0563585	-0.0345019
39.6	0.056247	-0.0345019
39.7	0.056247	-0.0345019
39.8	0.056247	-0.0345019
39.9	0.056247	-0.0345019
40	0.0566931	-0.0345019
40.1	0.0566931	-0.0345019
40.2	0.0566931	-0.0345019
40.3	0.0566931	-0.0348364
40.4	0.0566931	-0.0348364
40.5	0.0564701	-0.0348364
40.6	0.0559125	-0.0348364
40.7	0.0559125	-0.0348364
40.8	0.055801	-0.0341674
40.9	0.0556895	-0.0336099
41	0.0554665	-0.0336099
41.1	0.055132	-0.0337214
41.2	0.0550205	-0.0342789
41.3	0.0550205	-0.0342789
41.4	0.055132	-0.0343904
41.5	0.055132	-0.0343904
41.6	0.055132	-0.0343904
41.7	0.055132	-0.0343904
41.8	0.055132	-0.0343904
41.9	0.0552435	-0.0343904
42	0.055578	-0.0343904
42.1	0.0556895	-0.0341674
42.2	0.055801	-0.0340559
42.3	0.055801	-0.0337214
42.4	0.055801	-0.0337214
42.5	0.055801	-0.0337214
42.6	0.0559125	-0.0337214
42.7	0.0563585	-0.0334984
42.8	0.0565816	-0.0333869
42.9	0.0566931	-0.0331639
43	0.0565816	-0.0332754
43.1	0.0564701	-0.0333869
43.2	0.0565816	-0.0333869
43.3	0.0568046	-0.0327179
43.4	0.0569161	-0.0324948
43.5	0.0569161	-0.0320488
43.6	0.0571391	-0.0319373
43.7	0.0573621	-0.0318258
43.8	0.0573621	-0.0318258
43.9	0.0576966	-0.0317143
44	0.0579196	-0.0316028
44.1	0.0580311	-0.0316028
44.2	0.0580311	-0.0316028
44.3	0.0580311	-0.0317143
44.4	0.0580311	-0.0317143
44.5	0.0580311	-0.0317143
44.6	0.0579196	-0.0317143
44.7	0.0575851	-0.0317143
44.8	0.0575851	-0.0317143
44.9	0.0574736	-0.0318258
45	0.0574736	-0.0318258
45.1	0.0570276	-0.0318258
45.2	0.0572506	-0.0318258
45.3	0.0573621	-0.0318258
45.4	0.0573621	-0.0318258
45.5	0.0573621	-0.0318258
45.6	0.0573621	-0.0318258
45.7	0.0573621	-0.0318258
45.8	0.0573621	-0.0318258
45.9	0.0573621	-0.0318258
46	0.0572506	-0.0318258
46.1	0.0569161	-0.0317143
46.2	0.0568046	-0.0313798
46.3	0.0568046	-0.0313798
46.4	0.0568046	-0.0313798
46.5	0.0568046	-0.0313798
46.6	0.0568046	-0.0316028
46.7	0.0561355	-0.0319373
46.8	0.0569161	-0.0317143
46.9	0.0569161	-0.0317143
47	0.0569161	-0.0302648
47.1	0.0569161	-0.0300417
47.2	0.0569161	-0.0307108
47.3	0.0569161	-0.0307108
47.4	0.0566931	-0.0312683
47.5	0.0569161	-0.0309338
47.6	0.0569161	-0.0309338
47.7	0.056247	-0.0313798
47.8	0.056247	-0.0314913
47.9	0.0569161	-0.0314913
48	0.0564701	-0.0317143
48.1	0.056247	-0.0313798
48.2	0.056247	-0.0313798
48.3	0.0561355	-0.0313798
48.4	0.0561355	-0.0313798
48.5	0.0561355	-0.0313798
48.6	0.0561355	-0.0313798
48.7	0.0561355	-0.0313798
48.8	0.055801	-0.0314913
48.9	0.055801	-0.0316028
49	0.055801	-0.0316028
49.1	0.055801	-0.0317143
49.2	0.056024	-0.0317143
49.3	0.056024	-0.0317143
49.4	0.056024	-0.0317143
49.5	0.056024	-0.0317143
49.6	0.056024	-0.0317143
49.7	0.056024	-0.0317143
49.8	0.0564701	-0.0316028
49.9	0.0564701	-0.0314913
50	0.0564701	-0.0314913
50.1	0.0564701	-0.0314913
50.2	0.0561355	-0.0314913
50.3	0.0561355	-0.0314913
50.4	0.0561355	-0.0314913
50.5	0.0561355	-0.0314913
50.6	0.0563585	-0.0314913
50.7	0.0564701	-0.0314913
50.8	0.0564701	-0.0314913
50.9	0.0569161	-0.0311568
51	0.0568046	-0.0312683
51.1	0.0568046	-0.0312683
51.2	0.0568046	-0.0312683
51.3	0.0565816	-0.0312683
51.4	0.056247	-0.0313798
51.5	0.0559125	-0.0314913
51.6	0.0559125	-0.0314913
51.7	0.056024	-0.0314913
51.8	0.056024	-0.0314913
51.9	0.0564701	-0.0313798
52	0.0564701	-0.0313798
52.1	0.0564701	-0.0313798
52.2	0.0564701	-0.0314913
52.3	0.0564701	-0.0314913
52.4	0.0564701	-0.0316028
52.5	0.0564701	-0.0316028
52.6	0.0564701	-0.0316028
52.7	0.0564701	-0.0316028
52.8	0.0564701	-0.0316028
52.9	0.0564701	-0.0316028
53	0.0564701	-0.0316028
53.1	0.0564701	-0.0319373
53.2	0.0565816	-0.0321603
53.3	0.0566931	-0.0321603
53.4	0.0569161	-0.0321603
53.5	0.0570276	-0.0321603
53.6	0.0570276	-0.0321603
53.7	0.0570276	-0.0321603
53.8	0.0570276	-0.0321603
53.9	0.0570276	-0.0321603
54	0.0570276	-0.0321603
54.1	0.0570276	-0.0321603
54.2	0.0570276	-0.0321603
54.3	0.0570276	-0.0321603
54.4	0.0570276	-0.0321603
54.5	0.0570276	-0.0321603
54.6	0.0570276	-0.0321603
54.7	0.0570276	-0.0321603
54.8	0.0570276	-0.0321603
54.9	0.0570276	-0.0321603
55	0.0570276	-0.0321603
55.1	0.0570276	-0.0321603
55.2	0.0570276	-0.0321603
55.3	0.0569161	-0.0323833
55.4	0.0565816	-0.0328294
55.5	0.0565816	-0.0328294
55.6	0.0565816	-0.0328294
55.7	0.0565816	-0.0328294
55.8	0.056247	-0.0328294
55.9	0.0554665	-0.0330524
56	0.0556895	-0.0329409
56.1	0.0556895	-0.0329409
56.2	0.0556895	-0.0327179
56.3	0.0556895	-0.0327179
56.4	0.0556895	-0.0327179
56.5	0.0556895	-0.0327179
56.6	0.0556895	-0.0327179
56.7	0.0556895	-0.0327179
56.8	0.0552435	-0.0314913
56.9	0.0552435	-0.0314913
57	0.0552435	-0.0312683
57.1	0.0552435	-0.0311568
57.2	0.0552435	-0.0308223
57.3	0.0552435	-0.0308223
57.4	0.0554665	-0.0307108
57.5	0.055578	-0.0305993
57.6	0.055578	-0.0305993
57.7	0.055578	-0.0305993
57.8	0.055355	-0.0302648
57.9	0.055355	-0.0301533
58	0.055355	-0.0301533
58.1	0.055355	-0.0300417
58.2	0.055355	-0.0300417
58.3	0.055355	-0.0300417
58.4	0.055355	-0.0300417
58.5	0.055355	-0.0297072
58.6	0.055355	-0.0297072
58.7	0.055355	-0.0297072
58.8	0.055355	-0.0297072
58.9	0.055355	-0.0297072
59	0.055578	-0.0302648
59.1	0.055578	-0.0303763
59.2	0.055578	-0.0303763
59.3	0.0556895	-0.0303763
59.4	0.0556895	-0.0303763
59.5	0.0556895	-0.0303763
59.6	0.054909	-0.0304878
59.7	0.054909	-0.0304878
59.8	0.055132	-0.0304878
59.9	0.0552435	-0.0308223
60	0.055801	-0.0309338
60.1	0.056024	-0.0310453
60.2	0.056247	-0.0316028
60.3	0.056247	-0.0319373
60.4	0.056247	-0.0319373
60.5	0.0570276	-0.0322718
60.6	0.0573621	-0.0322718
60.7	0.0573621	-0.0322718
60.8	0.0573621	-0.0322718
60.9	0.0573621	-0.0321603
61	0.0573621	-0.0319373
61.1	0.0573621	-0.0317143
61.2	0.0568046	-0.0317143
61.3	0.0570276	-0.0314913
61.4	0.0571391	-0.0310453
61.5	0.0569161	-0.0310453
61.6	0.0565816	-0.0313798
61.7	0.056247	-0.0316028
61.8	0.0572506	-0.0309338
61.9	0.0572506	-0.0312683
62	0.0572506	-0.0313798
62.1	0.0571391	-0.0313798
62.2	0.0571391	-0.0313798
62.3	0.0566931	-0.0314913
62.4	0.0566931	-0.0316028
62.5	0.0573621	-0.0314913
62.6	0.0572506	-0.0314913
62.7	0.0568046	-0.0316028
62.8	0.0566931	-0.0316028
62.9	0.0566931	-0.0316028
63	0.0568046	-0.0314913
63.1	0.0571391	-0.0314913
63.2	0.0568046	-0.0317143
63.3	0.0568046	-0.0317143
63.4	0.0569161	-0.0317143
63.5	0.0569161	-0.0319373
63.6	0.0569161	-0.0319373
63.7	0.0570276	-0.0319373
63.8	0.0565816	-0.0320488
63.9	0.0565816	-0.0320488
64	0.0565816	-0.0320488
64.1	0.0563585	-0.0320488
64.2	0.0563585	-0.0320488
64.3	0.0563585	-0.0320488
64.4	0.0563585	-0.0320488
64.5	0.0563585	-0.0322718
64.6	0.0564701	-0.0327179
64.7	0.0566931	-0.0327179
64.8	0.0569161	-0.0327179
64.9	0.0570276	-0.0327179
65	0.0573621	-0.0326064
65.1	0.0573621	-0.0323833
65.2	0.0573621	-0.0323833
65.3	0.0576966	-0.0321603
65.4	0.0576966	-0.0321603
65.5	0.0573621	-0.0322718
65.6	0.0573621	-0.0322718
65.7	0.0573621	-0.0322718
65.8	0.0575851	-0.0322718
65.9	0.0578081	-0.0320488
66	0.0579196	-0.0320488
66.1	0.0579196	-0.0320488
66.2	0.0575851	-0.0320488
66.3	0.0572506	-0.0320488
66.4	0.0572506	-0.0317143
66.5	0.0573621	-0.0316028
66.6	0.0575851	-0.0316028
66.7	0.0569161	-0.0318258
66.8	0.0569161	-0.0318258
66.9	0.0570276	-0.0318258
67	0.0576966	-0.0319373
67.1	0.0581426	-0.0322718
67.2	0.0581426	-0.0322718
67.3	0.0579196	-0.0322718
67.4	0.0576966	-0.0322718
67.5	0.0575851	-0.0320488
67.6	0.0570276	-0.0317143
67.7	0.0570276	-0.0317143
67.8	0.0573621	-0.0314913
67.9	0.0573621	-0.0314913
68	0.0564701	-0.0317143
68.1	0.056247	-0.0317143
68.2	0.0572506	-0.0308223
68.3	0.0563585	-0.0311568
68.4	0.0563585	-0.0311568
68.5	0.0568046	-0.0312683
68.6	0.0568046	-0.0313798
68.7	0.056247	-0.0316028
68.8	0.056247	-0.0317143
68.9	0.0572506	-0.0312683
69	0.0568046	-0.0312683
69.1	0.0565816	-0.0313798
69.2	0.0570276	-0.0302648
69.3	0.0570276	-0.0302648
69.4	0.0573621	-0.0304878
69.5	0.0574736	-0.0304878
69.6	0.0576966	-0.0308223
69.7	0.0575851	-0.0309338
69.8	0.0574736	-0.0310453
69.9	0.0574736	-0.0310453
70	0.0571391	-0.0310453
70.1	0.0571391	-0.0310453
70.2	0.0571391	-0.0310453
70.3	0.0569161	-0.0311568
70.4	0.0569161	-0.0311568
70.5	0.0572506	-0.0310453
70.6	0.0573621	-0.0309338
70.7	0.0576966	-0.0310453
70.8	0.0579196	-0.0312683
70.9	0.0579196	-0.0312683
71	0.0587001	-0.0310453
71.1	0.0591462	-0.0308223
71.2	0.0591462	-0.0308223
71.3	0.0591462	-0.0308223
71.4	0.0591462	-0.0307108
71.5	0.0588116	-0.0305993
71.6	0.0588116	-0.0305993
71.7	0.0588116	-0.0305993
71.8	0.0588116	-0.0305993
71.9	0.0585886	-0.0305993
72	0.0583656	-0.0305993
72.1	0.0583656	-0.0305993
72.2	0.0583656	-0.0305993
72.3	0.0589231	-0.0307108
72.4	0.0590347	-0.0307108
72.5	0.0590347	-0.0307108
72.6	0.0590347	-0.0307108
72.7	0.0588116	-0.0308223
72.8	0.0588116	-0.0309338
72.9	0.0587001	-0.0313798
73	0.0587001	-0.0313798
73.1	0.0587001	-0.0317143
73.2	0.0585886	-0.0322718
73.3	0.0585886	-0.0322718
73.4	0.0583656	-0.0323833
73.5	0.0579196	-0.0326064
73.6	0.0584771	-0.0326064
73.7	0.0591462	-0.0326064
73.8	0.0591462	-0.0326064
73.9	0.0591462	-0.0326064
74	0.0589231	-0.0330524
74.1	0.0588116	-0.0330524
74.2	0.0588116	-0.0330524
74.3	0.0583656	-0.0329409
74.4	0.0583656	-0.0329409
74.5	0.0583656	-0.0329409
74.6	0.0583656	-0.0329409
74.7	0.0587001	-0.0329409
74.8	0.0589231	-0.0329409
74.9	0.0591462	-0.0329409
75	0.0591462	-0.0330524
75.1	0.0591462	-0.0334984
75.2	0.0590347	-0.0337214
75.3	0.0583656	-0.0338329
75.4	0.0583656	-0.0339444
75.5	0.0589231	-0.0339444
75.6	0.0591462	-0.0337214
75.7	0.0591462	-0.0339444
75.8	0.0592577	-0.0339444
75.9	0.0592577	-0.0337214
76	0.0592577	-0.0337214
76.1	0.0591462	-0.0338329
76.2	0.0591462	-0.0338329
76.3	0.0590347	-0.0338329
76.4	0.0588116	-0.0336099
76.5	0.0590347	-0.0336099
76.6	0.0591462	-0.0334984
76.7	0.0591462	-0.0334984
76.8	0.0591462	-0.0334984
76.9	0.0594807	-0.0334984
77	0.0595922	-0.0334984
77.1	0.0597037	-0.0332754
77.2	0.0597037	-0.0333869
77.3	0.0597037	-0.0333869
77.4	0.0597037	-0.0332754
77.5	0.0594807	-0.0333869
77.6	0.0597037	-0.0333869
77.7	0.0598152	-0.0333869
77.8	0.0598152	-0.0333869
77.9	0.0600382	-0.0332754
78	0.0600382	-0.0334984
78.1	0.0599267	-0.0334984
78.2	0.0598152	-0.0334984
78.3	0.0598152	-0.0338329
78.4	0.0597037	-0.0339444
78.5	0.0595922	-0.0341674
78.6	0.0602612	-0.0343904
78.7	0.0603727	-0.0345019
78.8	0.0603727	-0.0346134
78.9	0.0605957	-0.035171
79	0.0604842	-0.035171
79.1	0.0604842	-0.0349479
79.2	0.0603727	-0.0349479
79.3	0.0600382	-0.0349479
79.4	0.0598152	-0.0345019
79.5	0.0599267	-0.0342789
79.6	0.0599267	-0.0341674
79.7	0.0599267	-0.0341674
79.8	0.0599267	-0.0341674
79.9	0.0600382	-0.0341674
80	0.0600382	-0.0341674
80.1	0.0600382	-0.0341674
80.2	0.0600382	-0.0341674
80.3	0.0598152	-0.0341674
80.4	0.0593692	-0.0342789
80.5	0.0592577	-0.0342789
80.6	0.0592577	-0.0342789
80.7	0.0588116	-0.0343904
80.8	0.0587001	-0.0343904
80.9	0.0583656	-0.0340559
81	0.0583656	-0.0340559
81.1	0.0583656	-0.0340559
81.2	0.0587001	-0.0340559
81.3	0.0587001	-0.0340559
81.4	0.0587001	-0.0340559
81.5	0.0587001	-0.0340559
81.6	0.0587001	-0.0340559
81.7	0.0587001	-0.0340559
81.8	0.0580311	-0.0340559
81.9	0.0580311	-0.0341674
82	0.0582541	-0.0341674
82.1	0.0583656	-0.0340559
82.2	0.0584771	-0.0340559
82.3	0.0590347	-0.0340559
82.4	0.0592577	-0.0338329
82.5	0.0592577	-0.0338329
82.6	0.0588116	-0.0339444
82.7	0.0588116	-0.0339444
82.8	0.0583656	-0.0340559
82.9	0.0585886	-0.0340559
83	0.0588674	-0.0339444
83.1	0.0591462	-0.0338329
83.2	0.0591462	-0.0336099
83.3	0.0591462	-0.0336099
83.4	0.0591462	-0.0336099
83.5	0.0595922	-0.0334984
83.6	0.0597037	-0.0332754
83.7	0.0599267	-0.0332754
83.8	0.0600382	-0.0334984
83.9	0.0598152	-0.0336099
84	0.0592577	-0.0338329
84.1	0.0588116	-0.0339444
84.2	0.0588116	-0.0339444
84.3	0.0589231	-0.0339444
84.4	0.0591462	-0.0339444
84.5	0.0592577	-0.0339444
84.6	0.0595922	-0.0338329
84.7	0.0595922	-0.0339444
84.8	0.0595922	-0.0343904
84.9	0.0598152	-0.0346134
85	0.0598152	-0.0348364
85.1	0.0598152	-0.0348364
85.2	0.0600382	-0.0349479
85.3	0.0603727	-0.0350595
85.4	0.0603727	-0.035171
85.5	0.0605957	-0.0350595
85.6	0.0604842	-0.035171
85.7	0.0602612	-0.035171
85.8	0.0601497	-0.035171
85.9	0.0601497	-0.0350595
86	0.0602612	-0.0349479
86.1	0.0602612	-0.0349479
86.2	0.0602612	-0.0349479
86.3	0.0601497	-0.0347249
86.4	0.0601497	-0.0346134
86.5	0.0597037	-0.0347249
86.6	0.0593692	-0.0348364
86.7	0.0594807	-0.0348364
86.8	0.0595922	-0.0347249
86.9	0.0592577	-0.0347249
87	0.0592577	-0.0347249
87.1	0.0594807	-0.0346134
87.2	0.0598152	-0.0341674
87.3	0.0601497	-0.0340559
87.4	0.0601497	-0.0341674
87.5	0.0601497	-0.0341674
87.6	0.0601497	-0.0341674
87.7	0.0600382	-0.0343904
87.8	0.0600382	-0.0343904
87.9	0.0601497	-0.0343904
88	0.0601497	-0.0343904
88.1	0.0602612	-0.0345019
88.2	0.0609302	-0.0345019
88.3	0.0610417	-0.0345019
88.4	0.0610417	-0.0347249
88.5	0.0610417	-0.0348364
88.6	0.0613762	-0.0350595
88.7	0.0618223	-0.0350595
88.8	0.0620453	-0.0349479
88.9	0.0622683	-0.0349479
89	0.0622683	-0.0349479
89.1	0.0624913	-0.0348364
89.2	0.0624913	-0.0348364
89.3	0.0624913	-0.0348364
89.4	0.0626028	-0.0349479
89.5	0.0630488	-0.0352825
89.6	0.0628258	-0.0357285
89.7	0.0628258	-0.0357285
89.8	0.0627143	-0.0357285
89.9	0.0627143	-0.03584
90	0.0630488	-0.035617
90.1	0.0634948	-0.0357285
90.2	0.0638293	-0.0357285
90.3	0.0639409	-0.0355055
90.4	0.0639409	-0.0355055
90.5	0.0640524	-0.035394
90.6	0.0636063	-0.035617
90.7	0.0631603	-0.035617
90.8	0.0629373	-0.035617
90.9	0.0628258	-0.035617
91	0.0627143	-0.0355055
91.1	0.0624913	-0.035394
91.2	0.0620453	-0.035171
91.3	0.0617108	-0.035171
91.4	0.0613762	-0.0352825
91.5	0.0609302	-0.0352825
91.6	0.0604842	-0.0355055
91.7	0.0604842	-0.0355055
91.8	0.0604842	-0.0355055
91.9	0.0603727	-0.035617
92	0.0602612	-0.0357285
92.1	0.0602612	-0.03584
92.2	0.0602612	-0.03584
92.3	0.0602612	-0.0361745
92.4	0.0602612	-0.0361745
92.5	0.0603727	-0.0361745
92.6	0.0605957	-0.036063
92.7	0.0605957	-0.036063
92.8	0.0608187	-0.0359515
92.9	0.0608187	-0.0359515
93	0.0607072	-0.0359515
93.1	0.0607072	-0.0359515
93.2	0.0604842	-0.0359515
93.3	0.0604842	-0.0359515
93.4	0.0604842	-0.036063
93.5	0.0604842	-0.036063
93.6	0.0604842	-0.036063
93.7	0.0603727	-0.036063
93.8	0.0603727	-0.036063
93.9	0.0600382	-0.036063
94	0.0600382	-0.036063
94.1	0.0601497	-0.03584
94.2	0.0603727	-0.03584
94.3	0.0604842	-0.03584
94.4	0.0604842	-0.03584
94.5	0.0604842	-0.03584
94.6	0.0604842	-0.03584
94.7	0.0604842	-0.03584
94.8	0.0604842	-0.03584
94.9	0.0602612	-0.0359515
95	0.0602612	-0.0359515
95.1	0.0603727	-0.0359515
95.2	0.0603727	-0.0359515
95.3	0.0605957	-0.0359515
95.4	0.0608187	-0.036063
95.5	0.0610417	-0.0361745
95.6	0.0611532	-0.0361745
95.7	0.0612647	-0.0361745
95.8	0.0613762	-0.0361745
95.9	0.0613762	-0.0361745
96	0.0614878	-0.0361745
96.1	0.0615993	-0.0361745
96.2	0.0615993	-0.0361745
96.3	0.0617108	-0.0361745
96.4	0.0620453	-0.0361745
96.5	0.0615993	-0.0366205
96.6	0.0613762	-0.036732
96.7	0.0614878	-0.036732
96.8	0.0617108	-0.036732
96.9	0.0619338	-0.036732
97	0.0619338	-0.036955
97.1	0.0626028	-0.036955
97.2	0.0628258	-0.036732
97.3	0.0628258	-0.0366205
97.4	0.0624913	-0.0366205
97.5	0.0622683	-0.036732
97.6	0.0622683	-0.036732
97.7	0.0618223	-0.036732
97.8	0.0615993	-0.036732
97.9	0.0617108	-0.036509
98	0.0621568	-0.036286
98.1	0.0622683	-0.0366205
98.2	0.0620453	-0.0368435
98.3	0.0618223	-0.036955
98.4	0.0617108	-0.0368435
98.5	0.0617108	-0.0361745
98.6	0.0621568	-0.0357285
98.7	0.0623798	-0.035394
98.8	0.0623798	-0.035394
98.9	0.0626028	-0.035394
99	0.0626028	-0.035171
99.1	0.0626028	-0.035171
99.2	0.0624913	-0.0352825
99.3	0.0623798	-0.0352825
99.4	0.0623798	-0.0352825
99.5	0.0626028	-0.0349479
99.6	0.0626028	-0.0349479
99.7	0.0626028	-0.0346134
99.8	0.0623798	-0.0346134
99.9	0.0622683	-0.0346134
100	0.0622683	-0.0346134
100.1	0.0622683	-0.0346134
100.2	0.0622683	-0.0346134
100.3	0.0624913	-0.0346134
100.4	0.0624913	-0.0346134
100.5	0.0622683	-0.0346134
100.6	0.0620453	-0.0348364
100.7	0.0619338	-0.0349479
100.8	0.0619338	-0.0349479
100.9	0.0619338	-0.0349479
101	0.0619338	-0.0348364
101.1	0.0619338	-0.0346134
101.2	0.0619338	-0.0346134
101.3	0.0618223	-0.0346134
101.4	0.0618223	-0.0347249
101.5	0.0615993	-0.0348364
101.6	0.0612647	-0.0345019
101.7	0.0611532	-0.0345019
101.8	0.0609302	-0.0347249
101.9	0.0608187	-0.0347249
102	0.0604842	-0.0347249
102.1	0.0601497	-0.0347249
102.2	0.0601497	-0.0347249
102.3	0.0598152	-0.0347249
102.4	0.0594807	-0.0348364
102.5	0.0593692	-0.0348364
102.6	0.0604842	-0.0342789
102.7	0.0605957	-0.0343904
102.8	0.0604842	-0.0345019
102.9	0.0602612	-0.0347249
103	0.0603727	-0.0347249
103.1	0.0603727	-0.0348364
103.2	0.0603727	-0.0348364
103.3	0.0599267	-0.035171
103.4	0.0600382	-0.0352825
103.5	0.0602612	-0.0352825
103.6	0.0601497	-0.0352825
103.7	0.0601497	-0.0352825
103.8	0.0601497	-0.0352825
103.9	0.0601497	-0.035394
104	0.0598152	-0.035617
104.1	0.0597037	-0.0357285
104.2	0.0594807	-0.036286
104.3	0.0594807	-0.036509
104.4	0.0593692	-0.036509
104.5	0.0593692	-0.036509
104.6	0.0597037	-0.0366205
104.7	0.0599267	-0.0366205
104.8	0.0599267	-0.0366205
104.9	0.0593692	-0.036955
105	0.0595922	-0.036732
105.1	0.0595922	-0.036732
105.2	0.0595922	-0.036732
105.3	0.0595922	-0.036732
105.4	0.0599267	-0.0368435
105.5	0.0599267	-0.0368435
105.6	0.0599267	-0.036955
105.7	0.0599267	-0.036955
105.8	0.0599267	-0.036955
105.9	0.0599267	-0.036955
106	0.0599267	-0.036955
106.1	0.0598152	-0.036955
106.2	0.0592577	-0.037401
106.3	0.0592577	-0.037401
106.4	0.0592577	-0.037401
106.5	0.0593692	-0.0377356
106.6	0.0593692	-0.0377356
106.7	0.0593692	-0.0377356
106.8	0.0595922	-0.0378471
106.9	0.0600382	-0.0379586
107	0.0600382	-0.0380701
107.1	0.0597037	-0.0381816
107.2	0.0593692	-0.0386276
107.3	0.0593692	-0.0387391
107.4	0.0593692	-0.0387391
107.5	0.0595922	-0.0390736
107.6	0.0595922	-0.0390736
107.7	0.0595922	-0.0390736
107.8	0.0595922	-0.0391851
107.9	0.0600382	-0.0386276
108	0.0600382	-0.0387391
108.1	0.0599267	-0.0387391
108.2	0.0599267	-0.0386276
108.3	0.0600382	-0.0380701
108.4	0.0600382	-0.0380701
108.5	0.0603727	-0.0379586
108.6	0.0601497	-0.0379586
108.7	0.0597037	-0.0380701
108.8	0.0597037	-0.0380701
108.9	0.0598152	-0.0379586
109	0.0598152	-0.0379586
109.1	0.0594807	-0.0379586
109.2	0.0594807	-0.0379586
109.3	0.0594807	-0.0379586
109.4	0.0584771	-0.0380701
109.5	0.0591462	-0.0379586
109.6	0.0592577	-0.0379586
109.7	0.0592577	-0.0379586
109.8	0.0592577	-0.0379586
109.9	0.0592577	-0.0379586
110	0.0589231	-0.0380701
110.1	0.0589231	-0.0380701
110.2	0.0589231	-0.0380701
110.3	0.0589231	-0.0380701
110.4	0.0589231	-0.0380701
110.5	0.0591462	-0.0380701
110.6	0.0591462	-0.0380701
110.7	0.0591462	-0.0380701
110.8	0.0591462	-0.0376241
110.9	0.0591462	-0.0376241
111	0.0591462	-0.0375125
111.1	0.0591462	-0.0375125
111.2	0.0591462	-0.0375125
111.3	0.0595922	-0.0377356
111.4	0.0595922	-0.0382931
111.5	0.0595922	-0.0384046
111.6	0.0595922	-0.0384046
111.7	0.0595922	-0.0384046
111.8	0.0595922	-0.0384046
111.9	0.0595922	-0.0384046
112	0.0595922	-0.0384046
112.1	0.0595922	-0.0384046
112.2	0.0595922	-0.0384046
112.3	0.0594807	-0.0384046
112.4	0.0591462	-0.0384046
112.5	0.0591462	-0.0384046
112.6	0.0591462	-0.0384046
112.7	0.0591462	-0.0379586
112.8	0.0591462	-0.0379586
112.9	0.0593692	-0.0379586
113	0.0595922	-0.0379586
113.1	0.0595922	-0.0379586
113.2	0.0597037	-0.0379586
113.3	0.0603727	-0.0380701
113.4	0.0603727	-0.0380701
113.5	0.0603727	-0.0380701
113.6	0.0603727	-0.0380701
113.7	0.0605957	-0.0380701
113.8	0.0608187	-0.0379586
113.9	0.0608187	-0.0379586
114	0.0608187	-0.0379586
114.1	0.0608187	-0.0379586
114.2	0.0608187	-0.0379586
114.3	0.0608187	-0.0379586
114.4	0.0608187	-0.0379586
114.5	0.0608187	-0.0379586
114.6	0.0602612	-0.0379586
114.7	0.0601497	-0.0379586
114.8	0.0601497	-0.0379586
114.9	0.0601497	-0.0379586
115	0.0601497	-0.0375125
115.1	0.0602612	-0.0377356
115.2	0.0602612	-0.0377356
115.3	0.0599267	-0.0382931
115.4	0.0599267	-0.0386276
115.5	0.0603727	-0.0386276
115.6	0.0608187	-0.0386276
115.7	0.0609302	-0.0385161
115.8	0.0605957	-0.0384046
115.9	0.0605957	-0.0385161
116	0.0610417	-0.0382931
116.1	0.0611532	-0.0379586
116.2	0.0607072	-0.0384046
116.3	0.0608187	-0.0386276
116.4	0.0611532	-0.0386276
116.5	0.0612647	-0.0386276
116.6	0.0609302	-0.0386276
116.7	0.0609302	-0.0386276
116.8	0.0607072	-0.0386276
116.9	0.0609302	-0.0388506
117	0.0612647	-0.0388506
117.1	0.0605957	-0.0390736
117.2	0.0608187	-0.0391851
117.3	0.0611532	-0.0391851
117.4	0.0611532	-0.0391851
117.5	0.0612647	-0.0391851
117.6	0.0612647	-0.0390736
117.7	0.0612647	-0.0390736
117.8	0.0612647	-0.0390736
117.9	0.0612647	-0.0390736
118	0.0617108	-0.0386276
118.1	0.0619338	-0.0388506
118.2	0.0619338	-0.0388506
118.3	0.0619338	-0.0388506
118.4	0.0619338	-0.0388506
118.5	0.0619338	-0.0388506
118.6	0.0620453	-0.0388506
118.7	0.0620453	-0.0388506
118.8	0.0620453	-0.0388506
118.9	0.0618223	-0.0389064
119	0.0615993	-0.0389621
119.1	0.0615993	-0.0389621
119.2	0.0615993	-0.0389621
119.3	0.0615993	-0.0389621
119.4	0.0615993	-0.0389621
119.5	0.0615993	-0.0389621
119.6	0.0615993	-0.0390736
119.7	0.0615993	-0.0390736
119.8	0.0615993	-0.0390736
119.9	0.0615993	-0.0390736
120	0.0620453	-0.0387391
120.1	0.0621568	-0.0387391
120.2	0.0621568	-0.0387391
120.3	0.0620453	-0.0387391
120.4	0.0620453	-0.0387391
120.5	0.0620453	-0.0387391
120.6	0.0620453	-0.0387391
120.7	0.0622683	-0.0382931
120.8	0.0626028	-0.0377356
120.9	0.0626028	-0.0377356
121	0.0626028	-0.0385161
121.1	0.0626028	-0.0385161
121.2	0.0624913	-0.0388506
121.3	0.0624913	-0.0388506
121.4	0.0624913	-0.0388506
121.5	0.0624913	-0.0388506
121.6	0.0624913	-0.0388506
121.7	0.0624913	-0.0388506
121.8	0.0624913	-0.0388506
121.9	0.0624913	-0.0388506
122	0.0624913	-0.0388506
122.1	0.0624913	-0.0388506
122.2	0.0626028	-0.0388506
122.3	0.0626028	-0.0388506
122.4	0.0628258	-0.0388506
122.5	0.0628258	-0.0388506
122.6	0.0626028	-0.0392966
122.7	0.0626028	-0.0394081
122.8	0.0621568	-0.0395196
122.9	0.0621568	-0.0395196
123	0.0620453	-0.0400772
123.1	0.0619338	-0.0400772
123.2	0.0619338	-0.0400772
123.3	0.0619338	-0.0400772
123.4	0.0621568	-0.0399656
123.5	0.0621568	-0.0399656
123.6	0.0621568	-0.0391851
123.7	0.0621568	-0.0391851
123.8	0.0615993	-0.0395196
123.9	0.0615993	-0.0395196
124	0.0615993	-0.0391851
124.1	0.0615993	-0.0391851
124.2	0.0615993	-0.0391851
124.3	0.0613762	-0.0392966
124.4	0.0613762	-0.0392966
124.5	0.0611532	-0.0394081
124.6	0.0611532	-0.0394081
124.7	0.0608187	-0.0398541
124.8	0.0608187	-0.0396311
124.9	0.0608187	-0.0395196
125	0.0609302	-0.0394081
125.1	0.0609302	-0.0394081
125.2	0.0609302	-0.0394081
125.3	0.0609302	-0.0398541
125.4	0.0609302	-0.0398541
125.5	0.0609302	-0.0398541
125.6	0.0609302	-0.0398541
125.7	0.0609302	-0.0398541
125.8	0.0609302	-0.0398541
125.9	0.0609302	-0.0403002
126	0.0609302	-0.0403002
126.1	0.0608187	-0.0405232
126.2	0.0605957	-0.0407462
126.3	0.0605957	-0.0407462
126.4	0.0604842	-0.0408577
126.5	0.0604842	-0.0409692
126.6	0.0604842	-0.0409692
126.7	0.0604842	-0.0409692
126.8	0.0597037	-0.0416382
126.9	0.0597037	-0.0416382
127	0.0601497	-0.0408577
127.1	0.0604842	-0.0407462
127.2	0.0604842	-0.0409692
127.3	0.0603727	-0.0410807
127.4	0.0603727	-0.0408577
127.5	0.0603727	-0.0408577
127.6	0.0603727	-0.0408577
127.7	0.0603727	-0.0409692
127.8	0.0603727	-0.0409692
127.9	0.0603727	-0.0409692
128	0.0603727	-0.0409692
128.1	0.0603727	-0.0409692
128.2	0.0604842	-0.0409692
128.3	0.0604842	-0.0409692
128.4	0.0604842	-0.0409692
128.5	0.0608187	-0.0408577
128.6	0.0608187	-0.0408577
128.7	0.0608187	-0.0408577
128.8	0.0609302	-0.0401887
128.9	0.0610417	-0.0401887
129	0.0610417	-0.0401887
129.1	0.0610417	-0.0401887
129.2	0.0610417	-0.0401887
129.3	0.0612647	-0.0400772
129.4	0.0612647	-0.0400772
129.5	0.0612647	-0.0403002
129.6	0.0612647	-0.0406347
129.7	0.0613762	-0.0407462
129.8	0.0615993	-0.0407462
129.9	0.0615993	-0.0407462
130	0.0621568	-0.0406347
130.1	0.0621568	-0.0406347
130.2	0.0621568	-0.0408577
130.3	0.0620453	-0.0410807
130.4	0.0617108	-0.0416382
130.5	0.0617108	-0.0416382
130.6	0.0617108	-0.0416382
130.7	0.0618223	-0.0416382
130.8	0.0619338	-0.0415267
130.9	0.0619338	-0.0415267
131	0.0619338	-0.0415267
131.1	0.0619338	-0.0415267
131.2	0.0618223	-0.0415267
131.3	0.0618223	-0.0415267
131.4	0.0618223	-0.0415267
131.5	0.0618223	-0.0415267
131.6	0.0620453	-0.0408577
131.7	0.0620453	-0.0405232
131.8	0.0620453	-0.0405232
131.9	0.0620453	-0.0404117
132	0.0618223	-0.0401887
132.1	0.0617108	-0.0399656
132.2	0.0617108	-0.0399656
132.3	0.0614878	-0.0398541
132.4	0.0614878	-0.0398541
132.5	0.0614878	-0.0398541
132.6	0.0614878	-0.0398541
132.7	0.0614878	-0.0398541
132.8	0.0614878	-0.0398541
132.9	0.0614878	-0.0396311
133	0.0614878	-0.0396311
133.1	0.0613762	-0.0396311
133.2	0.0610417	-0.0397426
133.3	0.0610417	-0.0397426
133.4	0.0610417	-0.0397426
133.5	0.0610417	-0.0398541
133.6	0.0610417	-0.0398541
133.7	0.0610417	-0.0398541
133.8	0.0610417	-0.0398541
133.9	0.0608187	-0.0401887
134	0.0614878	-0.0401887
134.1	0.0611532	-0.0401887
134.2	0.0611532	-0.0400772
134.3	0.0611532	-0.0400772
134.4	0.0611532	-0.0400772
134.5	0.0611532	-0.0400772
134.6	0.0611532	-0.0400772
134.7	0.0611532	-0.0400772
134.8	0.0612647	-0.0400772
134.9	0.0613762	-0.0399656
135	0.0613762	-0.0399656
135.1	0.0613762	-0.0399656
135.2	0.0613762	-0.0399656
135.3	0.0613762	-0.0399656
135.4	0.0613762	-0.0399656
135.5	0.0620453	-0.0396311
135.6	0.0621568	-0.0395196
135.7	0.0621568	-0.0395196
135.8	0.0624913	-0.0394081
135.9	0.0624913	-0.0392966
136	0.0623798	-0.0391851
136.1	0.0623798	-0.0391851
136.2	0.0623798	-0.0391851
136.3	0.0623798	-0.0391851
136.4	0.0622683	-0.0391851
136.5	0.0622683	-0.0391851
136.6	0.0622683	-0.0391851
136.7	0.0622683	-0.0391851
136.8	0.0622683	-0.0392966
136.9	0.0619338	-0.0397426
137	0.0619338	-0.0397426
137.1	0.0615993	-0.0398541
137.2	0.0610417	-0.0400772
137.3	0.0610417	-0.0400772
137.4	0.0607072	-0.0406347
137.5	0.0607072	-0.0407462
137.6	0.0608187	-0.0408577
137.7	0.0614878	-0.0410807
137.8	0.0617108	-0.0410807
137.9	0.0620453	-0.0411922
138	0.0620453	-0.0411922
138.1	0.0621568	-0.0411922
138.2	0.0621568	-0.0411922
138.3	0.0622683	-0.0408577
138.4	0.0622683	-0.0408577
138.5	0.0622683	-0.0408577
138.6	0.0622683	-0.0408577
138.7	0.0624913	-0.0406347
138.8	0.0624913	-0.0406347
138.9	0.0624913	-0.0406347
139	0.0624913	-0.0406347
139.1	0.0624913	-0.0406347
139.2	0.0624913	-0.0406347
139.3	0.0623798	-0.0406347
139.4	0.0619338	-0.0407462
139.5	0.0619338	-0.0407462
139.6	0.0619338	-0.0407462
139.7	0.0619338	-0.0407462
139.8	0.0619338	-0.0407462
139.9	0.0619338	-0.0407462
140	0.0619338	-0.0406347
140.1	0.0619338	-0.0406347
140.2	0.0619338	-0.0404117
140.3	0.0619338	-0.0404117
140.4	0.0619338	-0.0404117
140.5	0.0619338	-0.0404117
140.6	0.0619338	-0.0404117
140.7	0.0619338	-0.0404117
140.8	0.0619338	-0.0404117
140.9	0.0619338	-0.0404117
141	0.0619338	-0.0404117
141.1	0.0619338	-0.0404117
141.2	0.0619338	-0.0404117
141.3	0.0619338	-0.0404117
141.4	0.0619338	-0.0404117
141.5	0.0617108	-0.0404117
141.6	0.0615993	-0.0404117
141.7	0.0615993	-0.0404117
141.8	0.0615993	-0.0404117
141.9	0.0615993	-0.0404117
142	0.0614878	-0.0406347
142.1	0.0614878	-0.0406347
142.2	0.0614878	-0.0406347
142.3	0.0614878	-0.0406347
142.4	0.0614878	-0.0406347
142.5	0.0613762	-0.0407462
142.6	0.0613762	-0.0411922
142.7	0.0613762	-0.0411922
142.8	0.0611532	-0.0413037
142.9	0.0608187	-0.0414152
143	0.0608187	-0.0414152
143.1	0.0610417	-0.0409692
143.2	0.0613762	-0.0405232
143.3	0.0613762	-0.0409692
143.4	0.0613762	-0.0409692
143.5	0.0613762	-0.0410807
143.6	0.0613762	-0.0411922
143.7	0.0612647	-0.0411922
143.8	0.0612647	-0.0414152
143.9	0.0612647	-0.0414152
144	0.0617108	-0.0413037
144.1	0.0619338	-0.0413037
144.2	0.0619338	-0.0413037
144.3	0.0619338	-0.0413037
144.4	0.0619338	-0.0413037
144.5	0.0619338	-0.0413037
144.6	0.0619338	-0.0413037
144.7	0.0619338	-0.0413037
144.8	0.0619338	-0.0413037
144.9	0.0619338	-0.0413037
145	0.0619338	-0.0413037
145.1	0.0615993	-0.0413037
145.2	0.0613762	-0.0414152
145.3	0.0613762	-0.0413037
145.4	0.0613762	-0.0413037
145.5	0.0613762	-0.0413037
145.6	0.0613762	-0.0413037
145.7	0.0612647	-0.0413037
145.8	0.0612647	-0.0413037
145.9	0.0612647	-0.0413037
146	0.0612647	-0.0413037
146.1	0.0609302	-0.0413037
146.2	0.0609302	-0.0413037
146.3	0.0609302	-0.0414152
146.4	0.0609302	-0.0414152
146.5	0.0610417	-0.0415267
146.6	0.0610417	-0.0415267
146.7	0.0611532	-0.0415267
146.8	0.0613762	-0.0414152
146.9	0.0613762	-0.0413037
147	0.0614878	-0.0413037
147.1	0.0614878	-0.0413037
147.2	0.0614878	-0.0413037
147.3	0.0614878	-0.0413037
147.4	0.0614878	-0.0413037
147.5	0.0614878	-0.0411922
147.6	0.0614878	-0.0411922
147.7	0.0613762	-0.0411922
147.8	0.0607072	-0.0408577
147.9	0.0604842	-0.0408577
148	0.0604842	-0.0408577
148.1	0.0600382	-0.0411922
148.2	0.0608187	-0.0418612
148.3	0.0609302	-0.0417497
148.4	0.0609302	-0.0417497
148.5	0.0609302	-0.0417497
148.6	0.0608187	-0.0414152
148.7	0.0607072	-0.0415267
148.8	0.0603727	-0.0418612
148.9	0.0603727	-0.0419727
149	0.0605957	-0.0418612
149.1	0.0607072	-0.0417497
149.2	0.0607072	-0.0417497
149.3	0.0607072	-0.0417497
149.4	0.0607072	-0.0417497
149.5	0.0607072	-0.0417497
149.6	0.0607072	-0.0417497
149.7	0.0607072	-0.0417497
149.8	0.0607072	-0.0418612
149.9	0.0607072	-0.0418612
150	0.0607072	-0.0418612
150.1	0.0607072	-0.0418612
150.2	0.0607072	-0.0418612
150.3	0.0607072	-0.0418612
150.4	0.0607072	-0.0418612
150.5	0.0604842	-0.0420842
150.6	0.0604842	-0.0420842
150.7	0.0605957	-0.0420842
150.8	0.0605957	-0.0427533
150.9	0.0605957	-0.0428648
151	0.0605957	-0.0428648
151.1	0.0605957	-0.0428648
151.2	0.0608187	-0.0427533
151.3	0.0608187	-0.0427533
151.4	0.0610417	-0.0427533
151.5	0.0613762	-0.0427533
151.6	0.0615993	-0.0426418
151.7	0.0624913	-0.0423072
151.8	0.0626028	-0.0424187
151.9	0.0627143	-0.0428648
152	0.0627143	-0.0428648
152.1	0.0624913	-0.0430878
152.2	0.0622683	-0.0431993
152.3	0.0621568	-0.0433108
152.4	0.0620453	-0.0431993
152.5	0.0618223	-0.0429763
152.6	0.0613762	-0.0427533
152.7	0.0612647	-0.0424187
152.8	0.0610417	-0.0424187
152.9	0.0610417	-0.0424187
153	0.0610417	-0.0424187
153.1	0.0612647	-0.0420842
153.2	0.0611532	-0.0417497
153.3	0.0601497	-0.0421957
153.4	0.0601497	-0.0421957
153.5	0.0610417	-0.0418612
153.6	0.0613762	-0.0417497
153.7	0.0619338	-0.0411922
153.8	0.0619338	-0.0410807
153.9	0.0615993	-0.0411922
154	0.0610417	-0.0415267
154.1	0.0609302	-0.0416382
154.2	0.0608187	-0.0419727
154.3	0.0605957	-0.0420842
154.4	0.0609302	-0.0419727
154.5	0.0613762	-0.0418612
154.6	0.0615993	-0.0417497
154.7	0.0615993	-0.0417497
154.8	0.0613762	-0.0417497
154.9	0.0610417	-0.0415267
155	0.0610417	-0.0415267
155.1	0.0610417	-0.0415267
155.2	0.0610417	-0.0415267
155.3	0.0610417	-0.0414152
155.4	0.0610417	-0.0414152
155.5	0.0610417	-0.0414152
155.6	0.0610417	-0.0414152
155.7	0.0610417	-0.0414152
155.8	0.0604842	-0.0420842
155.9	0.0604842	-0.0420842
156	0.0604842	-0.0420842
156.1	0.0600382	-0.0421957
156.2	0.0600382	-0.0421957
156.3	0.0601497	-0.0411922
156.4	0.0601497	-0.0411922
156.5	0.0601497	-0.0411922
156.6	0.0603727	-0.0416382
156.7	0.0604842	-0.0416382
156.8	0.0604842	-0.0416382
156.9	0.0604842	-0.0420842
157	0.0603727	-0.0421957
157.1	0.0601497	-0.0419727
157.2	0.0601497	-0.0413037
157.3	0.0615993	-0.0408577
157.4	0.0613762	-0.0408577
157.5	0.0610417	-0.0408577
157.6	0.0610417	-0.0408577
157.7	0.0609302	-0.0410807
157.8	0.0605957	-0.0415267
157.9	0.0604842	-0.0415267
158	0.0604842	-0.0407462
158.1	0.0604842	-0.0407462
158.2	0.0604842	-0.0410807
158.3	0.0604842	-0.0411922
158.4	0.0604842	-0.0410807
158.5	0.0608187	-0.0411922
158.6	0.0611532	-0.0411922
158.7	0.0612647	-0.0411922
158.8	0.0605957	-0.0414152
158.9	0.0602612	-0.0420842
159	0.0608187	-0.0424187
159.1	0.0612647	-0.0421957
159.2	0.0612647	-0.0418612
159.3	0.0612647	-0.0419727
159.4	0.0609302	-0.0420842
159.5	0.0611532	-0.0424187
159.6	0.0611532	-0.0425302
159.7	0.0612647	-0.0425302
159.8	0.0612647	-0.0426418
159.9	0.0610417	-0.0433108
160	0.0605957	-0.0434223
160.1	0.0608187	-0.0430878
160.2	0.0615993	-0.0429763
160.3	0.0617108	-0.0433108
160.4	0.0617108	-0.0431993
160.5	0.0603727	-0.0427533
160.6	0.0601497	-0.0428648
160.7	0.0599267	-0.0429763
160.8	0.0593692	-0.0433108
160.9	0.0593692	-0.0433108
161	0.0593692	-0.0434223
161.1	0.0593692	-0.0434223
161.2	0.0593692	-0.0438683
161.3	0.0593692	-0.0438683
161.4	0.0592577	-0.0440913
161.5	0.0595922	-0.0440913
161.6	0.0595922	-0.0440913
161.7	0.0599267	-0.0442028
161.8	0.0600382	-0.0442028
161.9	0.0607072	-0.0439798
162	0.0612647	-0.0438683
162.1	0.0615993	-0.0430878
162.2	0.0620453	-0.0428648
162.3	0.0617108	-0.0426418
162.4	0.0615993	-0.0427533
162.5	0.0615993	-0.0429763
162.6	0.0615993	-0.0434223
162.7	0.0619338	-0.0438683
162.8	0.0620453	-0.0438683
162.9	0.0618223	-0.0438683
163	0.0618223	-0.0438683
163.1	0.0618223	-0.0439798
163.2	0.0618223	-0.0437568
163.3	0.0620453	-0.0436453
163.4	0.0623798	-0.0433108
163.5	0.0624913	-0.0431993
163.6	0.0624913	-0.0435338
163.7	0.0624913	-0.0435338
163.8	0.0623798	-0.0433108
163.9	0.0623798	-0.0433108
164	0.0623798	-0.0434223
164.1	0.0618223	-0.0434223
164.2	0.0617108	-0.0434223
164.3	0.0615993	-0.0434223
164.4	0.0614878	-0.0436453
164.5	0.0614878	-0.0438683
164.6	0.0614878	-0.0438683
164.7	0.0613762	-0.0447603
164.8	0.0615993	-0.0444258
164.9	0.0620453	-0.0439798
165	0.0623798	-0.0436453
165.1	0.0620453	-0.0436453
165.2	0.0617108	-0.0438683
165.3	0.0617108	-0.0438683
165.4	0.0622683	-0.0438683
165.5	0.0622683	-0.0439798
165.6	0.0611532	-0.0445373
165.7	0.0612647	-0.0445373
165.8	0.0613762	-0.0444258
165.9	0.0610417	-0.0445373
166	0.0611532	-0.0445373
166.1	0.0612647	-0.0445373
166.2	0.0612647	-0.0445373
166.3	0.0611532	-0.0445373
166.4	0.0611532	-0.0445373
166.5	0.0611532	-0.0446488
166.6	0.0611532	-0.0446488
166.7	0.0613762	-0.0446488
166.8	0.0618223	-0.0445373
166.9	0.0620453	-0.0444258
167	0.0629373	-0.0443143
167.1	0.0629373	-0.0442028
167.2	0.0630488	-0.0444258
167.3	0.0632718	-0.0449833
167.4	0.0633833	-0.0449833
167.5	0.0636063	-0.0449833
167.6	0.0637178	-0.0448718
167.7	0.0637178	-0.0448718
167.8	0.0637178	-0.0446488
167.9	0.0637178	-0.0446488
168	0.0637178	-0.0446488
168.1	0.0637178	-0.0446488
168.2	0.0637178	-0.0446488
168.3	0.0639409	-0.0446488
168.4	0.0632718	-0.0446488
168.5	0.0630488	-0.0447603
168.6	0.0622683	-0.0447603
168.7	0.0623798	-0.0444258
168.8	0.0628258	-0.0442028
168.9	0.0629373	-0.0443143
169	0.0632718	-0.0443143
169.1	0.0633833	-0.0443143
169.2	0.0638293	-0.0440913
169.3	0.0638293	-0.0435338
169.4	0.0638293	-0.0435338
169.5	0.0636063	-0.0434223
169.6	0.0636063	-0.0433108
169.7	0.0636063	-0.0433108
169.8	0.0636063	-0.0430878
169.9	0.0636063	-0.0430878
170	0.0636063	-0.0430878
170.1	0.0637178	-0.0430878
170.2	0.0642754	-0.0426418
170.3	0.0641639	-0.0431993
170.4	0.0639409	-0.0433108
170.5	0.0633833	-0.0434223
170.6	0.0632718	-0.0434223
170.7	0.0636063	-0.0440913
170.8	0.0636063	-0.0440913
170.9	0.0636063	-0.0442028
171	0.0636063	-0.0443143
171.1	0.0636063	-0.0443143
171.2	0.0634948	-0.0443143
171.3	0.0637178	-0.0446488
171.4	0.0638293	-0.0450949
171.5	0.0636063	-0.0452064
171.6	0.0636063	-0.0452064
171.7	0.0636063	-0.0452064
171.8	0.0637178	-0.0450949
171.9	0.0638293	-0.0448718
172	0.0641639	-0.0453179
172.1	0.0643869	-0.0455409
172.2	0.0639409	-0.0455409
172.3	0.0638293	-0.0455409
172.4	0.0634948	-0.0455409
172.5	0.0630488	-0.0455409
172.6	0.0630488	-0.0455409
172.7	0.0630488	-0.0455409
172.8	0.0630488	-0.0454294
172.9	0.0630488	-0.0454294
173	0.0630488	-0.0458754
173.1	0.0630488	-0.0458754
173.2	0.0628258	-0.0458754
173.3	0.0628258	-0.0458754
173.4	0.0628258	-0.0464329
173.5	0.0628258	-0.0464329
173.6	0.0630488	-0.0463214
173.7	0.0630488	-0.0463214
173.8	0.0630488	-0.0457639
173.9	0.0628258	-0.0457639
174	0.0628258	-0.0456524
174.1	0.0628258	-0.0456524
174.2	0.0627143	-0.0455409
174.3	0.0626028	-0.0462099
174.4	0.0626028	-0.0462099
174.5	0.0624913	-0.0462099
174.6	0.0624913	-0.0462099
174.7	0.0624913	-0.0460984
174.8	0.0624913	-0.0460984
174.9	0.0628258	-0.0458754
175	0.0628258	-0.0458754
175.1	0.0628258	-0.0458754
175.2	0.0628258	-0.0458754
175.3	0.0630488	-0.0455409
175.4	0.0632718	-0.0450949
175.5	0.0632718	-0.0449833
175.6	0.0632718	-0.0449833
175.7	0.0626028	-0.0457639
175.8	0.0627143	-0.0457639
175.9	0.0631603	-0.0459869
176	0.0632718	-0.0456524
176.1	0.0632718	-0.0449833
176.2	0.0627143	-0.0452064
176.3	0.0627143	-0.0452064
176.4	0.0627143	-0.0448718
176.5	0.0627143	-0.0448718
176.6	0.0630488	-0.0449833
176.7	0.0634948	-0.0449833
176.8	0.0637178	-0.0449833
176.9	0.0637178	-0.0449833
177	0.0637178	-0.0449833
177.1	0.0637178	-0.0449833
177.2	0.0634948	-0.0453179
177.3	0.0634948	-0.0453179
177.4	0.0633833	-0.0453179
177.5	0.0633833	-0.0453179
177.6	0.0630488	-0.0455409
177.7	0.0630488	-0.0456524
177.8	0.0631603	-0.0454294
177.9	0.0631603	-0.0454294
178	0.0631603	-0.0454294
178.1	0.0631603	-0.0454294
178.2	0.0631603	-0.0457639
178.3	0.0631603	-0.0457639
178.4	0.0631603	-0.0457639
178.5	0.0630488	-0.0459869
178.6	0.0630488	-0.0459869
178.7	0.0631603	-0.0459869
178.8	0.0632718	-0.0454294
178.9	0.0638293	-0.0457639
179	0.0639409	-0.0471019
179.1	0.0638293	-0.0474364
179.2	0.0636063	-0.0471019
179.3	0.0636063	-0.0465444
179.4	0.0636063	-0.0466559
179.5	0.0636063	-0.0466559
179.6	0.0636063	-0.0466559
179.7	0.0634948	-0.0466559
179.8	0.0634948	-0.0466559
179.9	0.0630488	-0.0467674
180	0.0630488	-0.0467674
180.1	0.0630488	-0.0467674
180.2	0.0627143	-0.0469904
180.3	0.0626028	-0.0471019
180.4	0.0626028	-0.0471019
180.5	0.0623798	-0.047548
180.6	0.0620453	-0.0483285
180.7	0.062324	-0.04844
180.8	0.0626028	-0.0485515
180.9	0.0626028	-0.0483285
181	0.0626028	-0.0483285
181.1	0.0626028	-0.0483285
181.2	0.0626028	-0.0483285
181.3	0.0626028	-0.0483285
181.4	0.0626028	-0.0483285
181.5	0.0626028	-0.0483285
181.6	0.0626028	-0.0483285
181.7	0.0626028	-0.0483285
181.8	0.0626028	-0.0485515
181.9	0.0626028	-0.0485515
182	0.0626028	-0.0485515
182.1	0.0626028	-0.0485515
182.2	0.0626028	-0.0485515
182.3	0.0626028	-0.0485515
182.4	0.0626028	-0.0485515
182.5	0.0626028	-0.0485515
182.6	0.0626028	-0.0487745
182.7	0.0626028	-0.0492205
182.8	0.0624913	-0.0492205
182.9	0.0624913	-0.0492205
183	0.0624913	-0.049555
183.1	0.0624913	-0.049555
183.2	0.0624913	-0.0496665
183.3	0.0624913	-0.0496665
183.4	0.0624913	-0.0496665
183.5	0.0626028	-0.049778
183.6	0.0626028	-0.049778
183.7	0.0626028	-0.049778
183.8	0.0626028	-0.049778
183.9	0.0626028	-0.049778
184	0.0626028	-0.049778
184.1	0.0626028	-0.049778
184.2	0.0627143	-0.049778
184.3	0.0634948	-0.049778
184.4	0.0655019	-0.049778
184.5	0.0657249	-0.0496665
184.6	0.0652789	-0.0496665
184.7	0.0651674	-0.0496665
184.8	0.0644984	-0.0496665
184.9	0.0643869	-0.0498895
185	0.0640524	-0.0501126
185.1	0.0637178	-0.0498895
185.2	0.0632718	-0.0501126
185.3	0.0632718	-0.0501126
185.4	0.0634948	-0.0501126
185.5	0.0634948	-0.0501126
185.6	0.0634948	-0.0501126
185.7	0.0637178	-0.0501126
185.8	0.0637178	-0.0501126
185.9	0.0637178	-0.0501126
186	0.0633833	-0.0505586
186.1	0.0632718	-0.0505586
186.2	0.0631603	-0.0502241
186.3	0.0631603	-0.0502241
186.4	0.0631603	-0.0502241
186.5	0.0631603	-0.0502241
186.6	0.0631603	-0.0502241
186.7	0.0631603	-0.0502241
186.8	0.0631603	-0.0502241
186.9	0.0631603	-0.0502241
187	0.0629373	-0.0505586
187.1	0.0629373	-0.0506701
187.2	0.0628258	-0.0508931
187.3	0.0626028	-0.0510046
187.4	0.0626028	-0.0510046
187.5	0.0626028	-0.0511161
187.6	0.0626028	-0.0511161
187.7	0.0626028	-0.0506701
187.8	0.0626028	-0.0505586
187.9	0.0628258	-0.0501126
188	0.0628258	-0.0501126
188.1	0.0628258	-0.0501126
188.2	0.0628258	-0.0501126
188.3	0.0628258	-0.0501126
188.4	0.0628258	-0.049778
188.5	0.0628258	-0.049555
188.6	0.0628258	-0.049555
188.7	0.0627143	-0.0496665
188.8	0.0623798	-0.0512276
188.9	0.0623798	-0.0514506
189	0.0623798	-0.0518966
189.1	0.0626028	-0.0516736
189.2	0.0626028	-0.0511161
189.3	0.0624913	-0.0504471
189.4	0.0623798	-0.0502241
189.5	0.0624913	-0.0502241
189.6	0.0624913	-0.0502241
189.7	0.0623798	-0.050001
189.8	0.0621568	-0.050001
189.9	0.0619338	-0.049778
190	0.0619338	-0.049778
190.1	0.0630488	-0.049778
190.2	0.0630488	-0.049778
190.3	0.0630488	-0.049778
190.4	0.0634948	-0.049778
190.5	0.0634948	-0.049778
190.6	0.0634948	-0.050001
190.7	0.0634948	-0.0501126
190.8	0.0634948	-0.0501126
190.9	0.0634948	-0.0501126
191	0.0634948	-0.050001
191.1	0.0634948	-0.0501126
191.2	0.0634948	-0.050001
191.3	0.0634948	-0.0498895
191.4	0.0634948	-0.0498895
191.5	0.0632718	-0.0498895
191.6	0.0631603	-0.049555
191.7	0.0630488	-0.049555
191.8	0.0630488	-0.0501126
191.9	0.0630488	-0.0508931
192	0.0630488	-0.0510046
192.1	0.0630488	-0.0512276
192.2	0.0631603	-0.0517851
192.3	0.0631603	-0.0510046
192.4	0.0631603	-0.049555
192.5	0.0631603	-0.049555
192.6	0.0631603	-0.049555
192.7	0.0631603	-0.049555
192.8	0.0629373	-0.0485515
192.9	0.0629373	-0.04844
193	0.0629373	-0.04844
193.1	0.0628258	-0.0487745
193.2	0.0627143	-0.049555
193.3	0.0627143	-0.049555
193.4	0.0627143	-0.049332
193.5	0.0627143	-0.048886
193.6	0.0627143	-0.048886
193.7	0.0621568	-0.0503356
193.8	0.0624913	-0.0501126
193.9	0.0632718	-0.0501126
194	0.0631603	-0.0498895
194.1	0.0631603	-0.0498895
194.2	0.0630488	-0.050001
194.3	0.0627143	-0.050001
194.4	0.0626028	-0.050001
194.5	0.0626028	-0.0498895
194.6	0.0626028	-0.0498895
194.7	0.0629373	-0.0498895
194.8	0.0629373	-0.0498895
194.9	0.0632718	-0.0494435
195	0.0632718	-0.0494435
195.1	0.0632718	-0.0494435
195.2	0.0632718	-0.0494435
195.3	0.0633833	-0.0489975
195.4	0.0636063	-0.04844
195.5	0.0637178	-0.04844
195.6	0.0637178	-0.04844
195.7	0.0632718	-0.0485515
195.8	0.0630488	-0.0489975
195.9	0.0630488	-0.0489975
196	0.0626028	-0.049332
196.1	0.0626028	-0.0492205
196.2	0.0623798	-0.048217
196.3	0.0622683	-0.048663
196.4	0.0622683	-0.048663
196.5	0.0622683	-0.0487745
196.6	0.0622683	-0.0487745
196.7	0.0619338	-0.0496665
196.8	0.0619338	-0.049109
196.9	0.0619338	-0.049109
197	0.0619338	-0.049109
197.1	0.0623798	-0.048663
197.2	0.0623798	-0.048663
197.3	0.0623798	-0.048663
197.4	0.0623798	-0.048663
197.5	0.0615993	-0.0489975
197.6	0.0615993	-0.0487745
197.7	0.0617108	-0.047994
197.8	0.0617108	-0.047994
197.9	0.0617108	-0.0481055
198	0.0617108	-0.0481055
198.1	0.0617108	-0.0483285
198.2	0.0617108	-0.0483285
198.3	0.0617108	-0.048217
198.4	0.0617108	-0.048217
198.5	0.0620453	-0.048217
198.6	0.0620453	-0.0483285
198.7	0.0620453	-0.047994
198.8	0.0620453	-0.0479382
198.9	0.0620453	-0.0478825
199	0.0620453	-0.0478825
199.1	0.0622683	-0.047548
199.2	0.0622683	-0.047548
199.3	0.0622683	-0.047548
199.4	0.0622683	-0.047548
199.5	0.0622683	-0.047548
199.6	0.0622683	-0.047548
199.7	0.0622683	-0.0476595
199.8	0.0624913	-0.048663
199.9	0.0624913	-0.0485515
200	0.0624913	-0.04844
200.1	0.0629373	-0.047994
200.2	0.0629373	-0.047994
200.3	0.0629373	-0.047994
200.4	0.0629373	-0.047994
200.5	0.0629373	-0.047994
200.6	0.0629373	-0.0476595
200.7	0.0629373	-0.0476595
200.8	0.0628258	-0.0476595
200.9	0.0628258	-0.0476595
201	0.0628258	-0.0476595
201.1	0.0628258	-0.0476595
201.2	0.0628258	-0.047548
201.3	0.0628258	-0.047548
201.4	0.0628258	-0.047548
201.5	0.0622683	-0.047771
201.6	0.0622683	-0.047771
201.7	0.0622683	-0.0474364
201.8	0.0628258	-0.0472134
201.9	0.0628258	-0.0472134
202	0.0628258	-0.0472134
202.1	0.0628258	-0.0472134
202.2	0.0628258	-0.0472134
202.3	0.0628258	-0.0472134
202.4	0.0628258	-0.0472134
202.5	0.0628258	-0.0472134
202.6	0.0628258	-0.0472134
202.7	0.0629373	-0.0467674
202.8	0.0629373	-0.0464329
202.9	0.0627143	-0.0463214
203	0.0622683	-0.0464329
203.1	0.0622683	-0.0464329
203.2	0.0622683	-0.0464329
203.3	0.0622683	-0.0464329
203.4	0.0622683	-0.0464329
203.5	0.0622683	-0.0464329
203.6	0.0622683	-0.0464329
203.7	0.0618223	-0.0464329
203.8	0.0618223	-0.0462099
203.9	0.0618223	-0.0462099
204	0.0618223	-0.0462099
204.1	0.0618223	-0.0462099
204.2	0.0618223	-0.0462099
204.3	0.0618223	-0.0462099
204.4	0.0618223	-0.0463214
204.5	0.0618223	-0.0463214
204.6	0.0618223	-0.0465444
204.7	0.0618223	-0.0467674
204.8	0.0618223	-0.0467674
204.9	0.0618223	-0.0467674
205	0.0618223	-0.0467674
205.1	0.0621568	-0.0467674
205.2	0.0622683	-0.0467674
205.3	0.0626028	-0.0466559
205.4	0.0626028	-0.0466559
205.5	0.0624913	-0.0462099
205.6	0.0622683	-0.0458754
205.7	0.0621568	-0.0459869
205.8	0.0621568	-0.0460984
205.9	0.0620453	-0.0459869
206	0.0618223	-0.0459869
206.1	0.0618223	-0.0459869
206.2	0.0618223	-0.0455409
206.3	0.0617108	-0.0458754
206.4	0.0617108	-0.0458754
206.5	0.0617108	-0.0456524
206.6	0.0617108	-0.0456524
206.7	0.0617108	-0.0456524
206.8	0.0621568	-0.0438683
206.9	0.0621568	-0.0439798
207	0.0621568	-0.0442028
207.1	0.0623798	-0.0450949
207.2	0.0623798	-0.0450949
207.3	0.0623798	-0.0450949
207.4	0.0624913	-0.0450949
207.5	0.0626028	-0.0450949
207.6	0.0629373	-0.0450949
207.7	0.0633833	-0.0453179
207.8	0.0637178	-0.0454294
207.9	0.0637178	-0.0454294
208	0.0638293	-0.0454294
208.1	0.0632718	-0.0458754
208.2	0.0630488	-0.0460984
208.3	0.0628258	-0.0466559
208.4	0.0624913	-0.0474364
208.5	0.0620453	-0.0472134
208.6	0.0621568	-0.0467674
208.7	0.0618223	-0.0469904
208.8	0.0617108	-0.0469904
208.9	0.0621568	-0.0468789
209	0.0624913	-0.0468789
209.1	0.0624913	-0.0468789
209.2	0.0624913	-0.0466559
209.3	0.0624913	-0.0466559
209.4	0.0624913	-0.0466559
209.5	0.0622683	-0.0466559
209.6	0.0622683	-0.0466559
209.7	0.0622683	-0.0466559
209.8	0.0622683	-0.0464329
209.9	0.0622683	-0.0464329
210	0.0617108	-0.0465444
210.1	0.0614878	-0.0466559
210.2	0.0611532	-0.0467674
210.3	0.0611532	-0.0469904
210.4	0.0611532	-0.0469904
210.5	0.0612647	-0.0469904
210.6	0.0613762	-0.0469904
210.7	0.0613762	-0.0469904
210.8	0.0613762	-0.0468789
210.9	0.0613762	-0.0468789
211	0.0613762	-0.0468789
211.1	0.0611532	-0.0465444
211.2	0.0608187	-0.0467674
211.3	0.0604842	-0.0467674
211.4	0.0604842	-0.0467674
211.5	0.0605957	-0.0471019
211.6	0.0604842	-0.0467674
211.7	0.0604842	-0.0473249
211.8	0.0604842	-0.0473249
211.9	0.0611532	-0.0469904
212	0.0609302	-0.0474364
212.1	0.0611532	-0.0474364
212.2	0.0613762	-0.0471019
212.3	0.0615993	-0.0471019
212.4	0.0610417	-0.0471019
212.5	0.0613762	-0.0463214
212.6	0.0609302	-0.0468789
212.7	0.0610417	-0.0472134
212.8	0.0612647	-0.0473249
212.9	0.0612647	-0.047994
213	0.0621568	-0.0481055
213.1	0.0615993	-0.0483285
213.2	0.0605957	-0.048217
213.3	0.0601497	-0.047994
213.4	0.0604842	-0.0476595
213.5	0.0604842	-0.047548
213.6	0.0605957	-0.0471019
213.7	0.0601497	-0.047548
213.8	0.0605957	-0.0476595
213.9	0.0612647	-0.047548
214	0.0609302	-0.0471019
214.1	0.0608187	-0.0478825
214.2	0.0609302	-0.0481055
214.3	0.0609302	-0.0478825
214.4	0.0609302	-0.047994
214.5	0.0611532	-0.0476595
214.6	0.0612647	-0.0473249
214.7	0.0612647	-0.0472134
214.8	0.0607072	-0.0478825
214.9	0.0607072	-0.0478825
215	0.0607072	-0.0476595
215.1	0.0612647	-0.0468789
215.2	0.0612647	-0.0469904
215.3	0.0612647	-0.0469904
215.4	0.0612647	-0.0469904
215.5	0.0612647	-0.0469904
215.6	0.0612647	-0.0469904
215.7	0.0611532	-0.0472134
215.8	0.0611532	-0.0472134
215.9	0.0614878	-0.0473249
216	0.0619338	-0.047771
216.1	0.0622683	-0.04844
216.2	0.0624913	-0.04844
216.3	0.0622683	-0.0485515
216.4	0.0620453	-0.0487745
216.5	0.0619338	-0.048663
216.6	0.0619338	-0.0489975
216.7	0.0617108	-0.049109
216.8	0.0617108	-0.049332
216.9	0.0614878	-0.0489975
217	0.0614878	-0.0487745
217.1	0.0615993	-0.0489975
217.2	0.0615993	-0.048886
217.3	0.0615993	-0.0483285
217.4	0.0615993	-0.048217
217.5	0.0615993	-0.047771
217.6	0.0613762	-0.0481055
217.7	0.0611532	-0.0483285
217.8	0.0611532	-0.048217
217.9	0.0612647	-0.0481055
218	0.0618223	-0.0483285
218.1	0.0615993	-0.04844
218.2	0.0618223	-0.047771
218.3	0.0618223	-0.0464329
218.4	0.0609302	-0.0466559
218.5	0.061209	-0.0471577
218.6	0.0614878	-0.0476595
218.7	0.0617108	-0.0478825
218.8	0.0617108	-0.0478825
218.9	0.0617108	-0.0478825
219	0.0618223	-0.048217
219.1	0.0621568	-0.048217
219.2	0.0621568	-0.047994
219.3	0.0621568	-0.0481055
219.4	0.0620453	-0.047994
219.5	0.0620453	-0.0478825
219.6	0.0618223	-0.0476595
219.7	0.0618223	-0.0476595
219.8	0.0618223	-0.0473249
219.9	0.0615993	-0.0474364
220	0.0615993	-0.0474364
220.1	0.0615993	-0.0473249
220.2	0.0615993	-0.0473249
220.3	0.0615993	-0.0473249
220.4	0.0615993	-0.0473249
220.5	0.0615993	-0.0468789
220.6	0.0615993	-0.0468789
220.7	0.0617108	-0.0465444
220.8	0.0617108	-0.0465444
220.9	0.0617108	-0.0465444
221	0.0617108	-0.0465444
221.1	0.0617108	-0.0465444
221.2	0.0617108	-0.0465444
221.3	0.0617108	-0.0465444
221.4	0.0617108	-0.0465444
221.5	0.0617108	-0.0465444
221.6	0.0609302	-0.047771
221.7	0.0608187	-0.0481055
221.8	0.0607072	-0.0481055
221.9	0.0604842	-0.047771
222	0.0605957	-0.0474364
222.1	0.0607072	-0.047548
222.2	0.0607072	-0.047548
222.3	0.0608187	-0.047548
222.4	0.0608187	-0.047548
222.5	0.0608187	-0.047548
222.6	0.0611532	-0.047548
222.7	0.0614878	-0.0472134
222.8	0.0613762	-0.0481055
222.9	0.0611532	-0.047994
223	0.0622683	-0.048663
223.1	0.0621568	-0.048663
223.2	0.0623798	-0.048217
223.3	0.0627143	-0.048217
223.4	0.0627143	-0.048217
223.5	0.0627143	-0.048217
223.6	0.0627143	-0.048217
223.7	0.0627143	-0.048217
223.8	0.0626028	-0.047994
223.9	0.0622683	-0.0481055
224	0.0622683	-0.0481055
224.1	0.0623798	-0.0476595
224.2	0.0622683	-0.0469904
224.3	0.0621568	-0.0463214
224.4	0.0620453	-0.0464329
224.5	0.0612647	-0.0467674
224.6	0.0611532	-0.0468789
224.7	0.0611532	-0.0468789
224.8	0.0615993	-0.0467674
224.9	0.0619338	-0.0462099
225	0.0619338	-0.0464329
225.1	0.0622683	-0.0467674
225.2	0.0623798	-0.0469904
225.3	0.0624913	-0.0469904
225.4	0.0627143	-0.047771
225.5	0.0627143	-0.047771
225.6	0.0623798	-0.0481055
225.7	0.0623798	-0.047994
225.8	0.0624913	-0.0478825
225.9	0.0622683	-0.047994
226	0.0622683	-0.0481055
226.1	0.0618223	-0.0471019
226.2	0.0626028	-0.0485515
226.3	0.0627143	-0.0485515
226.4	0.0628258	-0.0485515
226.5	0.0629373	-0.0485515
226.6	0.0629373	-0.04844
226.7	0.0629373	-0.0478825
226.8	0.0629373	-0.0481055
226.9	0.0630488	-0.0483285
227	0.0631603	-0.0483285
227.1	0.0633833	-0.048217
227.2	0.0637178	-0.048217
227.3	0.0637178	-0.048217
227.4	0.0638293	-0.0489975
227.5	0.0638293	-0.0489975
227.6	0.0638293	-0.0489975
227.7	0.0638293	-0.0489975
227.8	0.0639409	-0.0489975
227.9	0.0640524	-0.048886
228	0.0640524	-0.048886
228.1	0.0640524	-0.048886
228.2	0.0640524	-0.048886
228.3	0.0641639	-0.048663
228.4	0.0641639	-0.048663
228.5	0.0642754	-0.0489975
228.6	0.0640524	-0.049555
228.7	0.0638293	-0.0496665
228.8	0.0637178	-0.0496665
228.9	0.0637178	-0.049555
229	0.0636063	-0.049555
229.1	0.0630488	-0.049555
229.2	0.0630488	-0.049778
229.3	0.0631603	-0.049778
229.4	0.0632718	-0.049778
229.5	0.0633833	-0.049778
229.6	0.0634948	-0.049778
229.7	0.0634948	-0.049778
229.8	0.0634948	-0.049778
229.9	0.0634948	-0.049555
230	0.0634948	-0.049555
230.1	0.0634948	-0.049555
230.2	0.0634948	-0.049555
230.3	0.0634948	-0.049555
230.4	0.0634948	-0.049555
230.5	0.0634948	-0.049555
230.6	0.0634948	-0.049555
230.7	0.0634948	-0.049555
230.8	0.0634948	-0.049555
230.9	0.0634948	-0.049555
231	0.0634948	-0.049555
231.1	0.0634948	-0.049555
231.2	0.0634948	-0.049778
231.3	0.0634948	-0.049778
231.4	0.0634948	-0.049778
231.5	0.0634948	-0.049778
231.6	0.0634948	-0.049778
231.7	0.0634948	-0.049778
231.8	0.0634948	-0.049778
231.9	0.0634948	-0.049778
232	0.0634948	-0.049778
232.1	0.0626028	-0.049778
232.2	0.0626028	-0.049778
232.3	0.0624913	-0.0503356
232.4	0.0624913	-0.0503356
232.5	0.0624913	-0.0502241
232.6	0.0624913	-0.0502241
232.7	0.0624913	-0.0502241
232.8	0.0624913	-0.0502241
232.9	0.0624913	-0.0502241
233	0.0622683	-0.048886
233.1	0.0622683	-0.048886
233.2	0.0622683	-0.048886
233.3	0.0622683	-0.048663
233.4	0.0622683	-0.048663
233.5	0.0622683	-0.048663
233.6	0.0622683	-0.048663
233.7	0.0622683	-0.048663
233.8	0.0622683	-0.048663
233.9	0.0622683	-0.048663
234	0.0622683	-0.048663
234.1	0.0622683	-0.048663
234.2	0.0622683	-0.048663
234.3	0.0622683	-0.048663
234.4	0.0618223	-0.0483285
234.5	0.0618223	-0.0483285
234.6	0.0618223	-0.0483285
234.7	0.0618223	-0.0483285
234.8	0.0618223	-0.0483285
234.9	0.0618223	-0.0483285
235	0.0618223	-0.0489975
235.1	0.0619338	-0.0492205
235.2	0.0622683	-0.0501126
235.3	0.0622683	-0.0502241
235.4	0.0623798	-0.0501126
235.5	0.0624913	-0.049555
235.6	0.0624913	-0.049555
235.7	0.0624913	-0.049555
235.8	0.0624913	-0.0494435
235.9	0.0624913	-0.0494435
236	0.0622683	-0.049778
236.1	0.0623798	-0.0503356
236.2	0.0623798	-0.0503356
236.3	0.0623798	-0.0503356
236.4	0.0623798	-0.0503356
236.5	0.0623798	-0.050001
236.6	0.0623798	-0.050001
236.7	0.0623798	-0.050001
236.8	0.0623798	-0.0505586
236.9	0.0623798	-0.0506701
237	0.0623798	-0.0506701
237.1	0.0623798	-0.0506701
237.2	0.0622683	-0.0511161
237.3	0.0622683	-0.0510046
237.4	0.0624913	-0.0511161
237.5	0.0624913	-0.0511161
237.6	0.0627143	-0.0513391
237.7	0.0628258	-0.0516736
237.8	0.0622683	-0.0505586
237.9	0.0622683	-0.0504471
238	0.0623798	-0.0507816
238.1	0.0623798	-0.0507816
238.2	0.0624913	-0.0506701
238.3	0.0624913	-0.0505586
238.4	0.0626028	-0.0504471
238.5	0.0626028	-0.0504471
238.6	0.0626028	-0.0505586
238.7	0.0626028	-0.0505586
238.8	0.0626028	-0.0505586
238.9	0.0626028	-0.0505586
239	0.0626028	-0.0505586
239.1	0.0626028	-0.0507816
239.2	0.0624913	-0.0508931
239.3	0.0624913	-0.0508931
239.4	0.0624913	-0.0508931
239.5	0.0624913	-0.0508931
239.6	0.0624913	-0.0508931
239.7	0.0624913	-0.0508931
239.8	0.0624913	-0.0508931
239.9	0.0623798	-0.0511161
240	0.0623798	-0.0512276
240.1	0.0624913	-0.0510046
240.2	0.0624913	-0.0507816
240.3	0.0624913	-0.0507816
240.4	0.0624913	-0.0507816
240.5	0.0627143	-0.0511161
240.6	0.0628258	-0.0510046
240.7	0.0628258	-0.0501126
240.8	0.0628258	-0.0504471
240.9	0.0628258	-0.0504471
241	0.0628258	-0.0504471
241.1	0.0628258	-0.0504471
241.2	0.0626028	-0.0503356
241.3	0.0626028	-0.0503356
241.4	0.0626028	-0.0503356
241.5	0.0626028	-0.0503356
241.6	0.0626028	-0.0503356
241.7	0.0624913	-0.050001
241.8	0.0623798	-0.0498895
241.9	0.0623798	-0.0498895
242	0.0623798	-0.0498895
242.1	0.0623798	-0.0498895
242.2	0.0623798	-0.0498895
242.3	0.0623798	-0.0498895
242.4	0.0623798	-0.0498895
242.5	0.0621568	-0.0503356
242.6	0.0621568	-0.0502241
242.7	0.0623798	-0.0506701
242.8	0.0628258	-0.0506701
242.9	0.0630488	-0.0512276
243	0.0630488	-0.0511161
243.1	0.0629373	-0.0506701
243.2	0.0629373	-0.0506701
243.3	0.0627143	-0.0504471
243.4	0.0626028	-0.0504471
243.5	0.0628258	-0.0502241
243.6	0.0628258	-0.050001
243.7	0.0626028	-0.049778
243.8	0.0622683	-0.0501126
243.9	0.0621568	-0.0502241
244	0.0621568	-0.0502241
244.1	0.0620453	-0.049778
244.2	0.0620453	-0.049778
244.3	0.0620453	-0.049778
244.4	0.0620453	-0.049778
244.5	0.0618223	-0.0494435
244.6	0.0618223	-0.0494435
244.7	0.0618223	-0.048886
244.8	0.0618223	-0.048886
244.9	0.0618223	-0.048886
245	0.0618223	-0.0489975
245.1	0.0618223	-0.0489975
245.2	0.0618223	-0.0489975
245.3	0.0618223	-0.049109
245.4	0.0618223	-0.049109
245.5	0.0618223	-0.049109
245.6	0.0618223	-0.049109
245.7	0.0618223	-0.049109
245.8	0.0618223	-0.049109
245.9	0.0618223	-0.049109
246	0.0618223	-0.049109
246.1	0.0618223	-0.049109
246.2	0.0618223	-0.0494435
246.3	0.0618223	-0.0494435
246.4	0.0618223	-0.0494435
246.5	0.0618223	-0.0494435
246.6	0.0620453	-0.0492205
246.7	0.0620453	-0.049332
246.8	0.0621568	-0.0494435
246.9	0.0621568	-0.0498895
247	0.0622683	-0.0498895
247.1	0.0624913	-0.0494435
247.2	0.0624913	-0.0494435
247.3	0.0624913	-0.0494435
247.4	0.0624913	-0.0494435
247.5	0.0624913	-0.049778
247.6	0.0624913	-0.049778
247.7	0.0626028	-0.049778
247.8	0.0626028	-0.049778
247.9	0.0628258	-0.049555
248	0.0629373	-0.0496665
248.1	0.0631603	-0.049778
248.2	0.0633833	-0.049555
248.3	0.0633833	-0.049555
248.4	0.0633833	-0.049555
248.5	0.0633833	-0.049332
248.6	0.0637178	-0.048663
248.7	0.0638293	-0.0489975
248.8	0.0634948	-0.0489975
248.9	0.0634948	-0.048663
249	0.0631603	-0.048886
249.1	0.0632161	-0.0489975
249.2	0.0632718	-0.049109
249.3	0.0634948	-0.0489975
249.4	0.0634948	-0.0489975
249.5	0.0636063	-0.0489975
249.6	0.0634948	-0.048886
249.7	0.0634948	-0.0491648
249.8	0.0634948	-0.0494435
249.9	0.0634948	-0.0494435
250	0.0634948	-0.0494435
250.1	0.0634948	-0.0494435
250.2	0.0634948	-0.0494435
250.3	0.0634948	-0.0496665
250.4	0.0634948	-0.0496665
250.5	0.0633833	-0.0498895
250.6	0.0633833	-0.050001
250.7	0.0633833	-0.050001
250.8	0.0633833	-0.0498895
250.9	0.0632718	-0.0498895
251	0.0632718	-0.0501126
251.1	0.0632718	-0.049778
251.2	0.0632718	-0.0498895
251.3	0.0632718	-0.050001
251.4	0.0633833	-0.0498895
251.5	0.0633833	-0.0498895
251.6	0.0633833	-0.049778
251.7	0.0633833	-0.050001
251.8	0.0633833	-0.0498895
251.9	0.0633833	-0.0500568
252	0.0633833	-0.0502241
252.1	0.0633833	-0.0502241
252.2	0.0633833	-0.0502241
252.3	0.0633833	-0.0503356
252.4	0.0633833	-0.0504471
252.5	0.0633833	-0.0504471
252.6	0.0633833	-0.0504471
252.7	0.0638293	-0.0504471
252.8	0.0638293	-0.0503356
252.9	0.0638293	-0.0503356
253	0.0638293	-0.0502241
253.1	0.0638293	-0.0504471
253.2	0.0638293	-0.0504471
253.3	0.0638293	-0.0503356
253.4	0.0638293	-0.0502241
253.5	0.0636063	-0.0501126
253.6	0.0636063	-0.0502241
253.7	0.0638293	-0.0501126
253.8	0.0638293	-0.0502241
253.9	0.0638293	-0.0502241
254	0.0638293	-0.0502241
254.1	0.0638293	-0.0502241
254.2	0.0638293	-0.0502241
254.3	0.0638293	-0.0502241
254.4	0.0638293	-0.0502241
254.5	0.0638293	-0.0502241
254.6	0.0636063	-0.0502241
254.7	0.0636063	-0.0502241
254.8	0.0636063	-0.0503356
254.9	0.0636063	-0.0503356
255	0.0636063	-0.0503356
255.1	0.0636063	-0.0503356
255.2	0.0636063	-0.0503356
255.3	0.0636063	-0.0503356
255.4	0.0636063	-0.0505586
255.5	0.0636063	-0.0505586
255.6	0.0636063	-0.0503356
255.7	0.0636063	-0.0503356
255.8	0.0636063	-0.0503356
255.9	0.0634948	-0.0503356
256	0.0634948	-0.0503356
256.1	0.0634948	-0.0503356
256.2	0.0630488	-0.0510046
256.3	0.0630488	-0.0510046
256.4	0.0630488	-0.0511161
256.5	0.0632718	-0.0516736
256.6	0.0632718	-0.0514506
256.7	0.0632718	-0.0514506
256.8	0.0632718	-0.0512276
256.9	0.0632718	-0.0512276
257	0.0630488	-0.0515621
257.1	0.0630488	-0.0515621
257.2	0.0630488	-0.0515621
257.3	0.0630488	-0.0515621
257.4	0.0632718	-0.0514506
257.5	0.0632718	-0.0511161
257.6	0.0632718	-0.0511161
257.7	0.0632718	-0.0515621
257.8	0.0632718	-0.0515621
257.9	0.0632718	-0.0516736
258	0.0627143	-0.0518966
258.1	0.0627143	-0.0513391
258.2	0.0633833	-0.0515621
258.3	0.0633833	-0.0516736
258.4	0.0633833	-0.0517851
258.5	0.0634948	-0.0522311
258.6	0.0633833	-0.0522311
258.7	0.0637178	-0.0529002
258.8	0.0633833	-0.0529002
258.9	0.0631603	-0.0529002
259	0.0632718	-0.0524541
259.1	0.0632718	-0.0529002
259.2	0.0630488	-0.0529002
259.3	0.0631603	-0.0529002
259.4	0.0632718	-0.0529002
259.5	0.0634948	-0.0539037
259.6	0.0633833	-0.0535692
259.7	0.0632718	-0.0535692
259.8	0.0629373	-0.0536807
259.9	0.0627143	-0.0537922
260	0.0629373	-0.0536807
260.1	0.0629373	-0.0536807
260.2	0.0633833	-0.0535692
260.3	0.0633833	-0.0537922
260.4	0.0641639	-0.0537922
260.5	0.0642196	-0.0536249
260.6	0.0642754	-0.0534577
260.7	0.0643869	-0.0534577
260.8	0.0643869	-0.0534577
260.9	0.0647214	-0.0530117
261	0.0646099	-0.0530117
261.1	0.0644984	-0.0530117
261.2	0.0643869	-0.0530117
261.3	0.0643869	-0.0530117
261.4	0.0644984	-0.0534577
261.5	0.0647214	-0.0536807
261.6	0.0652789	-0.0535692
261.7	0.0656134	-0.0533462
261.8	0.0652789	-0.0529002
261.9	0.0640524	-0.0531232
262	0.0636063	-0.0535692
262.1	0.0636621	-0.0535134
262.2	0.0637178	-0.0534577
262.3	0.0639409	-0.0531232
262.4	0.0640524	-0.0530117
262.5	0.0641639	-0.0529002
262.6	0.0640524	-0.0523426
262.7	0.0639409	-0.0526772
262.8	0.0639409	-0.0525657
262.9	0.0642754	-0.0527887
263	0.0642754	-0.0529002
263.1	0.0642754	-0.0529002
263.2	0.0642196	-0.0529002
263.3	0.0641639	-0.0529002
263.4	0.0638293	-0.0530117
263.5	0.0638293	-0.0532347
263.6	0.0641639	-0.0533462
263.7	0.0640524	-0.0534577
263.8	0.0640524	-0.0533462
263.9	0.0640524	-0.0532347
264	0.0640524	-0.0532347
264.1	0.0639409	-0.0533462
264.2	0.0638293	-0.0534577
264.3	0.0638293	-0.0534577
264.4	0.0633833	-0.0534577
264.5	0.0631603	-0.0534577
264.6	0.0634948	-0.0534577
264.7	0.0634948	-0.0532347
264.8	0.0634948	-0.0533462
264.9	0.0641639	-0.0532347
265	0.0642196	-0.0532347
265.1	0.0642754	-0.0532347
265.2	0.0644984	-0.0532904
265.3	0.0647214	-0.0533462
265.4	0.0647214	-0.0533462
265.5	0.0647214	-0.0530117
265.6	0.0648329	-0.0529002
265.7	0.0648329	-0.0529002
265.8	0.0649444	-0.0536807
265.9	0.0651674	-0.0537922
266	0.0652789	-0.0539037
266.1	0.0652789	-0.0539037
266.2	0.0653904	-0.0539037
266.3	0.0656134	-0.0539037
266.4	0.0656134	-0.0537922
266.5	0.0658364	-0.0536807
266.6	0.0655019	-0.0540152
266.7	0.0656134	-0.0544612
266.8	0.0656134	-0.0546842
266.9	0.0657249	-0.0545727
267	0.0659479	-0.0545727
267.1	0.0661709	-0.0537922
267.2	0.066617	-0.0531232
267.3	0.066617	-0.0537922
267.4	0.0660594	-0.0530117
267.5	0.0660594	-0.0533462
267.6	0.0657249	-0.0532347
267.7	0.0653904	-0.0533462
267.8	0.0654462	-0.0535134
267.9	0.0655019	-0.0536807
268	0.0656134	-0.0540152
268.1	0.0657249	-0.0541267
268.2	0.0655019	-0.0545727
268.3	0.0653904	-0.0545727
268.4	0.0653904	-0.05474
268.5	0.0653904	-0.0549072
268.6	0.0656134	-0.0549072
268.7	0.0653904	-0.0552418
268.8	0.0652789	-0.0554648
268.9	0.0652789	-0.0561338
269	0.0653904	-0.0561338
269.1	0.0652789	-0.0561338
269.2	0.0652789	-0.0561338
269.3	0.0655019	-0.0559108
269.4	0.0655019	-0.0559108
269.5	0.0656134	-0.0561338
269.6	0.0659479	-0.0562453
269.7	0.0659479	-0.0562453
269.8	0.0656134	-0.0561338
269.9	0.0656134	-0.0563568
270	0.0656134	-0.0560223
270.1	0.0659479	-0.0556878
270.2	0.0660594	-0.0552418
270.3	0.0660594	-0.0552418
270.4	0.0660594	-0.0546842
270.5	0.0659479	-0.0542382
270.6	0.0657249	-0.0539037
270.7	0.0657249	-0.0540152
270.8	0.0655019	-0.0539037
270.9	0.0655019	-0.0539037
271	0.0655019	-0.0539037
271.1	0.0655577	-0.0537364
271.2	0.0656134	-0.0535692
271.3	0.0656134	-0.0535692
271.4	0.0656134	-0.0534577
271.5	0.0656134	-0.0534577
271.6	0.0656134	-0.0534577
271.7	0.0669515	-0.0537922
271.8	0.0669515	-0.0539037
271.9	0.067063	-0.0536807
272	0.067063	-0.0534577
272.1	0.067063	-0.0531232
272.2	0.067063	-0.0531232
272.3	0.0678435	-0.0533462
272.4	0.067732	-0.0530117
272.5	0.067732	-0.0534577
272.6	0.067732	-0.0534577
272.7	0.067955	-0.0532347
272.8	0.067955	-0.0532347
272.9	0.0678435	-0.0537922
273	0.068178	-0.0541267
273.1	0.068178	-0.0537922
273.2	0.0685125	-0.0541267
273.3	0.068624	-0.0540152
273.4	0.0685125	-0.0541267
273.5	0.0682895	-0.0542382
273.6	0.068178	-0.0539037
273.7	0.068178	-0.0536807
273.8	0.068178	-0.0534577
273.9	0.068178	-0.0537922
274	0.068178	-0.0537922
274.1	0.068178	-0.0537922
274.2	0.068401	-0.0542382
274.3	0.068401	-0.0543497
274.4	0.068401	-0.0550188
274.5	0.0685125	-0.0554648
274.6	0.068624	-0.0547957
274.7	0.0685125	-0.0550188
274.8	0.0678435	-0.0551303
274.9	0.067955	-0.0546842
275	0.0678435	-0.0545727
275.1	0.067732	-0.0545727
275.2	0.0673975	-0.0545727
275.3	0.0673975	-0.0544612
275.4	0.0673975	-0.0543497
275.5	0.0673975	-0.0541267
275.6	0.067732	-0.0545727
275.7	0.0678435	-0.0542382
275.8	0.067509	-0.054294
275.9	0.0671745	-0.0543497
276	0.0671745	-0.0546842
276.1	0.067286	-0.0545727
276.2	0.067286	-0.0550188
276.3	0.0671745	-0.0550188
276.4	0.067063	-0.0550188
276.5	0.0671745	-0.0546842
276.6	0.0671745	-0.0546842
276.7	0.0671745	-0.0546842
276.8	0.067063	-0.0544612
276.9	0.067063	-0.0543497
277	0.06684	-0.0543497
277.1	0.0667285	-0.0544612
277.2	0.067286	-0.0539037
277.3	0.0671745	-0.0542382
277.4	0.06684	-0.0545727
277.5	0.0667285	-0.0545727
277.6	0.067063	-0.0543497
277.7	0.067063	-0.054294
277.8	0.067063	-0.0542382
277.9	0.066617	-0.0542382
278	0.0665055	-0.0547957
278.1	0.0655019	-0.0555763
278.2	0.0652789	-0.0559108
278.3	0.0652789	-0.0559108
278.4	0.0652789	-0.0559108
278.5	0.0649444	-0.0555763
278.6	0.0651674	-0.0554648
278.7	0.0652789	-0.0550188
278.8	0.0652789	-0.0551303
278.9	0.0648329	-0.0546842
279	0.0651674	-0.0546842
279.1	0.0648329	-0.0549072
279.2	0.0644984	-0.0551303
279.3	0.0641639	-0.0542382
279.4	0.0641639	-0.0539037
279.5	0.0643869	-0.0543497
279.6	0.0644984	-0.0543497
279.7	0.0644984	-0.0543497
279.8	0.0644984	-0.0543497
279.9	0.0644984	-0.0543497
280	0.0644984	-0.0542382
280.1	0.0643869	-0.0547957
280.2	0.0644984	-0.0546842
280.3	0.0644984	-0.0546842
280.4	0.0644984	-0.0545727
280.5	0.0640524	-0.0546842
280.6	0.0641081	-0.054963
280.7	0.0641639	-0.0552418
280.8	0.0642754	-0.0547957
280.9	0.0647214	-0.0556878
281	0.0643869	-0.0554648
281.1	0.0641639	-0.0553533
281.2	0.0640524	-0.0554648
281.3	0.0648329	-0.0562453
281.4	0.0651674	-0.0561338
281.5	0.0652789	-0.0561338
281.6	0.0660594	-0.0562453
281.7	0.067286	-0.0571373
281.8	0.0663939	-0.0564683
281.9	0.0661709	-0.0564683
282	0.0658364	-0.0574718
282.1	0.0660594	-0.0579179
282.2	0.0659479	-0.0578064
282.3	0.0652789	-0.0576949
282.4	0.0652789	-0.0568028
282.5	0.0651674	-0.0574718
282.6	0.0648329	-0.0573603
282.7	0.0643869	-0.0572488
282.8	0.0644984	-0.0572488
282.9	0.0644426	-0.0574718
283	0.0643869	-0.0576949
283.1	0.0647214	-0.0576949
283.2	0.0646099	-0.0576949
283.3	0.0642754	-0.0575834
283.4	0.0642754	-0.0573603
283.5	0.0639409	-0.0575834
283.6	0.0634948	-0.0573603
283.7	0.0633833	-0.0573603
283.8	0.0627143	-0.0576949
283.9	0.0626028	-0.0581409
284	0.0630488	-0.0576949
284.1	0.0630488	-0.0573603
284.2	0.0626028	-0.0580294
284.3	0.0626028	-0.0579179
284.4	0.0626028	-0.0578064
284.5	0.0626028	-0.0579736
284.6	0.0626028	-0.0581409
284.7	0.0623798	-0.0580294
284.8	0.0624913	-0.0579179
284.9	0.0622683	-0.0580294
285	0.0624913	-0.0579179
285.1	0.0624913	-0.0579179
285.2	0.0624913	-0.0579179
285.3	0.0624913	-0.0579179
285.4	0.0624913	-0.0579179
285.5	0.0624913	-0.0579179
285.6	0.0624913	-0.0579179
285.7	0.0624913	-0.0580294
285.8	0.0626028	-0.0580294
285.9	0.0626028	-0.0580294
286	0.0626028	-0.0581409
286.1	0.0626028	-0.0581409
286.2	0.0626028	-0.0581409
286.3	0.0627143	-0.0581409
286.4	0.0627143	-0.0582524
286.5	0.0620453	-0.0594789
286.6	0.0624913	-0.0594789
286.7	0.0624913	-0.0594789
286.8	0.0621568	-0.0600365
286.9	0.0618223	-0.0599249
287	0.0618223	-0.0599249
287.1	0.0620453	-0.0599249
287.2	0.0621568	-0.0598134
287.3	0.0622683	-0.0598134
287.4	0.0623798	-0.0599249
287.5	0.0623798	-0.0600365
287.6	0.0619338	-0.0607055
287.7	0.0619338	-0.060594
287.8	0.0613762	-0.0607055
287.9	0.0605957	-0.060817
288	0.0605957	-0.060594
288.1	0.0605957	-0.060594
288.2	0.0605957	-0.060594
288.3	0.0607072	-0.060594
288.4	0.0609302	-0.060371
288.5	0.0612647	-0.060371
288.6	0.0612647	-0.060594
288.7	0.0611532	-0.060817
288.8	0.0612647	-0.060817
288.9	0.0612647	-0.0611515
289	0.0612647	-0.0611515
289.1	0.0612647	-0.0611515
289.2	0.0611532	-0.0611515
289.3	0.0610417	-0.06104
289.4	0.0610417	-0.0609285
289.5	0.0610417	-0.0609285
289.6	0.0611532	-0.061932
289.7	0.0615993	-0.0620435
289.8	0.0617108	-0.061932
289.9	0.0617108	-0.0620435
290	0.0617108	-0.062378
290.1	0.0620453	-0.0626011
290.2	0.0630488	-0.0628241
290.3	0.0630488	-0.0628241
290.4	0.0630488	-0.0628241
290.5	0.0630488	-0.0628241
290.6	0.0632718	-0.0627126
290.7	0.0632718	-0.0627126
290.8	0.0632718	-0.0627126
290.9	0.0633833	-0.0626011
291	0.0634948	-0.0631586
291.1	0.0636063	-0.0632701
291.2	0.0636063	-0.0632701
291.3	0.0636063	-0.0632701
291.4	0.0636063	-0.0632701
291.5	0.0627143	-0.0630471
291.6	0.0622683	-0.0626011
291.7	0.0611532	-0.0622665
291.8	0.0607072	-0.061709
291.9	0.0604842	-0.061263
292	0.0602612	-0.0609285
292.1	0.0602612	-0.0609285
292.2	0.0602612	-0.0609285
292.3	0.0600382	-0.060817
292.4	0.0584771	-0.0591444
292.5	0.0584771	-0.0591444
292.6	0.0587001	-0.0593674
292.7	0.0584771	-0.0604825
292.8	0.0598152	-0.0615975
292.9	0.0597037	-0.0617834
293	0.0595922	-0.0619692
293.1	0.0594807	-0.062155
293.2	0.0617108	-0.0636046
293.3	0.0609302	-0.0641621
293.4	0.0593692	-0.0632701
293.5	0.0594807	-0.0632701
293.6	0.0611532	-0.0631586
293.7	0.0619338	-0.0638276
293.8	0.0623798	-0.0649426
293.9	0.0624913	-0.0660577
294	0.0630488	-0.0661692
294.1	0.0636063	-0.0641621
294.2	0.0624913	-0.0639391
294.3	0.0628258	-0.0658347
294.4	0.0631603	-0.0651657
294.5	0.0629373	-0.0639391
294.6	0.0629373	-0.0639391
294.7	0.0628258	-0.0636046
294.8	0.0624913	-0.0643851
294.9	0.0626028	-0.0637161
295	0.0626028	-0.0638276
295.1	0.0624913	-0.0648311
295.2	0.0623798	-0.0649426
295.3	0.0630488	-0.0651657
295.4	0.0632718	-0.0651657
295.5	0.0632718	-0.0651657
295.6	0.0632718	-0.0649426
295.7	0.0632718	-0.0649426
295.8	0.0628258	-0.0649426
295.9	0.0623798	-0.0658347
296	0.0623798	-0.0661692
296.1	0.062101	-0.0661692
296.2	0.0618223	-0.0661692
296.3	0.0617108	-0.0660577
296.4	0.0620453	-0.0663922
296.5	0.0621568	-0.0665037
296.6	0.0624913	-0.0665037
296.7	0.0627143	-0.0667825
296.8	0.0629373	-0.0670612
296.9	0.0624913	-0.0663922
297	0.0623798	-0.0666152
297.1	0.0619338	-0.0668382
297.2	0.0621568	-0.0658347
297.3	0.0624913	-0.0660577
297.4	0.0624913	-0.0662807
297.5	0.0626028	-0.0668382
297.6	0.0628258	-0.0668382
297.7	0.0621568	-0.0673957
297.8	0.0617108	-0.0673957
297.9	0.0615993	-0.0671727
298	0.0612647	-0.0670612
298.1	0.0612647	-0.0669497
298.2	0.0614878	-0.0670612
298.3	0.0614878	-0.0666152
298.4	0.0614878	-0.0667825
298.5	0.0614878	-0.0669497
298.6	0.0614878	-0.0669497
298.7	0.0615993	-0.0668382
298.8	0.0618223	-0.0662807
298.9	0.0613762	-0.0662807
299	0.061432	-0.0662807
299.1	0.0614878	-0.0662807
299.2	0.0618223	-0.0663922
299.3	0.0615993	-0.0665037
299.4	0.0615993	-0.0663922
299.5	0.0615993	-0.0661692
299.6	0.0615993	-0.0661692
299.7	0.0615993	-0.0660577
299.8	0.0615993	-0.0660577
299.9	0.0613762	-0.0657232
