0	0.0220152	-0.0214559
0.1	0.0231302	-0.0214559
0.2	0.0232417	-0.0215674
0.3	0.0232417	-0.0217904
0.4	0.0229072	-0.0220134
0.5	0.0224612	-0.0223479
0.6	0.0224612	-0.0223479
0.7	0.0220152	-0.022794
0.8	0.0219037	-0.023017
0.9	0.0219037	-0.023017
1	0.0216807	-0.023017
1.1	0.0215692	-0.02324
1.2	0.0215692	-0.02324
1.3	0.0219037	-0.02324
1.4	0.0223497	-0.0233515
1.5	0.0226842	-0.0235745
1.6	0.0226842	-0.0235745
1.7	0.0226842	-0.0240205
1.8	0.0211231	-0.0242435
1.9	0.0217922	-0.024355
2	0.0219037	-0.024355
2.1	0.0222382	-0.0242435
2.2	0.0219037	-0.0233515
2.3	0.0219037	-0.022794
2.4	0.0220152	-0.0229055
2.5	0.0221267	-0.023686
2.6	0.0221267	-0.023686
2.7	0.0212346	-0.023909
2.8	0.0212346	-0.0240205
2.9	0.0214576	-0.0237975
3	0.0203426	-0.023686
3.1	0.0203426	-0.023686
3.2	0.0204541	-0.023686
3.3	0.0209001	-0.025024
3.4	0.0210116	-0.025024
3.5	0.0214576	-0.0249125
3.6	0.0212346	-0.024801
3.7	0.0211231	-0.0249125
3.8	0.0209001	-0.0254701
3.9	0.0214576	-0.0253586
4	0.0207886	-0.0246895
4.1	0.0206771	-0.024578
4.2	0.0210116	-0.024578
4.3	0.0212346	-0.024355
4.4	0.0211231	-0.023909
4.5	0.0206771	-0.024578
4.6	0.0206771	-0.0251356
4.7	0.0206771	-0.0251356
4.8	0.0206771	-0.0251356
4.9	0.0210116	-0.024801
5	0.0210116	-0.0246895
5.1	0.0204541	-0.0252471
5.2	0.0202311	-0.0259161
5.3	0.0205656	-0.0260276
5.4	0.0207886	-0.0260276
5.5	0.0207886	-0.0260276
5.6	0.0207886	-0.0260276
5.7	0.0207886	-0.0260276
5.8	0.0209001	-0.0265851
5.9	0.0209001	-0.0264736
6	0.0204541	-0.0264736
6.1	0.0204541	-0.0265851
6.2	0.0204541	-0.0265851
6.3	0.0205656	-0.0266966
6.4	0.0206771	-0.0269196
6.5	0.0211231	-0.0274771
6.6	0.0206771	-0.0275887
6.7	0.0201196	-0.0272541
6.8	0.0204541	-0.0271426
6.9	0.0207886	-0.0273656
7	0.0210116	-0.0277002
7.1	0.0207886	-0.0280347
7.2	0.0202311	-0.0277002
7.3	0.0202311	-0.0277002
7.4	0.0202311	-0.0277002
7.5	0.0202311	-0.0280347
7.6	0.0198966	-0.0288152
7.7	0.0198966	-0.0287037
7.8	0.0198966	-0.0283692
7.9	0.0198966	-0.0283692
8	0.0198966	-0.0283692
8.1	0.0194506	-0.0285922
8.2	0.0193391	-0.0289267
8.3	0.0205656	-0.0284807
8.4	0.0202311	-0.0284807
8.5	0.0202311	-0.0285922
8.6	0.0202311	-0.0295957
8.7	0.0202311	-0.0295957
8.8	0.0200081	-0.0303763
8.9	0.0202311	-0.0308223
9	0.0205656	-0.0308223
9.1	0.0207886	-0.0308223
9.2	0.0210116	-0.0305993
9.3	0.0211231	-0.0311568
9.4	0.0211231	-0.0311568
9.5	0.0204541	-0.0310453
9.6	0.0204541	-0.0310453
9.7	0.0202311	-0.0312683
9.8	0.0193391	-0.0314913
9.9	0.0187815	-0.0310453
10	0.0195621	-0.0311568
10.1	0.0197851	-0.0314913
10.2	0.0197851	-0.0316028
10.3	0.0196736	-0.0309338
10.4	0.0197851	-0.0311568
10.5	0.0197851	-0.0314913
10.6	0.0197851	-0.0314913
10.7	0.0197851	-0.0314913
10.8	0.0197851	-0.0314913
10.9	0.0201196	-0.0314913
11	0.0205656	-0.0312683
11.1	0.0209001	-0.0311568
11.2	0.0209001	-0.0311568
11.3	0.0209001	-0.0311568
11.4	0.0212346	-0.0308223
11.5	0.0212346	-0.0308223
11.6	0.0206771	-0.0312683
11.7	0.0205656	-0.0310453
11.8	0.0204541	-0.0308223
11.9	0.0206771	-0.0316028
12	0.0206771	-0.0317143
12.1	0.0207886	-0.0316028
12.2	0.0206771	-0.0316028
12.3	0.0206771	-0.0318258
12.4	0.0205656	-0.0318258
12.5	0.0205656	-0.0316028
12.6	0.0211231	-0.0319373
12.7	0.0211231	-0.0318258
12.8	0.0213461	-0.0314913
12.9	0.0213461	-0.0313798
13	0.0213461	-0.0314913
13.1	0.0213461	-0.0316028
13.2	0.0213461	-0.0319373
13.3	0.0212346	-0.0319373
13.4	0.0215692	-0.0312683
13.5	0.0216807	-0.0311568
13.6	0.0223497	-0.0314913
13.7	0.0230187	-0.0312683
13.8	0.0232417	-0.0309338
13.9	0.0232417	-0.0309338
14	0.0232417	-0.0309338
14.1	0.0227957	-0.0312683
14.2	0.0227957	-0.0312683
14.3	0.0226842	-0.0307108
14.4	0.0227957	-0.0316028
14.5	0.0229072	-0.0316028
14.6	0.0230187	-0.0314913
14.7	0.0230187	-0.0318258
14.8	0.0230187	-0.0318258
14.9	0.0225727	-0.0317143
15	0.0224612	-0.0317143
15.1	0.0224612	-0.0318258
15.2	0.0223497	-0.0319373
15.3	0.0222382	-0.0319373
15.4	0.0222382	-0.0316028
15.5	0.0222382	-0.0322718
15.6	0.0225727	-0.0321603
15.7	0.0229072	-0.0320488
15.8	0.0233532	-0.0322718
15.9	0.0233532	-0.0324948
16	0.0233532	-0.0326064
16.1	0.0233532	-0.0326064
16.2	0.0233532	-0.0329409
16.3	0.0232417	-0.0329409
16.4	0.0230187	-0.0327179
16.5	0.0231302	-0.0327179
16.6	0.0229072	-0.0328294
16.7	0.0229072	-0.0328294
16.8	0.0226842	-0.0332754
16.9	0.0225727	-0.0332754
17	0.0221267	-0.0326064
17.1	0.0220152	-0.0327179
17.2	0.0220152	-0.0330524
17.3	0.0220152	-0.0334984
17.4	0.0220152	-0.0333869
17.5	0.0223497	-0.0329409
17.6	0.0223497	-0.0329409
17.7	0.0216807	-0.0331639
17.8	0.0214576	-0.0332754
17.9	0.0214576	-0.0332754
18	0.0214576	-0.0332754
18.1	0.0214576	-0.0332754
18.2	0.0221267	-0.0337214
18.3	0.0223497	-0.0337214
18.4	0.0221267	-0.0337214
18.5	0.0215692	-0.0333869
18.6	0.0215692	-0.0336099
18.7	0.0215692	-0.0337214
18.8	0.0215692	-0.0337214
18.9	0.0212346	-0.0340559
19	0.0212346	-0.0340559
19.1	0.0212346	-0.0340559
19.2	0.0214576	-0.0340559
19.3	0.0214576	-0.0340559
19.4	0.0214576	-0.0340559
19.5	0.0214576	-0.0340559
19.6	0.0214576	-0.0340559
19.7	0.0214576	-0.0340559
19.8	0.0214576	-0.0339444
19.9	0.0214576	-0.0339444
20	0.0214576	-0.0339444
20.1	0.0214576	-0.0339444
20.2	0.0214576	-0.0339444
20.3	0.0214576	-0.0339444
20.4	0.0217922	-0.0339444
20.5	0.0217922	-0.0339444
20.6	0.0217922	-0.0339444
20.7	0.0220152	-0.0340559
20.8	0.0221267	-0.0342789
20.9	0.0221267	-0.0343904
21	0.0222382	-0.0343904
21.1	0.0222382	-0.0343904
21.2	0.0222382	-0.0343904
21.3	0.0222382	-0.0343904
21.4	0.0222382	-0.0343904
21.5	0.0222382	-0.0339444
21.6	0.0222382	-0.0338329
21.7	0.0222382	-0.0338329
21.8	0.0222382	-0.0338329
21.9	0.0222382	-0.0338329
22	0.0222382	-0.0338329
22.1	0.0229072	-0.0349479
22.2	0.0225727	-0.0349479
22.3	0.0225727	-0.0349479
22.4	0.0225727	-0.035171
22.5	0.0214576	-0.0355055
22.6	0.0213461	-0.035617
22.7	0.0213461	-0.035617
22.8	0.0213461	-0.036063
22.9	0.0215692	-0.036286
23	0.0219037	-0.0363975
23.1	0.0219037	-0.037178
23.2	0.0217922	-0.0372895
23.3	0.0211231	-0.0372895
23.4	0.0211231	-0.0372895
23.5	0.0211231	-0.0372895
23.6	0.0211231	-0.0372895
23.7	0.0213461	-0.0372895
23.8	0.0226842	-0.0375125
23.9	0.0227957	-0.0375125
24	0.0227957	-0.037401
24.1	0.0227957	-0.037401
24.2	0.0216807	-0.0379586
24.3	0.0216807	-0.0379586
24.4	0.0216807	-0.0379586
24.5	0.0216807	-0.0379586
24.6	0.0212346	-0.0378471
24.7	0.0214576	-0.0377356
24.8	0.0214576	-0.0377356
24.9	0.0215692	-0.0368435
25	0.0215692	-0.0368435
25.1	0.0215692	-0.0368435
25.2	0.0215692	-0.0368435
25.3	0.0215692	-0.0368435
25.4	0.0215692	-0.0368435
25.5	0.0215692	-0.0368435
25.6	0.0215692	-0.0368435
25.7	0.0202311	-0.0378471
25.8	0.0206771	-0.0378471
25.9	0.0209001	-0.0377356
26	0.0216807	-0.0377356
26.1	0.0216807	-0.0377356
26.2	0.0216807	-0.0378471
26.3	0.0216807	-0.0378471
26.4	0.0216807	-0.0378471
26.5	0.0216807	-0.0378471
26.6	0.0216807	-0.0378471
26.7	0.0216807	-0.0378471
26.8	0.0216807	-0.0378471
26.9	0.0211231	-0.0375125
27	0.0211231	-0.0375125
27.1	0.0211231	-0.0375125
27.2	0.0211231	-0.0375125
27.3	0.0207886	-0.0375125
27.4	0.0207886	-0.0375125
27.5	0.0201196	-0.0372895
27.6	0.0196736	-0.037178
27.7	0.0196736	-0.037178
27.8	0.0209001	-0.037401
27.9	0.0209001	-0.037401
28	0.0209001	-0.037401
28.1	0.0209001	-0.037401
28.2	0.0209001	-0.037401
28.3	0.0209001	-0.037401
28.4	0.0209001	-0.037401
28.5	0.0209001	-0.037401
28.6	0.0204541	-0.0377356
28.7	0.0204541	-0.0377356
28.8	0.0204541	-0.0377356
28.9	0.0204541	-0.0377356
29	0.0203426	-0.0372895
29.1	0.0203426	-0.0372895
29.2	0.0203426	-0.0370665
29.3	0.0203426	-0.0370665
29.4	0.0203426	-0.0370665
29.5	0.0204541	-0.036955
29.6	0.0206771	-0.0368435
29.7	0.0206771	-0.0368435
29.8	0.0205656	-0.036955
29.9	0.0204541	-0.0370665
30	0.0206771	-0.0370665
30.1	0.0206771	-0.0370665
30.2	0.0206771	-0.0370665
30.3	0.0206771	-0.0370665
30.4	0.0206771	-0.0370665
30.5	0.0210116	-0.0375125
30.6	0.0210116	-0.0375125
30.7	0.0210116	-0.0375125
30.8	0.0210116	-0.0375125
30.9	0.0210116	-0.0375125
31	0.0210116	-0.0375125
31.1	0.0210116	-0.0375125
31.2	0.0210116	-0.0375125
31.3	0.0210116	-0.0375125
31.4	0.0210116	-0.0375125
31.5	0.0210116	-0.0375125
31.6	0.0216807	-0.0375125
31.7	0.0216807	-0.037401
31.8	0.0216807	-0.037401
31.9	0.0216807	-0.037401
32	0.0216807	-0.037401
32.1	0.0216807	-0.037401
32.2	0.0213461	-0.0375125
32.3	0.0212346	-0.0375125
32.4	0.0212346	-0.0375125
32.5	0.0212346	-0.0375125
32.6	0.0215692	-0.037401
32.7	0.0215692	-0.037401
32.8	0.0215692	-0.037401
32.9	0.0215692	-0.037401
33	0.0226842	-0.0368435
33.1	0.0226842	-0.0368435
33.2	0.0226842	-0.036732
33.3	0.0226842	-0.036732
33.4	0.0226842	-0.036732
33.5	0.0226842	-0.036732
33.6	0.0222382	-0.0368435
33.7	0.0217922	-0.0370665
33.8	0.0217922	-0.0370665
33.9	0.0229072	-0.0370665
34	0.0230187	-0.0370665
34.1	0.0227957	-0.0377356
34.2	0.0223497	-0.0378471
34.3	0.0223497	-0.0380701
34.4	0.0223497	-0.0380701
34.5	0.0223497	-0.0380701
34.6	0.0223497	-0.0386276
34.7	0.0223497	-0.0387391
34.8	0.0225727	-0.0387391
34.9	0.0233532	-0.0386276
35	0.0233532	-0.0386276
35.1	0.0236877	-0.0394081
35.2	0.0236877	-0.0394081
35.3	0.0237992	-0.0392966
35.4	0.0241338	-0.0384046
35.5	0.0236877	-0.0384046
35.6	0.0227957	-0.0389621
35.7	0.0235762	-0.0389621
35.8	0.0231302	-0.0384046
35.9	0.0227957	-0.0380701
36	0.0227957	-0.0380701
36.1	0.0231302	-0.0380701
36.2	0.0227957	-0.0386276
36.3	0.0226842	-0.0386276
36.4	0.0230187	-0.0382931
36.5	0.0236877	-0.0394081
36.6	0.0227957	-0.0398541
36.7	0.0226842	-0.0398541
36.8	0.0233532	-0.0396311
36.9	0.0233532	-0.0396311
37	0.0233532	-0.0396311
37.1	0.0233532	-0.0396311
37.2	0.0233532	-0.0396311
37.3	0.0233532	-0.0396311
37.4	0.0233532	-0.0396311
37.5	0.0233532	-0.0396311
37.6	0.0233532	-0.0396311
37.7	0.0233532	-0.0396311
37.8	0.0227957	-0.0397426
37.9	0.0227957	-0.0397426
38	0.0229072	-0.0397426
38.1	0.0231302	-0.0397426
38.2	0.0231302	-0.0397426
38.3	0.0231302	-0.0396311
38.4	0.0225727	-0.0397426
38.5	0.0231302	-0.0398541
38.6	0.0232417	-0.0398541
38.7	0.0232417	-0.0397426
38.8	0.0232417	-0.0397426
38.9	0.0232417	-0.0397426
39	0.0232417	-0.0397426
39.1	0.0235762	-0.0397426
39.2	0.0235762	-0.0395196
39.3	0.0230187	-0.0395196
39.4	0.0230187	-0.0395196
39.5	0.0230187	-0.0395196
39.6	0.0230187	-0.0391851
39.7	0.0230187	-0.0391851
39.8	0.0230187	-0.0391851
39.9	0.0230187	-0.0391851
40	0.0224612	-0.0391851
40.1	0.0229072	-0.0391851
40.2	0.0235762	-0.0389621
40.3	0.0232417	-0.0380701
40.4	0.0232417	-0.0381258
40.5	0.0232417	-0.0381816
40.6	0.0232417	-0.0382931
40.7	0.0231302	-0.0386276
40.8	0.0231302	-0.0386276
40.9	0.0231302	-0.0386276
41	0.0231302	-0.0386276
41.1	0.0231302	-0.0386276
41.2	0.0231302	-0.0386276
41.3	0.0231302	-0.0386276
41.4	0.0231302	-0.0386276
41.5	0.0231302	-0.0386276
41.6	0.0231302	-0.0386276
41.7	0.0230187	-0.0386276
41.8	0.0223497	-0.0389621
41.9	0.0223497	-0.0389621
42	0.0227957	-0.0387391
42.1	0.0227957	-0.0387391
42.2	0.0227957	-0.0387391
42.3	0.0227957	-0.0387391
42.4	0.0227957	-0.0387391
42.5	0.0235762	-0.0387391
42.6	0.0235762	-0.0385161
42.7	0.0227957	-0.0389621
42.8	0.0225727	-0.0378471
42.9	0.0229072	-0.0379586
43	0.0229072	-0.0379586
43.1	0.0230187	-0.0379586
43.2	0.0230187	-0.0379586
43.3	0.0230187	-0.0379586
43.4	0.0231302	-0.0379586
43.5	0.0222382	-0.0385161
43.6	0.0231302	-0.0382931
43.7	0.0231302	-0.0382931
43.8	0.0231302	-0.0382931
43.9	0.0231302	-0.0382931
44	0.0231302	-0.0382931
44.1	0.0233532	-0.0398541
44.2	0.0233532	-0.0398541
44.3	0.0233532	-0.0397426
44.4	0.0233532	-0.0397426
44.5	0.0235762	-0.0395196
44.6	0.0235762	-0.0395196
44.7	0.0235762	-0.0395196
44.8	0.0235762	-0.0395196
44.9	0.0236877	-0.0396311
45	0.0232417	-0.0403002
45.1	0.0233532	-0.0403002
45.2	0.0237992	-0.0403002
45.3	0.0240222	-0.0400772
45.4	0.0240222	-0.0399656
45.5	0.0234647	-0.0404117
45.6	0.0243568	-0.0403002
45.7	0.0248028	-0.0398541
45.8	0.0245798	-0.0398541
45.9	0.0240222	-0.0407462
46	0.0240222	-0.0407462
46.1	0.0241338	-0.0411922
46.2	0.0236877	-0.0418612
46.3	0.0232417	-0.0419727
46.4	0.0237992	-0.0418612
46.5	0.0242453	-0.0415267
46.6	0.0236877	-0.0417497
46.7	0.0235762	-0.0417497
46.8	0.0240222	-0.0418612
46.9	0.0233532	-0.0420842
47	0.0236877	-0.0420842
47.1	0.0231302	-0.0420842
47.2	0.0229072	-0.0423072
47.3	0.0237992	-0.0420842
47.4	0.0237992	-0.0420842
47.5	0.0237992	-0.0420842
47.6	0.0233532	-0.0420842
47.7	0.0233532	-0.0418612
47.8	0.0233532	-0.0417497
47.9	0.0233532	-0.0417497
48	0.0233532	-0.0417497
48.1	0.0233532	-0.0417497
48.2	0.0233532	-0.0417497
48.3	0.0233532	-0.0417497
48.4	0.0233532	-0.0417497
48.5	0.0236877	-0.0417497
48.6	0.0236877	-0.0417497
48.7	0.0236877	-0.0417497
48.8	0.0236877	-0.0417497
48.9	0.0234647	-0.0416382
49	0.0239107	-0.0414152
49.1	0.0227957	-0.0419727
49.2	0.0230187	-0.0418612
49.3	0.0230187	-0.0418612
49.4	0.0230187	-0.0418612
49.5	0.0230187	-0.0418612
49.6	0.0230187	-0.0418612
49.7	0.0230187	-0.0418612
49.8	0.0230187	-0.0418612
49.9	0.0230187	-0.0425302
50	0.0233532	-0.0428648
50.1	0.0233532	-0.0428648
50.2	0.0233532	-0.0428648
50.3	0.0233532	-0.0433108
50.4	0.0233532	-0.0435338
50.5	0.0241338	-0.0430878
50.6	0.0240222	-0.0435338
50.7	0.0240222	-0.0436453
50.8	0.0243568	-0.0433108
50.9	0.0244683	-0.0434223
51	0.0239107	-0.0434223
51.1	0.0240222	-0.0429763
51.2	0.0241338	-0.0428648
51.3	0.0234647	-0.0429763
51.4	0.0235762	-0.0428648
51.5	0.0239107	-0.0423072
51.6	0.0236877	-0.0427533
51.7	0.0234647	-0.0427533
51.8	0.0239107	-0.0427533
51.9	0.0242453	-0.0426418
52	0.0248028	-0.0421957
52.1	0.0245798	-0.0421957
52.2	0.0243568	-0.0424187
52.3	0.0241338	-0.0425302
52.4	0.0236877	-0.0427533
52.5	0.0246913	-0.0425302
52.6	0.0250258	-0.0424187
52.7	0.0245798	-0.0427533
52.8	0.0248028	-0.0426418
52.9	0.0250258	-0.0426418
53	0.0250258	-0.0430878
53.1	0.0252488	-0.0425302
53.2	0.0251373	-0.0426418
53.3	0.0252488	-0.0426418
53.4	0.0252488	-0.0425302
53.5	0.0252488	-0.0423072
53.6	0.0252488	-0.0423072
53.7	0.0249143	-0.0424187
53.8	0.0249143	-0.0424187
53.9	0.0249143	-0.0424187
54	0.0249143	-0.0424187
54.1	0.0249143	-0.0424187
54.2	0.0243568	-0.0430878
54.3	0.0245798	-0.0430878
54.4	0.0250258	-0.0428648
54.5	0.0249143	-0.0429763
54.6	0.0249143	-0.0429763
54.7	0.0249143	-0.0429763
54.8	0.0249143	-0.0429763
54.9	0.0249143	-0.0429763
55	0.0249143	-0.0429763
55.1	0.0249143	-0.0429763
55.2	0.0249143	-0.0429763
55.3	0.0254718	-0.0430878
55.4	0.0254718	-0.0433108
55.5	0.0255276	-0.0434223
55.6	0.0255833	-0.0435338
55.7	0.0252488	-0.0437568
55.8	0.0248028	-0.0442028
55.9	0.0256948	-0.0443143
56	0.0260293	-0.0443143
56.1	0.0260293	-0.0443143
56.2	0.0259178	-0.0443143
56.3	0.0258063	-0.0444258
56.4	0.0256948	-0.0447603
56.5	0.0256948	-0.0449833
56.6	0.0256948	-0.0449833
56.7	0.0256948	-0.0449833
56.8	0.0256948	-0.0449833
56.9	0.0256948	-0.0450949
57	0.0261408	-0.0447603
57.1	0.0261408	-0.0445373
57.2	0.0258063	-0.0445373
57.3	0.0253603	-0.0443143
57.4	0.0254718	-0.0443143
57.5	0.0261408	-0.0443143
57.6	0.0262523	-0.0445373
57.7	0.0261408	-0.0448718
57.8	0.0254718	-0.0453179
57.9	0.0251373	-0.0453179
58	0.0249143	-0.0450949
58.1	0.0249143	-0.0450949
58.2	0.0246913	-0.0447603
58.3	0.0239107	-0.0450949
58.4	0.0246913	-0.0449833
58.5	0.0250258	-0.0446488
58.6	0.0250258	-0.0455409
58.7	0.0249143	-0.0455409
58.8	0.0251373	-0.0453179
58.9	0.0249143	-0.0445373
59	0.0249143	-0.0445373
59.1	0.0244683	-0.0445373
59.2	0.0243568	-0.0445373
59.3	0.0245798	-0.0445373
59.4	0.0249143	-0.0443143
59.5	0.0249143	-0.0443143
59.6	0.0249143	-0.0443143
59.7	0.0249143	-0.0444258
59.8	0.0249143	-0.0446488
59.9	0.0249143	-0.0446488
60	0.0249143	-0.0446488
60.1	0.0249143	-0.0446488
60.2	0.0249143	-0.0446488
60.3	0.0249143	-0.0446488
60.4	0.0249143	-0.0446488
60.5	0.0250258	-0.0443143
60.6	0.0250258	-0.0438683
60.7	0.0250258	-0.0438683
60.8	0.0244683	-0.0438683
60.9	0.0244683	-0.0437568
61	0.0241338	-0.0434223
61.1	0.0242453	-0.0435338
61.2	0.0242453	-0.0437568
61.3	0.0233532	-0.0442028
61.4	0.0240222	-0.0444258
61.5	0.0243568	-0.0444258
61.6	0.0243568	-0.0444258
61.7	0.0243568	-0.0444258
61.8	0.0243568	-0.0444258
61.9	0.0244683	-0.0438683
62	0.0244683	-0.0438683
62.1	0.0244683	-0.0438683
62.2	0.0244683	-0.0437568
62.3	0.0242453	-0.0429763
62.4	0.0242453	-0.0429763
62.5	0.0242453	-0.0429763
62.6	0.0240222	-0.0430878
62.7	0.0241338	-0.0430878
62.8	0.0242453	-0.0430878
62.9	0.0248028	-0.0430878
63	0.0249143	-0.0430878
63.1	0.0250258	-0.0430878
63.2	0.0250258	-0.0430878
63.3	0.0252488	-0.0430878
63.4	0.0252488	-0.0430878
63.5	0.0252488	-0.0430878
63.6	0.0252488	-0.0430878
63.7	0.0252488	-0.0430878
63.8	0.0253603	-0.0429763
63.9	0.0253603	-0.0429763
64	0.0255833	-0.0430878
64.1	0.0255833	-0.0430878
64.2	0.0254718	-0.0430878
64.3	0.0252488	-0.0430878
64.4	0.0249143	-0.0431993
64.5	0.0249143	-0.0431993
64.6	0.0249143	-0.0431993
64.7	0.0249143	-0.0431993
64.8	0.0251373	-0.0433108
64.9	0.0255833	-0.0434223
65	0.0255833	-0.0434223
65.1	0.0256948	-0.0434223
65.2	0.0258063	-0.0434223
65.3	0.0261408	-0.0434223
65.4	0.0261408	-0.0434223
65.5	0.0261408	-0.0434223
65.6	0.0261408	-0.0434223
65.7	0.0261408	-0.0434223
65.8	0.0261408	-0.0434223
65.9	0.0261408	-0.0434223
66	0.0264753	-0.0434223
66.1	0.0271444	-0.0437568
66.2	0.0271444	-0.0437568
66.3	0.0271444	-0.0437568
66.4	0.0271444	-0.0447603
66.5	0.0270329	-0.0447603
66.6	0.0270329	-0.0447603
66.7	0.0273674	-0.0446488
66.8	0.0274789	-0.0443143
66.9	0.0268099	-0.0443143
67	0.0261408	-0.0446488
67.1	0.0269214	-0.0446488
67.2	0.0273674	-0.0442028
67.3	0.0273674	-0.0442028
67.4	0.0272559	-0.0440913
67.5	0.0266984	-0.0446488
67.6	0.0268099	-0.0448718
67.7	0.0268099	-0.0447603
67.8	0.0268099	-0.0447603
67.9	0.0268099	-0.0447603
68	0.0269214	-0.0447603
68.1	0.0269214	-0.0447603
68.2	0.0269214	-0.0447603
68.3	0.0270329	-0.0447603
68.4	0.0273674	-0.0447603
68.5	0.0273674	-0.0447603
68.6	0.0273674	-0.0443143
68.7	0.0273674	-0.0443143
68.8	0.0273674	-0.0443143
68.9	0.0270329	-0.0447603
69	0.0271444	-0.0447603
69.1	0.0277019	-0.0447603
69.2	0.0279249	-0.0444258
69.3	0.0275904	-0.0446488
69.4	0.0272559	-0.0447603
69.5	0.0261408	-0.0447603
69.6	0.0261408	-0.0447603
69.7	0.0261408	-0.0447603
69.8	0.0263638	-0.0447603
69.9	0.0264753	-0.0450949
70	0.0270329	-0.0448718
70.1	0.0271444	-0.0455409
70.2	0.0271444	-0.0455409
70.3	0.0271444	-0.0455409
70.4	0.0272559	-0.0452064
70.5	0.0269214	-0.0456524
70.6	0.0268099	-0.0456524
70.7	0.0269214	-0.0456524
70.8	0.0269214	-0.0456524
70.9	0.0256948	-0.0455409
71	0.0253603	-0.0458754
71.1	0.0261408	-0.0456524
71.2	0.0262523	-0.0455409
71.3	0.0262523	-0.0455409
71.4	0.0262523	-0.0455409
71.5	0.0258063	-0.0459869
71.6	0.0261408	-0.0459869
71.7	0.0265869	-0.0459869
71.8	0.0279249	-0.0459869
71.9	0.0279249	-0.0459869
72	0.0279249	-0.0459869
72.1	0.0279249	-0.0459869
72.2	0.0282594	-0.0457639
72.3	0.0287054	-0.0458754
72.4	0.0291515	-0.0463214
72.5	0.0291515	-0.0467674
72.6	0.029263	-0.0462099
72.7	0.029263	-0.0456524
72.8	0.0291515	-0.0471019
72.9	0.0304895	-0.0471019
73	0.030601	-0.0469904
73.1	0.0309355	-0.0469904
73.2	0.0309355	-0.0469904
73.3	0.030601	-0.0469904
73.4	0.0304895	-0.0478825
73.5	0.030601	-0.0467674
73.6	0.0302665	-0.0464329
73.7	0.0304895	-0.0469904
73.8	0.030601	-0.0469904
73.9	0.029709	-0.047771
74	0.0304895	-0.0474364
74.1	0.030601	-0.0466559
74.2	0.0307125	-0.0464329
74.3	0.030378	-0.0464329
74.4	0.0302665	-0.0464329
74.5	0.0302665	-0.0464329
74.6	0.0302665	-0.0464329
74.7	0.0295975	-0.0467674
74.8	0.0295975	-0.0468789
74.9	0.0300435	-0.0468789
75	0.030378	-0.0468789
75.1	0.030824	-0.0468789
75.2	0.030824	-0.0468789
75.3	0.0295975	-0.0473249
75.4	0.029932	-0.0473249
75.5	0.0302665	-0.0464329
75.6	0.0304895	-0.0474364
75.7	0.0304895	-0.0474364
75.8	0.030155	-0.0472134
75.9	0.030155	-0.0472134
76	0.0300435	-0.0472134
76.1	0.029932	-0.0472134
76.2	0.029932	-0.0472134
76.3	0.0300435	-0.0469904
76.4	0.0302665	-0.0462099
76.5	0.029932	-0.0462099
76.6	0.0295975	-0.0466559
76.7	0.0295975	-0.0468789
76.8	0.0300435	-0.0468789
76.9	0.0304895	-0.0467674
77	0.030601	-0.0460984
77.1	0.0295975	-0.0468789
77.2	0.0300435	-0.0472134
77.3	0.0303223	-0.0470462
77.4	0.030601	-0.0468789
77.5	0.030601	-0.0467674
77.6	0.030601	-0.0467674
77.7	0.030601	-0.0467674
77.8	0.030601	-0.0467674
77.9	0.0309355	-0.0465444
78	0.0309355	-0.0465444
78.1	0.030601	-0.0462099
78.2	0.030155	-0.0462099
78.3	0.0300435	-0.0468789
78.4	0.030155	-0.0468789
78.5	0.0304895	-0.0467674
78.6	0.0304895	-0.0466559
78.7	0.0304895	-0.0466559
78.8	0.0304895	-0.0466559
78.9	0.0304895	-0.0466559
79	0.0304895	-0.0466559
79.1	0.0304895	-0.0460984
79.2	0.0304895	-0.0460984
79.3	0.0304895	-0.0460984
79.4	0.030601	-0.0460984
79.5	0.0307125	-0.0459869
79.6	0.030601	-0.0457639
79.7	0.0300435	-0.0459869
79.8	0.029486	-0.0464329
79.9	0.029486	-0.0464329
80	0.029486	-0.0464329
80.1	0.029486	-0.0464329
80.2	0.029486	-0.0464329
80.3	0.029486	-0.0464329
80.4	0.0291515	-0.0466559
80.5	0.029263	-0.0466559
80.6	0.029709	-0.0463214
80.7	0.0302665	-0.0458754
80.8	0.030378	-0.0455409
80.9	0.030378	-0.0455409
81	0.030155	-0.0455409
81.1	0.029709	-0.0458754
81.2	0.030155	-0.0465444
81.3	0.0302665	-0.0465444
81.4	0.030378	-0.0460984
81.5	0.030378	-0.0460984
81.6	0.0302665	-0.0460984
81.7	0.0302665	-0.0460984
81.8	0.0304895	-0.0460984
81.9	0.0304895	-0.0459869
82	0.0304895	-0.0459869
82.1	0.030378	-0.0459869
82.2	0.030378	-0.0459869
82.3	0.030378	-0.0459869
82.4	0.0304895	-0.0459869
82.5	0.0307125	-0.0459869
82.6	0.0309355	-0.0458754
82.7	0.0304895	-0.0464329
82.8	0.030155	-0.0468789
82.9	0.0293745	-0.0473249
83	0.0287054	-0.0473249
83.1	0.0288169	-0.0476595
83.2	0.0295975	-0.047771
83.3	0.029932	-0.0473249
83.4	0.029486	-0.0468789
83.5	0.0289284	-0.0474364
83.6	0.0289284	-0.0476595
83.7	0.0293745	-0.0476595
83.8	0.0295975	-0.0471019
83.9	0.0295975	-0.0473249
84	0.0302665	-0.0476595
84.1	0.030824	-0.047771
84.2	0.0300435	-0.0473249
84.3	0.0302665	-0.048217
84.4	0.0309355	-0.0483285
84.5	0.030155	-0.048217
84.6	0.0300435	-0.048217
84.7	0.029932	-0.0482727
84.8	0.0298205	-0.0483285
84.9	0.0298205	-0.04844
85	0.0298205	-0.04844
85.1	0.0298205	-0.04844
85.2	0.029486	-0.0487745
85.3	0.029263	-0.0494435
85.4	0.029263	-0.0494435
85.5	0.0291515	-0.049555
85.6	0.0291515	-0.0498895
85.7	0.0291515	-0.0498895
85.8	0.0291515	-0.0498895
85.9	0.0295975	-0.049555
86	0.0295975	-0.049332
86.1	0.0295975	-0.049332
86.2	0.0295975	-0.0492205
86.3	0.0295975	-0.049332
86.4	0.0295975	-0.049332
86.5	0.029263	-0.0494435
86.6	0.029263	-0.0494435
86.7	0.0293745	-0.0494435
86.8	0.0293745	-0.049555
86.9	0.0289284	-0.049778
87	0.0293745	-0.0498895
87.1	0.0295975	-0.049778
87.2	0.0295975	-0.050001
87.3	0.0293745	-0.0503356
87.4	0.0295975	-0.0502241
87.5	0.029486	-0.0502241
87.6	0.0300435	-0.0498895
87.7	0.030155	-0.049109
87.8	0.030155	-0.049109
87.9	0.0302665	-0.048886
88	0.0302665	-0.0487745
88.1	0.0304895	-0.0487745
88.2	0.0302665	-0.0487745
88.3	0.0298205	-0.049332
88.4	0.0300435	-0.049332
88.5	0.0304895	-0.048217
88.6	0.0307125	-0.048217
88.7	0.030378	-0.04844
88.8	0.030378	-0.04844
88.9	0.030378	-0.04844
89	0.0304895	-0.0485515
89.1	0.0304895	-0.0485515
89.2	0.0304895	-0.0485515
89.3	0.030824	-0.04844
89.4	0.03127	-0.0483285
89.5	0.03127	-0.0483285
89.6	0.0309355	-0.0478825
89.7	0.030155	-0.0485515
89.8	0.030155	-0.0485515
89.9	0.030155	-0.0485515
90	0.030155	-0.0485515
90.1	0.0304895	-0.0485515
90.2	0.0313815	-0.0481055
90.3	0.031047	-0.04844
90.4	0.0313815	-0.048663
90.5	0.0316046	-0.048663
90.6	0.0319391	-0.0485515
90.7	0.0320506	-0.048217
90.8	0.0320506	-0.048217
90.9	0.0320506	-0.048217
91	0.0320506	-0.048217
91.1	0.0320506	-0.048217
91.2	0.0318276	-0.0483285
91.3	0.0317161	-0.04844
91.4	0.031493	-0.048663
91.5	0.0313815	-0.0489975
91.6	0.0304895	-0.0496665
91.7	0.0304895	-0.0505586
91.8	0.030824	-0.0505586
91.9	0.0311585	-0.0504471
92	0.03127	-0.0503356
92.1	0.0311585	-0.0503356
92.2	0.0304895	-0.0506701
92.3	0.0313815	-0.0503356
92.4	0.03127	-0.0505586
92.5	0.0307125	-0.0505586
92.6	0.030824	-0.050001
92.7	0.030824	-0.0496665
92.8	0.030824	-0.0496665
92.9	0.030824	-0.049555
93	0.030824	-0.049555
93.1	0.031493	-0.0496665
93.2	0.031493	-0.049778
93.3	0.0313815	-0.049778
93.4	0.0313815	-0.0498895
93.5	0.0313815	-0.0498895
93.6	0.0313815	-0.0498895
93.7	0.0313815	-0.0498895
93.8	0.0313815	-0.0498895
93.9	0.031047	-0.0503356
94	0.031047	-0.0503356
94.1	0.0309355	-0.0503356
94.2	0.030601	-0.0503356
94.3	0.030601	-0.0503356
94.4	0.030601	-0.0503356
94.5	0.030601	-0.0503356
94.6	0.0309355	-0.0516736
94.7	0.0309355	-0.0516736
94.8	0.0309355	-0.0516736
94.9	0.0309355	-0.0516736
95	0.0316046	-0.0513391
95.1	0.0316046	-0.0513391
95.2	0.0316046	-0.0513391
95.3	0.0316046	-0.0513391
95.4	0.0316046	-0.0513391
95.5	0.0316046	-0.0513391
95.6	0.0316046	-0.0513391
95.7	0.0318276	-0.0513391
95.8	0.0320506	-0.0511161
95.9	0.0320506	-0.0511161
96	0.0317161	-0.0513391
96.1	0.0317161	-0.0514506
96.2	0.031047	-0.0515621
96.3	0.0304895	-0.0516736
96.4	0.0304895	-0.0516736
96.5	0.0307125	-0.0516736
96.6	0.0309355	-0.0512276
96.7	0.0309355	-0.0512276
96.8	0.0309355	-0.0512276
96.9	0.0307125	-0.0514506
97	0.0304895	-0.0514506
97.1	0.0304895	-0.0510046
97.2	0.030824	-0.0506701
97.3	0.031047	-0.0505586
97.4	0.031047	-0.0505586
97.5	0.031047	-0.0505586
97.6	0.031047	-0.0505586
97.7	0.031047	-0.0505586
97.8	0.031047	-0.0505586
97.9	0.031047	-0.0505586
98	0.031047	-0.0503356
98.1	0.031047	-0.0501126
98.2	0.031047	-0.0501126
98.3	0.0309355	-0.0501126
98.4	0.0309355	-0.050001
98.5	0.0309355	-0.050001
98.6	0.0309355	-0.050001
98.7	0.031047	-0.0498895
98.8	0.031047	-0.049778
98.9	0.031047	-0.049778
99	0.031047	-0.0496665
99.1	0.031047	-0.0496665
99.2	0.031047	-0.0494435
99.3	0.031047	-0.0494435
99.4	0.031047	-0.0494435
99.5	0.031047	-0.0494435
99.6	0.031047	-0.0494435
99.7	0.031047	-0.0494435
99.8	0.031047	-0.0494435
99.9	0.031047	-0.0494435
100	0.031047	-0.0494435
100.1	0.031047	-0.0494435
100.2	0.0307125	-0.0492205
100.3	0.0307125	-0.0489975
100.4	0.0307125	-0.0489975
100.5	0.0307125	-0.0489975
100.6	0.0307125	-0.0489975
100.7	0.0307125	-0.0489975
100.8	0.0307125	-0.0489975
100.9	0.0307125	-0.0489975
101	0.0307125	-0.0489975
101.1	0.0307125	-0.0489975
101.2	0.030601	-0.048886
101.3	0.030601	-0.048886
101.4	0.030601	-0.048886
101.5	0.030601	-0.048886
101.6	0.0302665	-0.048886
101.7	0.0300435	-0.0489975
101.8	0.0300435	-0.0489975
101.9	0.0300435	-0.0489975
102	0.0300435	-0.0489975
102.1	0.0300435	-0.0489975
102.2	0.0300435	-0.0489975
102.3	0.0300435	-0.0489975
102.4	0.0300435	-0.049109
102.5	0.029709	-0.0498895
102.6	0.029709	-0.0498895
102.7	0.029709	-0.0498895
102.8	0.0302665	-0.0494435
102.9	0.0304895	-0.049332
103	0.0304895	-0.0502241
103.1	0.0304895	-0.0502241
103.2	0.0304895	-0.0501126
103.3	0.0304895	-0.0501126
103.4	0.031047	-0.048886
103.5	0.0311585	-0.0487745
103.6	0.031047	-0.0487745
103.7	0.030601	-0.0489975
103.8	0.030601	-0.0489975
103.9	0.030824	-0.0487745
104	0.031047	-0.048663
104.1	0.031047	-0.048663
104.2	0.031047	-0.048663
104.3	0.031047	-0.048663
104.4	0.0309355	-0.0487745
104.5	0.0309355	-0.0487745
104.6	0.031047	-0.0487745
104.7	0.0311585	-0.0487745
104.8	0.03127	-0.0487745
104.9	0.0313815	-0.0487745
105	0.0313815	-0.0487745
105.1	0.0313815	-0.0487745
105.2	0.0311585	-0.049332
105.3	0.0313815	-0.049332
105.4	0.0318276	-0.049109
105.5	0.0319391	-0.049109
105.6	0.0321621	-0.049109
105.7	0.0328311	-0.048886
105.8	0.0328869	-0.0489418
105.9	0.0329426	-0.0489975
106	0.0328311	-0.0489975
106.1	0.0327196	-0.0489975
106.2	0.0324966	-0.048886
106.3	0.0324966	-0.048886
106.4	0.0326081	-0.048886
106.5	0.0326081	-0.0487745
106.6	0.0326081	-0.0487745
106.7	0.0326081	-0.0487745
106.8	0.0330541	-0.048663
106.9	0.0331656	-0.0483285
107	0.0331656	-0.0483285
107.1	0.0331656	-0.0483285
107.2	0.0331656	-0.0483285
107.3	0.0331656	-0.0483285
107.4	0.0331656	-0.0483285
107.5	0.0331656	-0.0483285
107.6	0.0331656	-0.0483285
107.7	0.0331656	-0.0483285
107.8	0.0331656	-0.0483285
107.9	0.0331656	-0.048663
108	0.0331656	-0.048663
108.1	0.0331656	-0.048663
108.2	0.0331656	-0.0487745
108.3	0.0331656	-0.0487745
108.4	0.0332771	-0.0487745
108.5	0.0333886	-0.0487745
108.6	0.0333886	-0.0487745
108.7	0.0332771	-0.0487745
108.8	0.0330541	-0.048886
108.9	0.0331656	-0.048886
109	0.0331656	-0.048886
109.1	0.0331656	-0.048886
109.2	0.0335001	-0.048663
109.3	0.0335001	-0.048663
109.4	0.0332771	-0.0489975
109.5	0.0332771	-0.0494435
109.6	0.0332771	-0.0494435
109.7	0.0332771	-0.0494435
109.8	0.0332771	-0.0494435
109.9	0.0332771	-0.0494435
110	0.0336116	-0.049332
110.1	0.0337231	-0.049109
110.2	0.0337231	-0.0487745
110.3	0.0337231	-0.0487745
110.4	0.0337231	-0.0487745
110.5	0.0338346	-0.048663
110.6	0.0338346	-0.048663
110.7	0.0337231	-0.0487745
110.8	0.0337231	-0.0487745
110.9	0.0338346	-0.048663
111	0.0338346	-0.048663
111.1	0.0340577	-0.0483285
111.2	0.0342807	-0.0483285
111.3	0.0343922	-0.048217
111.4	0.0343922	-0.048217
111.5	0.0343922	-0.048217
111.6	0.0343922	-0.048217
111.7	0.0343922	-0.048217
111.8	0.0346152	-0.048217
111.9	0.0346152	-0.048217
112	0.0348382	-0.048217
112.1	0.0350612	-0.0478825
112.2	0.0350612	-0.0476595
112.3	0.0350612	-0.0476595
112.4	0.0350612	-0.047548
112.5	0.0350612	-0.047548
112.6	0.0350612	-0.047548
112.7	0.0350612	-0.047548
112.8	0.0350612	-0.0474364
112.9	0.0351727	-0.0471019
113	0.0353957	-0.0468789
113.1	0.0357302	-0.0465444
113.2	0.0357302	-0.0465444
113.3	0.0352842	-0.0469904
113.4	0.0355072	-0.0472134
113.5	0.0356187	-0.0465444
113.6	0.0356187	-0.0465444
113.7	0.0353957	-0.0465444
113.8	0.0353957	-0.0468789
113.9	0.0359532	-0.0474364
114	0.0366223	-0.0473249
114.1	0.0366223	-0.0473249
114.2	0.0362877	-0.0473249
114.3	0.0358417	-0.0478825
114.4	0.0345037	-0.0481055
114.5	0.0359532	-0.048886
114.6	0.0359532	-0.048886
114.7	0.0346152	-0.0489975
114.8	0.0346152	-0.0489975
114.9	0.0347267	-0.048886
115	0.0348382	-0.048663
115.1	0.0348382	-0.04844
115.2	0.0348382	-0.04844
115.3	0.0351727	-0.0478825
115.4	0.0351727	-0.0478825
115.5	0.0351727	-0.0478825
115.6	0.0351727	-0.0478825
115.7	0.0352842	-0.0478825
115.8	0.0352842	-0.047994
115.9	0.0352842	-0.047994
116	0.0352842	-0.047994
116.1	0.0358417	-0.047994
116.2	0.0363992	-0.0478825
116.3	0.0363992	-0.047771
116.4	0.0357302	-0.0476595
116.5	0.0347267	-0.047771
116.6	0.0347267	-0.047771
116.7	0.0347267	-0.047771
116.8	0.0347267	-0.047771
116.9	0.0347267	-0.047771
117	0.0347267	-0.047771
117.1	0.0348382	-0.047771
117.2	0.0356187	-0.0465444
117.3	0.0356187	-0.0465444
117.4	0.0356187	-0.0465444
117.5	0.0352842	-0.0465444
117.6	0.0352842	-0.0465444
117.7	0.0340577	-0.0468789
117.8	0.0341692	-0.0464329
117.9	0.0347267	-0.0460984
118	0.0337231	-0.0463214
118.1	0.0337231	-0.0463214
118.2	0.0333886	-0.0463214
118.3	0.0327196	-0.0465444
118.4	0.0339461	-0.0456524
118.5	0.0339461	-0.0456524
118.6	0.0339461	-0.0456524
118.7	0.0328311	-0.0459869
118.8	0.0341692	-0.0456524
118.9	0.0341692	-0.0456524
119	0.0336116	-0.0459869
119.1	0.0337231	-0.0459869
119.2	0.0339461	-0.0459869
119.3	0.0339461	-0.0460984
119.4	0.0339461	-0.0460984
119.5	0.0339461	-0.0457639
119.6	0.0341134	-0.0457081
119.7	0.0342807	-0.0456524
119.8	0.0347267	-0.0454294
119.9	0.0340577	-0.0459869
120	0.0340577	-0.0466559
120.1	0.0347267	-0.0465444
120.2	0.0349497	-0.0463214
120.3	0.0346152	-0.0459869
120.4	0.0341692	-0.0458754
120.5	0.0336116	-0.0456524
120.6	0.0336116	-0.0456524
120.7	0.0336116	-0.0456524
120.8	0.0332771	-0.0456524
120.9	0.0339461	-0.0455409
121	0.0336116	-0.0449833
121.1	0.0337231	-0.0454294
121.2	0.0332771	-0.0455409
121.3	0.0332771	-0.0455409
121.4	0.0328311	-0.0456524
121.5	0.0329426	-0.0445373
121.6	0.0331656	-0.0442028
121.7	0.0335001	-0.0442028
121.8	0.0336116	-0.0446488
121.9	0.0337231	-0.0450949
122	0.0332771	-0.0450949
122.1	0.0331656	-0.0450949
122.2	0.0331656	-0.0450949
122.3	0.0331656	-0.0450949
122.4	0.0331656	-0.0455409
122.5	0.0331656	-0.0455409
122.6	0.0331656	-0.0455409
122.7	0.0331656	-0.0455409
122.8	0.0332771	-0.0454294
122.9	0.0332771	-0.0453179
123	0.0335001	-0.0446488
123.1	0.0335001	-0.0446488
123.2	0.0332771	-0.0447603
123.3	0.0328311	-0.0449833
123.4	0.0328311	-0.0449833
123.5	0.0328311	-0.0449833
123.6	0.0328311	-0.0449833
123.7	0.03127	-0.0445373
123.8	0.0318276	-0.0444258
123.9	0.0319391	-0.0448718
124	0.0323851	-0.0459869
124.1	0.0323851	-0.0459869
124.2	0.0321621	-0.0459869
124.3	0.0320506	-0.0456524
124.4	0.0322736	-0.0455409
124.5	0.0322736	-0.0454294
124.6	0.0321621	-0.0455409
124.7	0.031493	-0.0456524
124.8	0.031493	-0.0456524
124.9	0.0320506	-0.0457639
125	0.0319391	-0.0458754
125.1	0.031493	-0.0459869
125.2	0.0307125	-0.0466559
125.3	0.031047	-0.0466559
125.4	0.0316046	-0.0465444
125.5	0.0318276	-0.0465444
125.6	0.0318276	-0.0465444
125.7	0.0316046	-0.0466559
125.8	0.031493	-0.0466559
125.9	0.031047	-0.0465444
126	0.0318276	-0.0462099
126.1	0.0320506	-0.0468789
126.2	0.0317161	-0.0472134
126.3	0.0313815	-0.0472134
126.4	0.0317161	-0.0468789
126.5	0.03127	-0.0474364
126.6	0.0318276	-0.047548
126.7	0.0316046	-0.0465444
126.8	0.0316046	-0.0466559
126.9	0.0319391	-0.0466559
127	0.031493	-0.0457639
127.1	0.0327196	-0.0453179
127.2	0.0324966	-0.0460984
127.3	0.0319391	-0.0467674
127.4	0.0316046	-0.0465444
127.5	0.0323851	-0.0466559
127.6	0.0319391	-0.0472134
127.7	0.0333886	-0.0457639
127.8	0.0328311	-0.0458754
127.9	0.0318276	-0.0454294
128	0.0327196	-0.0459869
128.1	0.0323851	-0.0456524
128.2	0.0322736	-0.0455409
128.3	0.0324966	-0.0458754
128.4	0.0327196	-0.0457639
128.5	0.0322736	-0.0456524
128.6	0.0318276	-0.0456524
128.7	0.0317161	-0.0456524
128.8	0.031493	-0.0467674
128.9	0.031493	-0.0467674
129	0.031493	-0.0467674
129.1	0.0319391	-0.0467674
129.2	0.0330541	-0.0466559
129.3	0.0330541	-0.0466559
129.4	0.0328311	-0.0466559
129.5	0.0328311	-0.0466559
129.6	0.0328311	-0.0466559
129.7	0.0330541	-0.0466559
129.8	0.0333886	-0.0466559
129.9	0.0333886	-0.0467674
130	0.0333886	-0.0467674
130.1	0.0337231	-0.0474364
130.2	0.0348382	-0.0478825
130.3	0.0341692	-0.0473249
130.4	0.0337231	-0.0471019
130.5	0.0337231	-0.0471019
130.6	0.0332771	-0.0469904
130.7	0.0331656	-0.0469904
130.8	0.0328311	-0.0467674
130.9	0.0328311	-0.0466559
131	0.0328311	-0.0466559
131.1	0.0328311	-0.0466559
131.2	0.0328311	-0.0466559
131.3	0.0328311	-0.0466559
131.4	0.0331656	-0.0466559
131.5	0.0333886	-0.0460984
131.6	0.0332771	-0.0460984
131.7	0.0332771	-0.0460984
131.8	0.0330541	-0.0460984
131.9	0.0328311	-0.0462099
132	0.0328311	-0.0462099
132.1	0.0328311	-0.0462099
132.2	0.0328311	-0.0462099
132.3	0.0328311	-0.0462099
132.4	0.0333886	-0.0462099
132.5	0.0339461	-0.0458754
132.6	0.0341692	-0.0457639
132.7	0.0341692	-0.0457639
132.8	0.0331656	-0.0467674
132.9	0.0339461	-0.0469904
133	0.0345037	-0.0468789
133.1	0.0345037	-0.0468789
133.2	0.0345037	-0.0467674
133.3	0.0345037	-0.0468789
133.4	0.0345037	-0.0468789
133.5	0.0345037	-0.0469904
133.6	0.0341692	-0.0474364
133.7	0.0341692	-0.0474364
133.8	0.0345037	-0.0474364
133.9	0.0348382	-0.0473249
134	0.0349497	-0.0471019
134.1	0.0349497	-0.0469904
134.2	0.0349497	-0.0469904
134.3	0.0348382	-0.0467674
134.4	0.0348382	-0.0467674
134.5	0.0347267	-0.0467674
134.6	0.0347267	-0.0467674
134.7	0.0347267	-0.0468789
134.8	0.0351727	-0.0468789
134.9	0.0350612	-0.0469904
135	0.0338346	-0.0474364
135.1	0.0346152	-0.0473249
135.2	0.0355072	-0.0468789
135.3	0.0355072	-0.0468789
135.4	0.0358417	-0.0468789
135.5	0.0355072	-0.0473249
135.6	0.0350612	-0.0474364
135.7	0.0341692	-0.047771
135.8	0.0340577	-0.047994
135.9	0.0342807	-0.0481055
136	0.0345037	-0.0481055
136.1	0.0348382	-0.047994
136.2	0.0349497	-0.0478825
136.3	0.0349497	-0.0478825
136.4	0.0349497	-0.0478825
136.5	0.0349497	-0.0478825
136.6	0.0346152	-0.0478825
136.7	0.0339461	-0.0478825
136.8	0.0333886	-0.0481055
136.9	0.0339461	-0.0476595
137	0.0343922	-0.0473249
137.1	0.0338346	-0.0474364
137.2	0.0326081	-0.047771
137.3	0.0324966	-0.0478825
137.4	0.0324966	-0.047994
137.5	0.0324966	-0.048217
137.6	0.0327196	-0.0487745
137.7	0.0338346	-0.0487745
137.8	0.0340577	-0.048663
137.9	0.0340577	-0.048663
138	0.0340577	-0.048663
138.1	0.0345037	-0.047994
138.2	0.0345037	-0.0478825
138.3	0.0345037	-0.0478825
138.4	0.0343922	-0.0478825
138.5	0.0342807	-0.0478825
138.6	0.0342807	-0.0478825
138.7	0.0341692	-0.0478825
138.8	0.0342807	-0.0467674
138.9	0.0342807	-0.0467674
139	0.0343922	-0.0467674
139.1	0.0345037	-0.0467674
139.2	0.0346152	-0.0466559
139.3	0.0346152	-0.0466559
139.4	0.0346152	-0.0466559
139.5	0.0346152	-0.0466559
139.6	0.0343922	-0.0465444
139.7	0.0347267	-0.0460984
139.8	0.0351727	-0.0459869
139.9	0.0353957	-0.0459869
140	0.0353957	-0.0460984
140.1	0.0353957	-0.0460984
140.2	0.0353957	-0.0460984
140.3	0.0353957	-0.0460984
140.4	0.0353957	-0.0460984
140.5	0.0350612	-0.0460984
140.6	0.0346152	-0.0460984
140.7	0.0346152	-0.0460984
140.8	0.0346152	-0.0460984
140.9	0.0351727	-0.0462099
141	0.0353957	-0.0463214
141.1	0.0353957	-0.0465444
141.2	0.0353957	-0.0465444
141.3	0.0353957	-0.0465444
141.4	0.0356187	-0.0465444
141.5	0.0356187	-0.0465444
141.6	0.0360647	-0.0465444
141.7	0.0362877	-0.0465444
141.8	0.0366223	-0.0465444
141.9	0.0368453	-0.0465444
142	0.0370683	-0.0469904
142.1	0.0369568	-0.0469904
142.2	0.0366223	-0.0471019
142.3	0.0367338	-0.0471019
142.4	0.0369568	-0.0469904
142.5	0.0369568	-0.0469904
142.6	0.0370683	-0.0469904
142.7	0.0376258	-0.0469904
142.8	0.0375143	-0.0469904
142.9	0.0367338	-0.0476595
143	0.0375143	-0.0474364
143.1	0.0376258	-0.0469904
143.2	0.0369568	-0.0469904
143.3	0.0367338	-0.0474364
143.4	0.0371798	-0.0474364
143.5	0.0375143	-0.0474364
143.6	0.0375143	-0.0473249
143.7	0.0377373	-0.0465444
143.8	0.0377373	-0.0465444
143.9	0.0368453	-0.0467674
144	0.0368453	-0.0467674
144.1	0.0368453	-0.0467674
144.2	0.0368453	-0.0467674
144.3	0.0368453	-0.0467674
144.4	0.0368453	-0.0467674
144.5	0.0368453	-0.0467674
144.6	0.0368453	-0.0467674
144.7	0.0368453	-0.0467674
144.8	0.0368453	-0.0467674
144.9	0.0368453	-0.0467674
145	0.0368453	-0.0467674
145.1	0.0368453	-0.0467674
145.2	0.0367338	-0.0467674
145.3	0.0362877	-0.0467674
145.4	0.0356187	-0.0466559
145.5	0.0356187	-0.0466559
145.6	0.0356187	-0.0466559
145.7	0.0356187	-0.0466559
145.8	0.0356187	-0.0466559
145.9	0.0356187	-0.0466559
146	0.0356187	-0.0466559
146.1	0.0357302	-0.0466559
146.2	0.0358417	-0.0466559
146.3	0.0362877	-0.0468789
146.4	0.0362877	-0.0468789
146.5	0.0367338	-0.0471019
146.6	0.0367338	-0.0471019
146.7	0.0367338	-0.0471019
146.8	0.0371798	-0.0467674
146.9	0.0371798	-0.0467674
147	0.0371798	-0.0467674
147.1	0.0371798	-0.0467674
147.2	0.0361762	-0.0468789
147.3	0.0361762	-0.0468789
147.4	0.0361762	-0.0468789
147.5	0.0362877	-0.0468789
147.6	0.0361762	-0.0468789
147.7	0.0353957	-0.0467674
147.8	0.0353957	-0.0467674
147.9	0.0353957	-0.0467674
148	0.0356187	-0.0467674
148.1	0.0358417	-0.0467674
148.2	0.0360647	-0.0467674
148.3	0.0369568	-0.0460984
148.4	0.0365108	-0.0463214
148.5	0.0359532	-0.0468789
148.6	0.0359532	-0.0468789
148.7	0.0359532	-0.0468789
148.8	0.0359532	-0.0468789
148.9	0.0359532	-0.0468789
149	0.0359532	-0.0468789
149.1	0.0359532	-0.0468789
149.2	0.0359532	-0.0468789
149.3	0.0356187	-0.047771
149.4	0.0355072	-0.048217
149.5	0.0367338	-0.0481055
149.6	0.0368453	-0.047771
149.7	0.0368453	-0.047771
149.8	0.0368453	-0.047771
149.9	0.0367338	-0.047771
150	0.0360647	-0.047548
150.1	0.0348382	-0.047548
150.2	0.0360647	-0.0474364
150.3	0.0360647	-0.0472134
150.4	0.0360647	-0.0474364
150.5	0.0360647	-0.047771
150.6	0.0353957	-0.0478825
150.7	0.0359532	-0.0474364
150.8	0.0366223	-0.0471019
150.9	0.0366223	-0.0469904
151	0.0355072	-0.0466559
151.1	0.0348382	-0.0469904
151.2	0.0346152	-0.0469904
151.3	0.0341692	-0.0468789
151.4	0.0350612	-0.0466559
151.5	0.0357302	-0.0465444
151.6	0.0356187	-0.0471019
151.7	0.0346152	-0.0471019
151.8	0.0353957	-0.0457639
151.9	0.0351727	-0.0468789
152	0.0338346	-0.0472134
152.1	0.0333886	-0.0472134
152.2	0.0338346	-0.0466559
152.3	0.0339461	-0.0473249
152.4	0.0341692	-0.0469904
152.5	0.0343364	-0.0469904
152.6	0.0345037	-0.0469904
152.7	0.0343922	-0.0469904
152.8	0.0355072	-0.0466559
152.9	0.0340577	-0.0468789
153	0.0343922	-0.0466559
153.1	0.0346152	-0.0463214
153.2	0.0351727	-0.0471019
153.3	0.0341692	-0.0474364
153.4	0.0341692	-0.0469904
153.5	0.0346152	-0.0466559
153.6	0.0356187	-0.0463214
153.7	0.0356187	-0.0468789
153.8	0.0347267	-0.0473249
153.9	0.0338346	-0.0471019
154	0.0338346	-0.0469904
154.1	0.0337231	-0.0469904
154.2	0.0341692	-0.0466559
154.3	0.0352842	-0.0466559
154.4	0.0353957	-0.0465444
154.5	0.0352842	-0.0465444
154.6	0.0351727	-0.0466559
154.7	0.0350612	-0.0468789
154.8	0.0350612	-0.0467674
154.9	0.0350612	-0.0467674
155	0.0348382	-0.0467674
155.1	0.0347267	-0.0468789
155.2	0.0333886	-0.0473249
155.3	0.0337231	-0.0474364
155.4	0.0341692	-0.0473249
155.5	0.0346152	-0.0469904
155.6	0.0346152	-0.0469904
155.7	0.0346152	-0.0469904
155.8	0.0346152	-0.0469904
155.9	0.0346152	-0.0469904
156	0.0351727	-0.0467674
156.1	0.0351727	-0.0471019
156.2	0.0349497	-0.0478825
156.3	0.0349497	-0.0478825
156.4	0.0349497	-0.0478825
156.5	0.0347267	-0.047994
156.6	0.0343922	-0.048217
156.7	0.0341692	-0.048217
156.8	0.0341692	-0.048217
156.9	0.0341692	-0.048886
157	0.0345037	-0.048886
157.1	0.0345037	-0.048886
157.2	0.0349497	-0.0487745
157.3	0.0359532	-0.04844
157.4	0.0356187	-0.04844
157.5	0.0343922	-0.0489975
157.6	0.0339461	-0.049109
157.7	0.0339461	-0.049109
157.8	0.0333886	-0.049109
157.9	0.0333886	-0.0494435
158	0.0333886	-0.049555
158.1	0.0333886	-0.049555
158.2	0.0333886	-0.049555
158.3	0.0333886	-0.049555
158.4	0.0339461	-0.0494435
158.5	0.0343922	-0.0492205
158.6	0.0343922	-0.0492205
158.7	0.0343922	-0.0492205
158.8	0.0340577	-0.0492205
158.9	0.0335001	-0.0489975
159	0.0335001	-0.0487745
159.1	0.0335001	-0.0487745
159.2	0.0335001	-0.0487745
159.3	0.0335001	-0.0487745
159.4	0.0335001	-0.0487745
159.5	0.0335001	-0.048886
159.6	0.0335001	-0.048886
159.7	0.0337231	-0.048886
159.8	0.0338346	-0.0489975
159.9	0.0340577	-0.0489975
160	0.0341692	-0.0489975
160.1	0.0341692	-0.0489975
160.2	0.0341692	-0.0494435
160.3	0.0341692	-0.0494435
160.4	0.0341692	-0.049555
160.5	0.0341692	-0.049555
160.6	0.0341692	-0.049555
160.7	0.0342807	-0.049555
160.8	0.0347267	-0.0501126
160.9	0.0347267	-0.0501126
161	0.0343922	-0.0501126
161.1	0.0341692	-0.050001
161.2	0.0343922	-0.050001
161.3	0.0345037	-0.0498895
161.4	0.0348382	-0.0498895
161.5	0.0349497	-0.0496665
161.6	0.0349497	-0.0496665
161.7	0.0349497	-0.0496665
161.8	0.0349497	-0.0496665
161.9	0.0349497	-0.0496665
162	0.0349497	-0.0496665
162.1	0.0349497	-0.0496665
162.2	0.0349497	-0.0496665
162.3	0.0349497	-0.0496665
162.4	0.0351727	-0.0494435
162.5	0.0351727	-0.0494435
162.6	0.0352842	-0.0494435
162.7	0.0352842	-0.0494435
162.8	0.0352842	-0.0494435
162.9	0.0352842	-0.049555
163	0.0352842	-0.049555
163.1	0.0359532	-0.049778
163.2	0.0359532	-0.049778
163.3	0.0359532	-0.0496665
163.4	0.0359532	-0.0496665
163.5	0.0361762	-0.04844
163.6	0.0361762	-0.04844
163.7	0.0343922	-0.0489975
163.8	0.0343922	-0.0489975
163.9	0.0343922	-0.0489975
164	0.0343922	-0.049555
164.1	0.0343922	-0.049555
164.2	0.0346152	-0.049555
164.3	0.0347267	-0.049555
164.4	0.0347267	-0.049555
164.5	0.0347267	-0.049555
164.6	0.0348382	-0.049555
164.7	0.0349497	-0.049555
164.8	0.0350612	-0.049332
164.9	0.0350612	-0.049332
165	0.0350612	-0.049332
165.1	0.0350612	-0.049332
165.2	0.0347267	-0.049555
165.3	0.0346152	-0.0498895
165.4	0.0346152	-0.0498895
165.5	0.0346152	-0.049778
165.6	0.0347267	-0.0496665
165.7	0.0347267	-0.0494435
165.8	0.0347267	-0.0494435
165.9	0.0347267	-0.0494435
166	0.0338346	-0.0496665
166.1	0.0340577	-0.049778
166.2	0.0341692	-0.0498895
166.3	0.0336116	-0.0504471
166.4	0.0338346	-0.0507816
166.5	0.0339461	-0.0507816
166.6	0.0337231	-0.0507816
166.7	0.0333886	-0.0508931
166.8	0.0329426	-0.0506701
166.9	0.0326081	-0.0504471
167	0.0327196	-0.0503356
167.1	0.0327196	-0.050001
167.2	0.0327196	-0.0494435
167.3	0.0328311	-0.049332
167.4	0.0328311	-0.049332
167.5	0.0323851	-0.049555
167.6	0.0328311	-0.0496665
167.7	0.0328311	-0.049555
167.8	0.0328311	-0.049555
167.9	0.0329426	-0.0494435
168	0.0329426	-0.0494435
168.1	0.0331656	-0.049332
168.2	0.0331656	-0.049332
168.3	0.0329426	-0.0492205
168.4	0.0329426	-0.0492205
168.5	0.0328311	-0.0492205
168.6	0.0329426	-0.049778
168.7	0.0339461	-0.0496665
168.8	0.0338346	-0.0492205
168.9	0.0329426	-0.0494435
169	0.0322736	-0.050001
169.1	0.0331656	-0.0503356
169.2	0.0331656	-0.0498895
169.3	0.0331656	-0.0498895
169.4	0.0331656	-0.0498895
169.5	0.0319391	-0.0496665
169.6	0.0319391	-0.049778
169.7	0.0319391	-0.049778
169.8	0.0319391	-0.0498895
169.9	0.0318276	-0.0504471
170	0.0319391	-0.0504471
170.1	0.0320506	-0.0503356
170.2	0.0320506	-0.0502241
170.3	0.0323851	-0.0502241
170.4	0.0326081	-0.0502241
170.5	0.0326081	-0.0502241
170.6	0.0326081	-0.0501126
170.7	0.0316046	-0.0503356
170.8	0.0319391	-0.0505586
170.9	0.0320506	-0.0505586
171	0.0319391	-0.0503356
171.1	0.0319391	-0.0502241
171.2	0.0319391	-0.0501126
171.3	0.0319391	-0.0501126
171.4	0.0320506	-0.050001
171.5	0.0320506	-0.0498895
171.6	0.0321621	-0.050001
171.7	0.0322736	-0.050001
171.8	0.0322736	-0.0501126
171.9	0.0320506	-0.0508931
172	0.0311585	-0.0511161
172.1	0.0311585	-0.0510046
172.2	0.031493	-0.0510046
172.3	0.0321621	-0.0512276
172.4	0.0321621	-0.0512276
172.5	0.0320506	-0.0512276
172.6	0.0320506	-0.0513391
172.7	0.0328311	-0.0513391
172.8	0.0329426	-0.0512276
172.9	0.0328311	-0.0512276
173	0.0321621	-0.0521196
173.1	0.0322736	-0.0521196
173.2	0.0323851	-0.0521196
173.3	0.0323851	-0.0520081
173.4	0.0321621	-0.0516736
173.5	0.0317161	-0.0521196
173.6	0.0316046	-0.0524541
173.7	0.0317161	-0.0524541
173.8	0.0319391	-0.0516736
173.9	0.0321621	-0.0516736
174	0.0319391	-0.0516736
174.1	0.03127	-0.0514506
174.2	0.031493	-0.0514506
174.3	0.031493	-0.0512276
174.4	0.0313815	-0.0510046
174.5	0.03127	-0.0508931
174.6	0.0319391	-0.0507816
174.7	0.0319391	-0.0505586
174.8	0.0318276	-0.0505586
174.9	0.0319391	-0.0505586
175	0.0320506	-0.0505586
175.1	0.0318276	-0.0506701
175.2	0.0317161	-0.0505586
175.3	0.0317161	-0.0504471
175.4	0.0316046	-0.0504471
175.5	0.0313815	-0.0504471
175.6	0.0309355	-0.0504471
175.7	0.0316046	-0.0504471
175.8	0.0320506	-0.0508931
175.9	0.03127	-0.0506701
176	0.03127	-0.0506701
176.1	0.0311585	-0.0508931
176.2	0.030824	-0.0511161
176.3	0.0309355	-0.0511161
176.4	0.0316046	-0.0513391
176.5	0.0316046	-0.0513391
176.6	0.0316046	-0.0513391
176.7	0.030601	-0.0513391
176.8	0.030601	-0.0513391
176.9	0.0307125	-0.0513391
177	0.0309355	-0.0516736
177.1	0.0304895	-0.0517851
177.2	0.0304895	-0.0517851
177.3	0.030378	-0.0518966
177.4	0.030378	-0.0520081
177.5	0.030378	-0.0520081
177.6	0.030378	-0.0520081
177.7	0.030378	-0.0518966
177.8	0.030378	-0.0518966
177.9	0.030378	-0.0520081
178	0.0300435	-0.0523426
178.1	0.0302665	-0.0525657
178.2	0.0311585	-0.0522311
178.3	0.0311585	-0.0520081
178.4	0.030601	-0.0521196
178.5	0.0321621	-0.0534577
178.6	0.0318276	-0.0532347
178.7	0.0319391	-0.0526772
178.8	0.0319391	-0.0525657
178.9	0.0319391	-0.0525657
179	0.0316046	-0.0521196
179.1	0.0318276	-0.0522311
179.2	0.0318276	-0.0522311
179.3	0.0316046	-0.0523426
179.4	0.0316046	-0.0523426
179.5	0.0316046	-0.0525657
179.6	0.0316046	-0.0526772
179.7	0.0316046	-0.0526772
179.8	0.0318276	-0.0527887
179.9	0.0318276	-0.0527887
180	0.0317161	-0.0526772
180.1	0.0319391	-0.0527887
180.2	0.0319391	-0.0529002
180.3	0.0319391	-0.0529002
180.4	0.0319391	-0.0526772
180.5	0.0323851	-0.0526772
180.6	0.0323851	-0.0526772
180.7	0.0322736	-0.0525657
180.8	0.0322736	-0.0525657
180.9	0.0321621	-0.0527887
181	0.0317161	-0.0530117
181.1	0.03127	-0.0530117
181.2	0.03127	-0.0530117
181.3	0.031493	-0.0529002
181.4	0.031493	-0.0529002
181.5	0.031493	-0.0529002
181.6	0.031493	-0.0526772
181.7	0.0309355	-0.0529002
181.8	0.030824	-0.0532347
181.9	0.031047	-0.0535692
182	0.0318276	-0.0537922
182.1	0.0319391	-0.0540152
182.2	0.0323851	-0.0540152
182.3	0.0326081	-0.0540152
182.4	0.0320506	-0.0539037
182.5	0.0321621	-0.0540152
182.6	0.0321621	-0.0540152
182.7	0.0326081	-0.0541267
182.8	0.0324966	-0.0540152
182.9	0.0317161	-0.0540152
183	0.030824	-0.0536807
183.1	0.0304895	-0.0536807
183.2	0.0302665	-0.0534577
183.3	0.0306568	-0.0534577
183.4	0.031047	-0.0534577
183.5	0.031047	-0.0534577
183.6	0.031047	-0.0534577
183.7	0.031047	-0.0534577
183.8	0.031047	-0.0534577
183.9	0.031047	-0.0534577
184	0.031047	-0.0534577
184.1	0.031047	-0.0534577
184.2	0.031047	-0.0534577
184.3	0.031047	-0.0534577
184.4	0.031047	-0.0534577
184.5	0.031047	-0.0534577
184.6	0.031047	-0.0534577
184.7	0.031047	-0.0534577
184.8	0.031047	-0.0534577
184.9	0.031047	-0.0539037
185	0.031047	-0.0539037
185.1	0.030824	-0.0539037
185.2	0.0309355	-0.0533462
185.3	0.031047	-0.0533462
185.4	0.031047	-0.0533462
185.5	0.0309355	-0.0539037
185.6	0.0307125	-0.0539037
185.7	0.0307125	-0.0541267
185.8	0.0302665	-0.0551303
185.9	0.0302665	-0.0549072
186	0.031493	-0.0549072
186.1	0.0323851	-0.0547957
186.2	0.0320506	-0.0550188
186.3	0.0320506	-0.0550188
186.4	0.0322736	-0.0550188
186.5	0.0322736	-0.0549072
186.6	0.0322736	-0.0544612
186.7	0.0316046	-0.0540152
186.8	0.031493	-0.0535692
186.9	0.0309355	-0.0537922
187	0.0309355	-0.0537922
187.1	0.0304895	-0.0540152
187.2	0.0304895	-0.0540152
187.3	0.0304895	-0.0540152
187.4	0.0307125	-0.0540152
187.5	0.030824	-0.0540152
187.6	0.0316046	-0.0540152
187.7	0.0316046	-0.0540152
187.8	0.0316046	-0.0540152
187.9	0.0316046	-0.0540152
188	0.0316046	-0.0540152
188.1	0.0316046	-0.0540152
188.2	0.0318276	-0.0540152
188.3	0.0322736	-0.0535692
188.4	0.0322736	-0.0535692
188.5	0.0313815	-0.0537922
188.6	0.0311585	-0.0539037
188.7	0.0316046	-0.0541267
188.8	0.0318276	-0.0544612
188.9	0.0322736	-0.0544612
189	0.0321621	-0.0546842
189.1	0.0323851	-0.0546842
189.2	0.0326081	-0.0544612
189.3	0.0328311	-0.0540152
189.4	0.0328311	-0.0540152
189.5	0.0324966	-0.0539037
189.6	0.0324966	-0.0533462
189.7	0.0324966	-0.0531232
189.8	0.0326081	-0.0530117
189.9	0.0329426	-0.0526772
190	0.0329426	-0.0526772
190.1	0.0326081	-0.0527887
190.2	0.0326081	-0.0526772
190.3	0.0329426	-0.0529002
190.4	0.0329426	-0.0529002
190.5	0.0329426	-0.0530117
190.6	0.0329426	-0.0533462
190.7	0.0332771	-0.0534577
190.8	0.0332771	-0.0534577
190.9	0.0328311	-0.0534577
191	0.0324966	-0.0536807
191.1	0.0329426	-0.0535692
191.2	0.0336116	-0.0535692
191.3	0.0337231	-0.0535692
191.4	0.0337231	-0.0535692
191.5	0.0333886	-0.0535692
191.6	0.0333886	-0.0535692
191.7	0.0333886	-0.0539037
191.8	0.0333886	-0.0539037
191.9	0.0333886	-0.0539037
192	0.0333886	-0.0539037
192.1	0.0333886	-0.0539037
192.2	0.0333886	-0.0539037
192.3	0.0333886	-0.0537922
192.4	0.0336116	-0.0531232
192.5	0.0336116	-0.0531232
192.6	0.0336116	-0.0531232
192.7	0.0333886	-0.0527887
192.8	0.0333886	-0.0527887
192.9	0.0333886	-0.0524541
193	0.0333886	-0.0523426
193.1	0.0333886	-0.0523426
193.2	0.0335001	-0.0522311
193.3	0.0329426	-0.0513391
193.4	0.0329426	-0.0513391
193.5	0.0329426	-0.0513391
193.6	0.0330541	-0.0513391
193.7	0.0333886	-0.0513391
193.8	0.0333886	-0.0514506
193.9	0.0333886	-0.0514506
194	0.0335001	-0.0514506
194.1	0.0333886	-0.0516736
194.2	0.0331656	-0.0517851
194.3	0.0331656	-0.0517851
194.4	0.0331656	-0.0521196
194.5	0.0329426	-0.0525657
194.6	0.0327196	-0.0525657
194.7	0.0321621	-0.0524541
194.8	0.0323851	-0.0523426
194.9	0.0322736	-0.0524541
195	0.0324408	-0.0525657
195.1	0.0326081	-0.0526772
195.2	0.0326081	-0.0526772
195.3	0.0332771	-0.0524541
195.4	0.0335001	-0.0522311
195.5	0.0336116	-0.0521196
195.6	0.0327196	-0.0524541
195.7	0.0327196	-0.0525657
195.8	0.0321621	-0.0529002
195.9	0.0321621	-0.0527887
196	0.0321621	-0.0526772
196.1	0.0322736	-0.0526772
196.2	0.0328311	-0.0526772
196.3	0.0332771	-0.0526772
196.4	0.0332771	-0.0526772
196.5	0.0332771	-0.0526772
196.6	0.0326081	-0.0529002
196.7	0.0322736	-0.0533462
196.8	0.0322736	-0.0533462
196.9	0.0322736	-0.0533462
197	0.0321621	-0.0535692
197.1	0.0320506	-0.0535692
197.2	0.0320506	-0.0535692
197.3	0.0320506	-0.0535692
197.4	0.031493	-0.0534577
197.5	0.031493	-0.0534577
197.6	0.03127	-0.0535692
197.7	0.0313815	-0.0535692
197.8	0.0319391	-0.0535692
197.9	0.0323851	-0.0533462
198	0.0322736	-0.0533462
198.1	0.0322736	-0.0533462
198.2	0.0322736	-0.0533462
198.3	0.0322736	-0.0533462
198.4	0.0322736	-0.0533462
198.5	0.0322736	-0.0534577
198.6	0.0322736	-0.0535692
198.7	0.0321621	-0.0536807
198.8	0.0321621	-0.0537922
198.9	0.0321621	-0.0537922
199	0.0321621	-0.0537922
199.1	0.0321621	-0.0539037
199.2	0.0321621	-0.0539037
199.3	0.0322736	-0.0539037
199.4	0.0322736	-0.0539037
199.5	0.0327196	-0.0539037
199.6	0.0328311	-0.0539037
199.7	0.0328311	-0.0537922
199.8	0.0336116	-0.0534577
199.9	0.0330541	-0.0532347
200	0.0329426	-0.0533462
200.1	0.0328311	-0.0532347
200.2	0.0328311	-0.0531232
200.3	0.0328311	-0.0531232
200.4	0.0329426	-0.0531232
200.5	0.0333886	-0.0539037
200.6	0.0338346	-0.0537922
200.7	0.0341692	-0.0535692
200.8	0.0337231	-0.0536807
200.9	0.0338904	-0.0540152
201	0.0340577	-0.0543497
201.1	0.0330541	-0.0544612
201.2	0.0333886	-0.0535692
201.3	0.0333886	-0.0535692
201.4	0.0331656	-0.0535692
201.5	0.0329426	-0.0535692
201.6	0.0335001	-0.0534577
201.7	0.0338346	-0.0532347
201.8	0.0338346	-0.0532347
201.9	0.0338346	-0.0532347
202	0.0338346	-0.0532347
202.1	0.0337231	-0.0533462
202.2	0.0337231	-0.0534577
202.3	0.0332771	-0.0534577
202.4	0.0332771	-0.0533462
202.5	0.0328311	-0.0530117
202.6	0.0332771	-0.0533462
202.7	0.0328311	-0.0533462
202.8	0.0332771	-0.0530117
202.9	0.0333886	-0.0529002
203	0.0333886	-0.0530117
203.1	0.0335001	-0.0530117
203.2	0.0333886	-0.0530117
203.3	0.0330541	-0.0526772
203.4	0.0332771	-0.0525657
203.5	0.0339461	-0.0525657
203.6	0.0335001	-0.0529002
203.7	0.0331656	-0.0527887
203.8	0.0332771	-0.0525657
203.9	0.0328311	-0.0525657
204	0.0333886	-0.0526772
204.1	0.0333886	-0.0528444
204.2	0.0333886	-0.0530117
204.3	0.0333886	-0.0527887
204.4	0.0330541	-0.0529002
204.5	0.0331656	-0.0529002
204.6	0.0331656	-0.0530117
204.7	0.0331656	-0.0530117
204.8	0.0337231	-0.0530117
204.9	0.0342807	-0.0527887
205	0.0338346	-0.0527887
205.1	0.0338346	-0.0527887
205.2	0.0338346	-0.0526772
205.3	0.0338346	-0.0526772
205.4	0.0338346	-0.0526772
205.5	0.0338346	-0.0526772
205.6	0.0338346	-0.0526772
205.7	0.0338346	-0.0526772
205.8	0.0338346	-0.0526772
205.9	0.0338346	-0.0526772
206	0.0338346	-0.0526772
206.1	0.0338346	-0.0529002
206.2	0.0338346	-0.0529002
206.3	0.0338346	-0.0529002
206.4	0.0339461	-0.0530117
206.5	0.0330541	-0.0532347
206.6	0.0330541	-0.0532347
206.7	0.0330541	-0.0530117
206.8	0.0330541	-0.0530117
206.9	0.0330541	-0.0526772
207	0.0330541	-0.0526772
207.1	0.0330541	-0.0526772
207.2	0.0330541	-0.0526772
207.3	0.0330541	-0.0526772
207.4	0.0330541	-0.0526772
207.5	0.0330541	-0.0526772
207.6	0.0330541	-0.0526772
207.7	0.0330541	-0.0526772
207.8	0.0330541	-0.0526772
207.9	0.0333886	-0.0525657
208	0.0333886	-0.0525657
208.1	0.0333886	-0.0525657
208.2	0.0330541	-0.0526772
208.3	0.0320506	-0.0530117
208.4	0.0320506	-0.0534577
208.5	0.0320506	-0.0534577
208.6	0.0320506	-0.0534577
208.7	0.0320506	-0.0534577
208.8	0.0320506	-0.0534577
208.9	0.0320506	-0.0534577
209	0.0319391	-0.0534577
209.1	0.0319391	-0.0534577
209.2	0.0328311	-0.0532347
209.3	0.0328311	-0.0532347
209.4	0.0328311	-0.0532347
209.5	0.0328311	-0.0532347
209.6	0.0324966	-0.0533462
209.7	0.0320506	-0.0535692
209.8	0.0323851	-0.0539037
209.9	0.0323851	-0.0539037
210	0.0328311	-0.0539037
210.1	0.0328311	-0.0539037
210.2	0.0328311	-0.0535692
210.3	0.0321621	-0.0539037
210.4	0.0321621	-0.0539037
210.5	0.0327196	-0.0546842
210.6	0.0328311	-0.0544612
210.7	0.0330541	-0.0541267
210.8	0.0316046	-0.0540152
210.9	0.0320506	-0.0545727
211	0.0323851	-0.0544612
211.1	0.0322736	-0.0537922
211.2	0.0319391	-0.0533462
211.3	0.0320506	-0.0533462
211.4	0.0320506	-0.0537922
211.5	0.0320506	-0.0541267
211.6	0.0323851	-0.0540152
211.7	0.0326081	-0.0534577
211.8	0.0324966	-0.0537922
211.9	0.0329426	-0.0536807
212	0.0329426	-0.0536807
212.1	0.0329426	-0.0536807
212.2	0.0321621	-0.0537922
212.3	0.0319391	-0.0539037
212.4	0.0319391	-0.0539037
212.5	0.0323851	-0.0539037
212.6	0.0329426	-0.0539037
212.7	0.0331656	-0.0539037
212.8	0.0331656	-0.0539037
212.9	0.0332771	-0.0539037
213	0.0332771	-0.0539037
213.1	0.0332771	-0.0540152
213.2	0.0332771	-0.0540152
213.3	0.0332771	-0.0540152
213.4	0.0320506	-0.0547957
213.5	0.0322736	-0.0547957
213.6	0.0323851	-0.0547957
213.7	0.0327196	-0.0546842
213.8	0.0328311	-0.0545727
213.9	0.0328311	-0.0545727
214	0.0328311	-0.0545727
214.1	0.0328311	-0.0545727
214.2	0.0332771	-0.0546842
214.3	0.0336116	-0.0545727
214.4	0.0336116	-0.0545727
214.5	0.0336116	-0.0545727
214.6	0.0335001	-0.0541267
214.7	0.0335001	-0.0541267
214.8	0.0335001	-0.0541267
214.9	0.0335001	-0.0541267
215	0.0335001	-0.0541267
215.1	0.0338346	-0.0540152
215.2	0.0336116	-0.0539037
215.3	0.0336116	-0.0539037
215.4	0.0336116	-0.0539037
215.5	0.0336116	-0.0539037
215.6	0.0338346	-0.0540152
215.7	0.0340577	-0.0542382
215.8	0.0340577	-0.0542382
215.9	0.0338346	-0.0542382
216	0.0338346	-0.0542382
216.1	0.0339461	-0.0541267
216.2	0.0339461	-0.0541267
216.3	0.0339461	-0.0541267
216.4	0.0339461	-0.0541267
216.5	0.0339461	-0.0541267
216.6	0.0339461	-0.0541267
216.7	0.0338346	-0.0541267
216.8	0.0338346	-0.0540152
216.9	0.0338346	-0.0540152
217	0.0338346	-0.0540152
217.1	0.0333886	-0.0540152
217.2	0.0333886	-0.0540152
217.3	0.0333886	-0.0537922
217.4	0.0333886	-0.0537922
217.5	0.0332771	-0.0532347
217.6	0.0332771	-0.0532347
217.7	0.0332771	-0.0532347
217.8	0.0332771	-0.0532347
217.9	0.0331656	-0.0532347
218	0.0331656	-0.0532347
218.1	0.0331656	-0.0526772
218.2	0.0331656	-0.0526772
218.3	0.0332771	-0.0526772
218.4	0.0332771	-0.0524541
218.5	0.0333886	-0.0517851
218.6	0.0335001	-0.0517851
218.7	0.0341692	-0.0516736
218.8	0.0337231	-0.0517851
218.9	0.0337231	-0.0517851
219	0.0332771	-0.0515621
219.1	0.0338346	-0.0506701
219.2	0.0333886	-0.0506701
219.3	0.0336116	-0.0505586
219.4	0.0336116	-0.0505586
219.5	0.0336116	-0.0505586
219.6	0.0336116	-0.0505586
219.7	0.0337231	-0.0506701
219.8	0.0337231	-0.0506701
219.9	0.0337231	-0.0506701
220	0.0338346	-0.0506701
220.1	0.0338346	-0.0507816
220.2	0.0338346	-0.0512276
220.3	0.0338346	-0.0513391
220.4	0.0338346	-0.0513391
220.5	0.0339461	-0.0513391
220.6	0.0345037	-0.0512276
220.7	0.0341692	-0.0512276
220.8	0.0340577	-0.0513391
220.9	0.0341692	-0.0530117
221	0.0341692	-0.0530117
221.1	0.0345037	-0.0530117
221.2	0.0346152	-0.0534577
221.3	0.0342807	-0.0535692
221.4	0.0345037	-0.0535692
221.5	0.0347267	-0.0534577
221.6	0.0341692	-0.0536807
221.7	0.0335001	-0.0541267
221.8	0.0329426	-0.0544612
221.9	0.0332771	-0.0541267
222	0.0338346	-0.0541267
222.1	0.0341692	-0.0544612
222.2	0.0342807	-0.0545727
222.3	0.0351727	-0.0540152
222.4	0.0352842	-0.0539037
222.5	0.0351727	-0.0540152
222.6	0.0351727	-0.0540152
222.7	0.0352842	-0.0540152
222.8	0.0359532	-0.0535692
222.9	0.0358417	-0.0539037
223	0.0348382	-0.0547957
223.1	0.0360647	-0.0540152
223.2	0.0359532	-0.0536807
223.3	0.0358417	-0.0535692
223.4	0.0359532	-0.0533462
223.5	0.0359532	-0.0533462
223.6	0.0359532	-0.0533462
223.7	0.0362877	-0.0531232
223.8	0.0362877	-0.0533462
223.9	0.0370683	-0.0540152
224	0.0370683	-0.0540152
224.1	0.0362877	-0.0532347
224.2	0.0359532	-0.0543497
224.3	0.0363992	-0.0539037
224.4	0.0363435	-0.0537364
224.5	0.0362877	-0.0535692
224.6	0.0361762	-0.0546842
224.7	0.0363992	-0.0543497
224.8	0.0362877	-0.0537922
224.9	0.0362877	-0.0541267
225	0.0368453	-0.0540152
225.1	0.0372913	-0.0536807
225.2	0.0372913	-0.0534577
225.3	0.0371798	-0.0535692
225.4	0.0365108	-0.0536807
225.5	0.0366223	-0.0535692
225.6	0.0369568	-0.0540152
225.7	0.0365108	-0.0533462
225.8	0.0367895	-0.0535692
225.9	0.0370683	-0.0537922
226	0.0363992	-0.0537922
226.1	0.0367338	-0.0539037
226.2	0.0370683	-0.0540152
226.3	0.0367338	-0.0535692
226.4	0.0371798	-0.0540152
226.5	0.0360647	-0.0535692
226.6	0.0363992	-0.0534577
226.7	0.0363992	-0.0533462
226.8	0.0366223	-0.0535692
226.9	0.0368453	-0.0531232
227	0.0367338	-0.0534577
227.1	0.0366223	-0.0537922
227.2	0.0368453	-0.0537922
227.3	0.0367338	-0.0535692
227.4	0.0371798	-0.0535692
227.5	0.0368453	-0.0536807
227.6	0.0371798	-0.0537922
227.7	0.0369568	-0.0537922
227.8	0.0370683	-0.0537922
227.9	0.0376258	-0.0537922
228	0.0380718	-0.0527887
228.1	0.0384063	-0.0521196
228.2	0.0384063	-0.0518966
228.3	0.0384063	-0.0518966
228.4	0.0378488	-0.0515621
228.5	0.0378488	-0.0515621
228.6	0.0378488	-0.0514506
228.7	0.0378488	-0.0514506
228.8	0.0378488	-0.0514506
228.9	0.0378488	-0.0514506
229	0.0378488	-0.0514506
229.1	0.0378488	-0.0514506
229.2	0.0374028	-0.0517851
229.3	0.0374028	-0.0517851
229.4	0.0374028	-0.0517851
229.5	0.0380718	-0.0522311
229.6	0.0380718	-0.0522311
229.7	0.0380718	-0.0522311
229.8	0.0380718	-0.0522311
229.9	0.0378488	-0.0526772
230	0.0376258	-0.0529002
230.1	0.0376258	-0.0529002
230.2	0.0380718	-0.0529002
230.3	0.0387408	-0.0526772
230.4	0.0387408	-0.0530117
230.5	0.0387408	-0.0534577
230.6	0.0387408	-0.0534577
230.7	0.0387408	-0.0534577
230.8	0.0391869	-0.0539037
230.9	0.0390754	-0.0543497
231	0.0390754	-0.0543497
231.1	0.0392984	-0.0545727
231.2	0.0392984	-0.0549072
231.3	0.0392984	-0.0550188
231.4	0.0367338	-0.0552418
231.5	0.0367338	-0.0552418
231.6	0.0374028	-0.0547957
231.7	0.0374028	-0.0544612
231.8	0.0374028	-0.0544612
231.9	0.0370683	-0.0540152
232	0.0370683	-0.0540152
232.1	0.0370683	-0.0540152
232.2	0.0369568	-0.0540152
232.3	0.0369568	-0.0540152
232.4	0.0369568	-0.0540152
232.5	0.0366223	-0.0540152
232.6	0.0365108	-0.0540152
232.7	0.0365108	-0.0540152
232.8	0.0365108	-0.0539037
232.9	0.0365108	-0.0539037
233	0.0365108	-0.0539037
233.1	0.0365108	-0.0539037
233.2	0.0372913	-0.0537922
233.3	0.0381833	-0.0526772
233.4	0.0385178	-0.0522311
233.5	0.0385178	-0.0522311
233.6	0.0388523	-0.0522311
233.7	0.0399674	-0.0522311
233.8	0.0392984	-0.0523426
233.9	0.0392984	-0.0523426
234	0.0397444	-0.0527887
234.1	0.0396329	-0.0527887
234.2	0.0386293	-0.0524541
234.3	0.0382948	-0.0529002
234.4	0.0381833	-0.0520081
234.5	0.0387966	-0.0523984
234.6	0.0394099	-0.0527887
234.7	0.0387408	-0.0523426
234.8	0.0384063	-0.0533462
234.9	0.0385178	-0.0530674
235	0.0386293	-0.0527887
235.1	0.0386293	-0.0526772
235.2	0.0387408	-0.0530117
235.3	0.0387408	-0.0530117
235.4	0.0390754	-0.0525657
235.5	0.0387408	-0.0522311
235.6	0.0391869	-0.0526772
235.7	0.0394099	-0.0527887
235.8	0.0398559	-0.0526772
235.9	0.0396329	-0.0526214
236	0.0394099	-0.0525657
236.1	0.0388523	-0.0527887
236.2	0.0392984	-0.0529002
236.3	0.0392984	-0.0529002
236.4	0.0387408	-0.0534577
236.5	0.0391869	-0.0536807
236.6	0.0397444	-0.0536807
236.7	0.0400789	-0.0536807
236.8	0.0391869	-0.0535692
236.9	0.0387408	-0.0535692
237	0.0385178	-0.0536249
237.1	0.0382948	-0.0536807
237.2	0.0389638	-0.0535692
237.3	0.0389638	-0.0535692
237.4	0.0389638	-0.0535692
237.5	0.0387408	-0.0535692
237.6	0.0391869	-0.0535692
237.7	0.0392426	-0.0535692
237.8	0.0392984	-0.0535692
237.9	0.0392984	-0.0535692
238	0.0390754	-0.0541267
238.1	0.0389638	-0.0541267
238.2	0.0389638	-0.0543497
238.3	0.0390754	-0.0543497
238.4	0.0390754	-0.0543497
238.5	0.0390754	-0.0543497
238.6	0.0405249	-0.0547957
238.7	0.0410824	-0.0546842
238.8	0.0410824	-0.0546842
238.9	0.0403019	-0.0543497
239	0.0403019	-0.0543497
239.1	0.0403019	-0.0543497
239.2	0.0405249	-0.0544612
239.3	0.0407479	-0.0547957
239.4	0.0408594	-0.0551303
239.5	0.0408594	-0.0552418
239.6	0.0411939	-0.0555763
239.7	0.0411939	-0.0555763
239.8	0.0413054	-0.0555763
239.9	0.0413054	-0.0555763
240	0.04164	-0.0555763
240.1	0.04164	-0.0555763
240.2	0.0417515	-0.0555763
240.3	0.042086	-0.0552418
240.4	0.0411939	-0.0552418
240.5	0.0408594	-0.0552418
240.6	0.0408594	-0.0550188
240.7	0.0406364	-0.0547957
240.8	0.0406364	-0.0546842
240.9	0.0408594	-0.0545727
241	0.0407479	-0.0545727
241.1	0.0407479	-0.0543497
241.2	0.0406364	-0.0543497
241.3	0.0404134	-0.0544612
241.4	0.0404134	-0.0544612
241.5	0.0404134	-0.0549072
241.6	0.0404134	-0.0555763
241.7	0.0406364	-0.0561338
241.8	0.0407479	-0.0557993
241.9	0.0409709	-0.0557993
242	0.0406364	-0.0562453
242.1	0.0407479	-0.0562453
242.2	0.04164	-0.0554648
242.3	0.041863	-0.0554648
242.4	0.042086	-0.0554648
242.5	0.0411939	-0.0556878
242.6	0.0414169	-0.0556878
242.7	0.042086	-0.0551303
242.8	0.04164	-0.0551303
242.9	0.0408594	-0.0550188
243	0.041863	-0.0554648
243.1	0.0415285	-0.0549072
243.2	0.0415285	-0.0547957
243.3	0.0414169	-0.0549072
243.4	0.042086	-0.0547957
243.5	0.041863	-0.0547957
243.6	0.04164	-0.0546842
243.7	0.042086	-0.0536807
243.8	0.0424205	-0.0533462
243.9	0.0424205	-0.0535692
244	0.0421975	-0.0535692
244.1	0.042532	-0.0534577
244.2	0.0424205	-0.0533462
244.3	0.0419745	-0.0537922
244.4	0.0415285	-0.0542382
244.5	0.0405249	-0.0551303
244.6	0.0405807	-0.0557435
244.7	0.0406364	-0.0563568
244.8	0.0406364	-0.0563568
244.9	0.0404134	-0.0561338
245	0.0401904	-0.0560223
245.1	0.0415285	-0.0551303
245.2	0.0405249	-0.0555763
245.3	0.0411939	-0.0547957
245.4	0.0408594	-0.0552418
245.5	0.0414727	-0.05474
245.6	0.042086	-0.0542382
245.7	0.0421975	-0.0546842
245.8	0.0419187	-0.0546842
245.9	0.04164	-0.0546842
246	0.0417515	-0.0546842
246.1	0.0417515	-0.0546842
246.2	0.0410824	-0.0546842
246.3	0.0404134	-0.0544612
246.4	0.0404134	-0.0545727
246.5	0.0403019	-0.0546842
246.6	0.0406364	-0.0546842
246.7	0.0410824	-0.0545727
246.8	0.0410824	-0.054517
246.9	0.0410824	-0.0544612
247	0.0411939	-0.0543497
247.1	0.0413054	-0.0543497
247.2	0.0413054	-0.0543497
247.3	0.0417515	-0.0546842
247.4	0.041863	-0.0549072
247.5	0.0417515	-0.0549072
247.6	0.04164	-0.0546842
247.7	0.0414169	-0.0545727
247.8	0.0411939	-0.0546842
247.9	0.0411939	-0.0549072
248	0.0417515	-0.0549072
248.1	0.0417515	-0.0547957
248.2	0.04164	-0.0547957
248.3	0.0413054	-0.0547957
248.4	0.0411939	-0.0540152
248.5	0.0411382	-0.0541267
248.6	0.0410824	-0.0542382
248.7	0.0410824	-0.0542382
248.8	0.0408594	-0.0542382
248.9	0.0408594	-0.0542382
249	0.0408594	-0.0542382
249.1	0.0415285	-0.0541267
249.2	0.0415285	-0.0542382
249.3	0.04164	-0.0542382
249.4	0.0406364	-0.0540152
249.5	0.0399674	-0.0541267
249.6	0.0395214	-0.0542382
249.7	0.0394099	-0.0542382
249.8	0.0399674	-0.0545727
249.9	0.0395214	-0.0535692
250	0.0394099	-0.0534577
250.1	0.0396329	-0.0534577
250.2	0.0395214	-0.0536807
250.3	0.0397444	-0.0537922
250.4	0.0396329	-0.0537922
250.5	0.0395214	-0.0537922
250.6	0.0395214	-0.0537922
250.7	0.0400789	-0.0540152
250.8	0.0399674	-0.0539037
250.9	0.0391869	-0.0542382
251	0.0395214	-0.0542382
251.1	0.0400789	-0.0534577
251.2	0.0384063	-0.0537922
251.3	0.0394099	-0.0539037
251.4	0.0398001	-0.0536249
251.5	0.0401904	-0.0533462
251.6	0.0401904	-0.0531232
251.7	0.0398559	-0.0531232
251.8	0.0398559	-0.0532347
251.9	0.0398559	-0.0532347
252	0.0398559	-0.0532347
252.1	0.0399674	-0.0531232
252.2	0.0399674	-0.0531232
252.3	0.0399674	-0.0531232
252.4	0.0400789	-0.0531232
252.5	0.0403019	-0.0531232
252.6	0.0400789	-0.0531232
252.7	0.0401904	-0.0531232
252.8	0.0403019	-0.0531232
252.9	0.0405249	-0.0531232
253	0.0408594	-0.0530117
253.1	0.0413054	-0.0526772
253.2	0.0409709	-0.0526772
253.3	0.0408594	-0.0525657
253.4	0.0408594	-0.0526214
253.5	0.0408594	-0.0526772
253.6	0.0408594	-0.0526772
253.7	0.0409709	-0.0527887
253.8	0.0408594	-0.0529002
253.9	0.0411939	-0.0529002
254	0.0408594	-0.0529002
254.1	0.0408594	-0.0529002
254.2	0.0408594	-0.0529002
254.3	0.0408594	-0.0529002
254.4	0.0408594	-0.0529002
254.5	0.04164	-0.0529002
254.6	0.0413054	-0.0527887
254.7	0.0413054	-0.0525657
254.8	0.04164	-0.0525657
254.9	0.0419745	-0.0522311
255	0.0419745	-0.0522311
255.1	0.0419745	-0.0522311
255.2	0.0419745	-0.0523426
255.3	0.042086	-0.0524541
255.4	0.042309	-0.0526772
255.5	0.042309	-0.0527887
255.6	0.0426435	-0.0534577
255.7	0.0426435	-0.0534577
255.8	0.0419745	-0.0532347
255.9	0.0419745	-0.0532347
256	0.0419745	-0.0532347
256.1	0.042086	-0.0533462
256.2	0.0421975	-0.0535692
256.3	0.0421975	-0.0535692
256.4	0.042978	-0.0537922
256.5	0.0430895	-0.0537922
256.6	0.042978	-0.0534577
256.7	0.0426435	-0.0535692
256.8	0.042532	-0.0535692
256.9	0.042978	-0.0530117
257	0.0428665	-0.0530117
257.1	0.0428665	-0.0530117
257.2	0.0426435	-0.0533462
257.3	0.0426435	-0.0533462
257.4	0.0426435	-0.0533462
257.5	0.0426435	-0.0533462
257.6	0.042755	-0.0534577
257.7	0.042755	-0.0534577
257.8	0.042755	-0.0534577
257.9	0.042755	-0.0534577
258	0.042755	-0.0534577
258.1	0.0424205	-0.0534577
258.2	0.0424205	-0.0534577
258.3	0.042309	-0.0533462
258.4	0.042309	-0.0533462
258.5	0.042309	-0.0533462
258.6	0.042309	-0.0533462
258.7	0.0419745	-0.0534577
258.8	0.0419745	-0.0534577
258.9	0.0419745	-0.0534577
259	0.0424205	-0.0537922
259.1	0.042532	-0.0537922
259.2	0.042532	-0.0537922
259.3	0.042532	-0.0537922
259.4	0.042532	-0.0537922
259.5	0.0419745	-0.0541267
259.6	0.0424205	-0.0541267
259.7	0.0426435	-0.0541267
259.8	0.0421975	-0.0539037
259.9	0.0421975	-0.0539037
260	0.0421975	-0.0539037
260.1	0.042309	-0.0539037
260.2	0.042309	-0.0539037
260.3	0.042309	-0.0539037
260.4	0.042309	-0.0539037
260.5	0.042978	-0.0536807
260.6	0.0430895	-0.0535692
260.7	0.0430895	-0.0536807
260.8	0.0430895	-0.0536807
260.9	0.042978	-0.0537922
261	0.042978	-0.0537922
261.1	0.042978	-0.0539037
261.2	0.042978	-0.0539037
261.3	0.042978	-0.0535692
261.4	0.042978	-0.0535692
261.5	0.042978	-0.0535692
261.6	0.042978	-0.0535692
261.7	0.0428665	-0.0535692
261.8	0.0428665	-0.0535692
261.9	0.0428665	-0.0532347
262	0.042755	-0.0532347
262.1	0.042755	-0.0532347
262.2	0.0426435	-0.0533462
262.3	0.0426435	-0.0533462
262.4	0.0424205	-0.0534577
262.5	0.042309	-0.0534577
262.6	0.0421975	-0.0534577
262.7	0.0421975	-0.0534577
262.8	0.0421975	-0.0534577
262.9	0.0421975	-0.0534577
263	0.0421975	-0.0535692
263.1	0.042309	-0.0535692
263.2	0.0426435	-0.0535692
263.3	0.042755	-0.0534577
263.4	0.042532	-0.0534577
263.5	0.042532	-0.0534577
263.6	0.042532	-0.0534577
263.7	0.042532	-0.0534577
263.8	0.0426435	-0.0534577
263.9	0.042978	-0.0534577
264	0.042978	-0.0534577
264.1	0.0433125	-0.0534577
264.2	0.0433125	-0.0537922
264.3	0.043201	-0.0537922
264.4	0.043424	-0.0534577
264.5	0.0435355	-0.0534577
264.6	0.0430895	-0.0532904
264.7	0.0426435	-0.0531232
264.8	0.0426435	-0.0531232
264.9	0.0426435	-0.0531232
265	0.0426435	-0.0531232
265.1	0.0426435	-0.0531232
265.2	0.0426435	-0.0531232
265.3	0.0426435	-0.0531232
265.4	0.042532	-0.0532347
265.5	0.042532	-0.0532347
265.6	0.0426435	-0.0530117
265.7	0.0426435	-0.0526772
265.8	0.0426435	-0.0526772
265.9	0.0426435	-0.0526772
266	0.0426435	-0.0526772
266.1	0.0426435	-0.0526772
266.2	0.0426435	-0.0526772
266.3	0.0426435	-0.0526772
266.4	0.0426435	-0.0526772
266.5	0.0426435	-0.0526772
266.6	0.0426435	-0.0526772
266.7	0.0426435	-0.0526772
266.8	0.0426435	-0.0526772
266.9	0.042755	-0.0525657
267	0.042755	-0.0525657
267.1	0.043647	-0.0525657
267.2	0.04387	-0.0525657
267.3	0.042755	-0.0530117
267.4	0.0424205	-0.0523426
267.5	0.042309	-0.0523984
267.6	0.0421975	-0.0524541
267.7	0.042309	-0.0523426
267.8	0.042532	-0.0530117
267.9	0.042532	-0.0530117
268	0.042532	-0.0529002
268.1	0.042532	-0.0529002
268.2	0.042532	-0.0529002
268.3	0.042532	-0.0529002
268.4	0.0426435	-0.0527887
268.5	0.042086	-0.0531232
268.6	0.0419745	-0.0533462
268.7	0.0424205	-0.0535692
268.8	0.042532	-0.0534577
268.9	0.042978	-0.0530117
269	0.0428665	-0.0530117
269.1	0.042755	-0.0530117
269.2	0.043201	-0.0530117
269.3	0.043201	-0.0529002
269.4	0.0430895	-0.0529002
269.5	0.042978	-0.0530117
269.6	0.042755	-0.0530117
269.7	0.042755	-0.0530117
269.8	0.042755	-0.0530117
269.9	0.042755	-0.0530117
270	0.042755	-0.0530117
270.1	0.042755	-0.0531232
270.2	0.042755	-0.0531232
270.3	0.042755	-0.0531232
270.4	0.042755	-0.0531232
270.5	0.042755	-0.0531232
270.6	0.042755	-0.0531232
270.7	0.0426435	-0.0531232
270.8	0.0426435	-0.0532347
270.9	0.0426435	-0.0533462
271	0.042755	-0.0537922
271.1	0.042978	-0.0537922
271.2	0.0437585	-0.0537922
271.3	0.043424	-0.0542382
271.4	0.043424	-0.0544612
271.5	0.0430895	-0.0545727
271.6	0.0428665	-0.0544612
271.7	0.043424	-0.0539037
271.8	0.042532	-0.0546842
271.9	0.042532	-0.0544612
272	0.042309	-0.0544612
272.1	0.0421975	-0.0544612
272.2	0.0417515	-0.0546842
272.3	0.042532	-0.0545727
272.4	0.042309	-0.0543497
272.5	0.042532	-0.0542382
272.6	0.0421417	-0.054294
272.7	0.0417515	-0.0543497
272.8	0.0417515	-0.0540152
272.9	0.0418072	-0.0539595
273	0.041863	-0.0539037
273.1	0.041863	-0.0539037
273.2	0.0414169	-0.0537922
273.3	0.0414169	-0.0537922
273.4	0.0410824	-0.0536807
273.5	0.0410824	-0.0536807
273.6	0.0409709	-0.0537922
273.7	0.0406364	-0.0541267
273.8	0.0404134	-0.0546842
273.9	0.0405249	-0.0546285
274	0.0406364	-0.0545727
274.1	0.0407479	-0.0546842
274.2	0.0406364	-0.0546842
274.3	0.0407479	-0.0542382
274.4	0.0405249	-0.0542382
274.5	0.0405249	-0.0542382
274.6	0.0405249	-0.0541267
274.7	0.0405249	-0.0541267
274.8	0.0405249	-0.0541267
274.9	0.0405249	-0.0541267
275	0.0405249	-0.0541267
275.1	0.0405249	-0.0541267
275.2	0.0405249	-0.0541267
275.3	0.0408594	-0.0541267
275.4	0.0409709	-0.0541267
275.5	0.0409709	-0.0542382
275.6	0.0409709	-0.0542382
275.7	0.0409709	-0.0542382
275.8	0.0410824	-0.0546842
275.9	0.0414169	-0.0549072
276	0.0413054	-0.0551303
276.1	0.0413054	-0.0554648
276.2	0.0415285	-0.0559108
276.3	0.0419745	-0.0562453
276.4	0.0421975	-0.0561338
276.5	0.0424205	-0.0560223
276.6	0.042532	-0.0561338
276.7	0.0421975	-0.0563568
276.8	0.042532	-0.0568028
276.9	0.042532	-0.0568028
277	0.042978	-0.0559108
277.1	0.042978	-0.0555763
277.2	0.0421975	-0.0556878
277.3	0.0417515	-0.0562453
277.4	0.042086	-0.0563568
277.5	0.042086	-0.0563568
277.6	0.0430895	-0.0562453
277.7	0.043424	-0.0560223
277.8	0.043424	-0.0559108
277.9	0.042978	-0.0562453
278	0.0426435	-0.0563568
278.1	0.042532	-0.0563568
278.2	0.0421975	-0.0565798
278.3	0.0417515	-0.0565798
278.4	0.041863	-0.0566913
278.5	0.042086	-0.0566913
278.6	0.042086	-0.0566913
278.7	0.0419745	-0.0565798
278.8	0.0419745	-0.0565798
278.9	0.0417515	-0.0565798
279	0.0417515	-0.0562453
279.1	0.0415285	-0.0563568
279.2	0.0414169	-0.0563568
279.3	0.0413054	-0.0564683
279.4	0.0413054	-0.0564683
279.5	0.04164	-0.0564683
279.6	0.0415285	-0.0564683
279.7	0.0415285	-0.0564683
279.8	0.0411939	-0.0562453
279.9	0.0411939	-0.0568028
280	0.0413054	-0.0568028
280.1	0.0415285	-0.0568028
280.2	0.0408594	-0.0562453
280.3	0.0409709	-0.0562453
280.4	0.0411939	-0.0568028
280.5	0.0410824	-0.0569143
280.6	0.04164	-0.0569143
280.7	0.0417515	-0.0564683
280.8	0.0414169	-0.0564683
280.9	0.0410824	-0.0564683
281	0.0410824	-0.0564683
281.1	0.0409709	-0.0564683
281.2	0.0409709	-0.0564683
281.3	0.0409709	-0.0564683
281.4	0.0409709	-0.0564683
281.5	0.0409709	-0.0564683
281.6	0.0411939	-0.0564683
281.7	0.0414169	-0.0564683
281.8	0.0414169	-0.0564683
281.9	0.0414169	-0.0564683
282	0.0414169	-0.0564683
282.1	0.0414169	-0.0564683
282.2	0.0415285	-0.0564683
282.3	0.0414169	-0.0564683
282.4	0.0414169	-0.0564683
282.5	0.0408594	-0.0569143
282.6	0.0408594	-0.0570258
282.7	0.0405249	-0.0570258
282.8	0.0404134	-0.0569143
282.9	0.0409709	-0.0562453
283	0.0410824	-0.0568028
283.1	0.0410824	-0.0568028
283.2	0.0409709	-0.0569143
283.3	0.04164	-0.0569143
283.4	0.04164	-0.0566913
283.5	0.04164	-0.0571373
283.6	0.0419745	-0.0571373
283.7	0.042086	-0.0569143
283.8	0.0419745	-0.0569143
283.9	0.0417515	-0.0565798
284	0.0417515	-0.0564683
284.1	0.0417515	-0.0562453
284.2	0.0417515	-0.0562453
284.3	0.0415285	-0.0563568
284.4	0.04164	-0.0561338
284.5	0.0417515	-0.0560223
284.6	0.0415285	-0.0568028
284.7	0.04164	-0.0568028
284.8	0.04164	-0.0568028
284.9	0.04164	-0.0566913
285	0.04164	-0.0564683
285.1	0.0415285	-0.0564683
285.2	0.04164	-0.0563568
285.3	0.04164	-0.0563568
285.4	0.042086	-0.0563568
285.5	0.042086	-0.0563568
285.6	0.042086	-0.0563568
285.7	0.042309	-0.0563568
285.8	0.042755	-0.0563568
285.9	0.0421975	-0.0568028
286	0.0421975	-0.0568028
286.1	0.0424205	-0.0566913
286.2	0.0424205	-0.0566913
286.3	0.0424205	-0.0566913
286.4	0.042532	-0.0561338
286.5	0.042532	-0.0561338
286.6	0.042532	-0.0562453
286.7	0.042532	-0.0563568
286.8	0.042532	-0.0563568
286.9	0.0417515	-0.0563568
287	0.0417515	-0.0563568
287.1	0.0419745	-0.0562453
287.2	0.0419745	-0.0562453
287.3	0.0419745	-0.0562453
287.4	0.0419745	-0.0562453
287.5	0.04164	-0.0566913
287.6	0.0413054	-0.0572488
287.7	0.04164	-0.0574718
287.8	0.041863	-0.0573603
287.9	0.041863	-0.0573603
288	0.0417515	-0.0573603
288.1	0.0414169	-0.0573603
288.2	0.0414169	-0.0573603
288.3	0.0414169	-0.0573603
288.4	0.0414169	-0.0573603
288.5	0.0414169	-0.0573603
288.6	0.0413054	-0.0571373
288.7	0.0410824	-0.0568028
288.8	0.0405249	-0.0568028
288.9	0.0399674	-0.0565798
289	0.0399674	-0.0565798
289.1	0.0399674	-0.0565798
289.2	0.0399674	-0.0565798
289.3	0.0400789	-0.0565798
289.4	0.0400789	-0.0565798
289.5	0.0400789	-0.0565798
289.6	0.0400789	-0.0565798
289.7	0.0401904	-0.0566913
289.8	0.0404134	-0.0565798
289.9	0.0403019	-0.0565798
290	0.0403019	-0.0565798
290.1	0.0403019	-0.0565798
290.2	0.0403019	-0.0565798
290.3	0.0404134	-0.0564683
290.4	0.0406364	-0.0564683
290.5	0.0406364	-0.0571373
290.6	0.0407479	-0.0571373
290.7	0.0407479	-0.0571373
290.8	0.0408594	-0.0569143
290.9	0.0409709	-0.0568028
291	0.0414169	-0.0573603
291.1	0.0413054	-0.0569143
291.2	0.0411939	-0.0570258
291.3	0.0411939	-0.0570258
291.4	0.0410824	-0.0571373
291.5	0.0408594	-0.0572488
291.6	0.0408594	-0.0572488
291.7	0.0408594	-0.0573603
291.8	0.0408594	-0.0573603
291.9	0.0415285	-0.0573603
292	0.0415285	-0.0568028
292.1	0.0411939	-0.0569143
292.2	0.0408594	-0.0570258
292.3	0.0407479	-0.0571373
292.4	0.0407479	-0.0571373
292.5	0.0407479	-0.0571373
292.6	0.0408594	-0.0571373
292.7	0.0409709	-0.0568028
292.8	0.0410824	-0.0565798
292.9	0.0410824	-0.0565798
293	0.0409709	-0.0566913
293.1	0.0407479	-0.0565798
293.2	0.0405249	-0.0565798
293.3	0.0405249	-0.0565798
293.4	0.0405249	-0.0565798
293.5	0.0404134	-0.0566913
293.6	0.0400789	-0.0571373
293.7	0.0403019	-0.0571373
293.8	0.0405249	-0.0570258
293.9	0.0407479	-0.0569143
294	0.0403019	-0.0572488
294.1	0.0403019	-0.0571373
294.2	0.0399674	-0.0568586
294.3	0.0396329	-0.0565798
294.4	0.0392984	-0.0565798
294.5	0.0391869	-0.0565798
294.6	0.0392984	-0.0566913
294.7	0.0391869	-0.0568028
294.8	0.0392984	-0.0566913
294.9	0.0394099	-0.0568028
295	0.0396329	-0.0568028
295.1	0.0399674	-0.0568028
295.2	0.0400789	-0.0568028
295.3	0.0400789	-0.0568028
295.4	0.0400789	-0.0568028
295.5	0.0396329	-0.0565798
295.6	0.0391869	-0.0565798
295.7	0.0391869	-0.0566913
295.8	0.0391869	-0.0568028
295.9	0.0391869	-0.0568028
296	0.0391869	-0.0568028
296.1	0.0395214	-0.0568028
296.2	0.0396329	-0.0568028
296.3	0.0396329	-0.0569143
296.4	0.0396329	-0.0570258
296.5	0.0396329	-0.0570258
296.6	0.0396329	-0.0569143
296.7	0.0396329	-0.0569143
296.8	0.0396329	-0.0569143
296.9	0.0396329	-0.0569143
297	0.0396329	-0.0569143
297.1	0.0396329	-0.0569143
297.2	0.0396329	-0.0569143
297.3	0.0396329	-0.0569143
297.4	0.0396329	-0.0569143
297.5	0.0396329	-0.0569143
297.6	0.0396329	-0.0569143
297.7	0.0396329	-0.0569143
297.8	0.0396329	-0.0569143
297.9	0.0396329	-0.0563568
298	0.0396329	-0.0563568
298.1	0.0395214	-0.0563568
298.2	0.0395214	-0.0562453
298.3	0.0395214	-0.0562453
298.4	0.0395214	-0.0562453
298.5	0.0391869	-0.0562453
298.6	0.0391869	-0.0557993
298.7	0.0391869	-0.0559108
298.8	0.0384063	-0.0564683
298.9	0.0386293	-0.0564683
299	0.0386293	-0.0564683
299.1	0.0386293	-0.0568028
299.2	0.0380718	-0.0572488
299.3	0.0386293	-0.0572488
299.4	0.0391869	-0.0569143
299.5	0.0391869	-0.0566913
299.6	0.0389638	-0.0566913
299.7	0.0387408	-0.0566913
299.8	0.0389638	-0.0568028
299.9	0.0387408	-0.0568028
