0	-0.03430361	0.00494002
0.1	-0.03451497	0.00461062
0.2	-0.03438577	0.00440994
0.3	-0.03425088	0.0042887
0.4	-0.03436251	0.00424977
0.5	-0.03437617	0.00430228
0.6	-0.0338483	0.00456952
0.7	-0.03373916	0.00422519
0.8	-0.0337962	0.00411004
0.9	-0.03348486	0.00436557
1	-0.03367063	0.0041798
1.1	-0.03371376	0.0043133
1.2	-0.03341883	0.00387091
1.3	-0.03357774	0.00390115
1.4	-0.0335146	0.00371263
1.5	-0.03305017	0.00390777
1.6	-0.03264465	0.00372344
1.7	-0.03234972	0.00379718
1.8	-0.03279211	0.00376031
1.9	-0.0331239	0.00387091
2	-0.03330823	0.00394464
2.1	-0.03371376	0.00361285
2.2	-0.03301331	0.00361285
2.3	-0.03301331	0.00361285
2.4	-0.03330823	0.00401837
2.5	-0.0331239	0.00350225
2.6	-0.03282898	0.00324419
2.7	-0.03246032	0.00320732
2.8	-0.03260778	0.00357598
2.9	-0.03308704	0.00394464
3	-0.0332345	0.00427643
3.1	-0.03327137	0.00442389
3.2	-0.0334557	0.00427643
3.3	-0.03319764	0.0043133
3.4	-0.03319764	0.00442389
3.5	-0.03297644	0.0043133
3.6	-0.03293957	0.00390777
3.7	-0.03308704	0.0043133
3.8	-0.0327907	0.00428762
3.9	-0.03250106	0.00439106
4	-0.03226315	0.00441175
4.1	-0.03212557	0.00447553
4.2	-0.03189104	0.00445999
4.3	-0.03226287	0.00450642
4.4	-0.03271829	0.00478413
4.5	-0.03249669	0.00461897
4.6	-0.03219417	0.00463417
4.7	-0.03218442	0.00462211
4.8	-0.03282173	0.00447381
4.9	-0.03283154	0.0040013
5	-0.03304008	0.00342783
5.1	-0.03298794	0.00288042
5.2	-0.03283154	0.00267188
5.3	-0.03304008	0.00207234
5.4	-0.03345715	0.00199414
5.5	-0.03348322	0.00267188
5.6	-0.03348322	0.00301075
5.7	-0.03343108	0.00235907
5.8	-0.03352033	0.00236688
5.9	-0.03359852	0.00272598
6	-0.0333045	0.00274919
6.1	-0.03332418	0.00291076
6.2	-0.03314579	0.00305654
6.3	-0.0329667	0.00339427
6.4	-0.03287065	0.00354304
6.5	-0.0326286	0.00357905
6.6	-0.03253132	0.00342716
6.7	-0.03244825	0.00348539
6.8	-0.0326339	0.00341335
6.9	-0.0328291	0.00345698
7	-0.03279864	0.0033487
7.1	-0.03269602	0.00322862
7.2	-0.03244208	0.00312503
7.3	-0.03219573	0.00283754
7.4	-0.03223081	0.00294292
7.5	-0.03237681	0.00300605
7.6	-0.03256894	0.00305783
7.7	-0.03287175	0.00303918
7.8	-0.0327565	0.00294996
7.9	-0.03284612	0.0031034
8	-0.03291134	0.00332294
8.1	-0.03285054	0.00294872
8.2	-0.03280016	0.00285492
8.3	-0.03247486	0.00320948
8.4	-0.03232567	0.00335463
8.5	-0.03270023	0.00338351
8.6	-0.03296614	0.00335996
8.7	-0.03303743	0.00290749
8.8	-0.03305277	0.00285307
8.9	-0.03323144	0.00272656
9	-0.03335454	0.00270095
9.1	-0.03325035	0.0026344
9.2	-0.03286396	0.0024948
9.3	-0.03269589	0.00243372
9.4	-0.03278071	0.00240997
9.5	-0.03313368	0.00225181
9.6	-0.03335174	0.00214165
9.7	-0.03298888	0.00201922
9.8	-0.03304835	0.00219757
9.9	-0.03275902	0.00215947
10	-0.03263473	0.00211662
10.1	-0.03300242	0.00205279
10.2	-0.03313972	0.00193651
10.3	-0.03300665	0.00177196
10.4	-0.03282615	0.00175087
10.5	-0.03274912	0.00200258
10.6	-0.03262665	0.00199683
10.7	-0.0325147	0.00160931
10.8	-0.03229923	0.00141349
10.9	-0.0323835	0.0014144
11	-0.03244013	0.00138434
11.1	-0.03243304	0.00121627
11.2	-0.03243951	0.00140858
11.3	-0.03241447	0.0016292
11.4	-0.03225806	0.00142066
11.5	-0.03239116	0.00142959
11.6	-0.03251873	0.00142066
11.7	-0.03296188	0.00157706
11.8	-0.03317041	0.0016292
11.9	-0.03296188	0.00168133
12	-0.03296188	0.00168133
12.1	-0.03293581	0.00199414
12.2	-0.03317041	0.0020984
12.3	-0.03317041	0.0020202
12.4	-0.03317041	0.00181167
12.5	-0.03319648	0.0020984
12.6	-0.03356142	0.00212447
12.7	-0.03343108	0.00261975
12.8	-0.03337895	0.00301075
12.9	-0.03356142	0.00321929
13	-0.03374389	0.00332356
13.1	-0.03350928	0.00342783
13.2	-0.03350928	0.00314109
13.3	-0.03330075	0.00290648
13.4	-0.03335288	0.00288042
13.5	-0.03335288	0.00288042
13.6	-0.03350928	0.00293255
13.7	-0.03392636	0.00295862
13.8	-0.03392636	0.00295862
13.9	-0.03369175	0.00259368
14	-0.03376996	0.00259368
14.1	-0.03400456	0.00238514
14.2	-0.0343695	0.00243728
14.3	-0.03463017	0.00228087
14.4	-0.03489084	0.00233301
14.5	-0.03481264	0.00272401
14.6	-0.03468231	0.00275008
14.7	-0.03481264	0.00293255
14.8	-0.03543825	0.00254154
14.9	-0.03546432	0.00277615
15	-0.03564679	0.00345389
15.1	-0.03564679	0.00345389
15.2	-0.03564679	0.00345389
15.3	-0.03564679	0.00293255
15.4	-0.03530792	0.00332356
15.5	-0.03522971	0.0036103
15.6	-0.03522971	0.00347996
15.7	-0.03481264	0.00329749
15.8	-0.03509938	0.00355816
15.9	-0.03522971	0.0039231
16	-0.03499511	0.00439231
16.1	-0.03509938	0.00452265
16.2	-0.03536005	0.00415771
16.3	-0.03541218	0.00426197
16.4	-0.03525578	0.00415771
16.5	-0.03530792	0.00407951
16.6	-0.03551645	0.00363636
16.7	-0.03585533	0.00342783
16.8	-0.03614206	0.00308895
16.9	-0.03569892	0.00290648
17	-0.03520365	0.00277615
17.1	-0.03543825	0.00246334
17.2	-0.03543825	0.00215054
17.3	-0.03546432	0.00196807
17.4	-0.03575106	0.0020984
17.5	-0.03614206	0.00183773
17.6	-0.03622027	0.0020202
17.7	-0.0361942	0.00157706
17.8	-0.0361942	0.00144673
17.9	-0.0361942	0.00181167
18	-0.03622027	0.00175953
18.1	-0.0362724	0.00196807
18.2	-0.0363506	0.00230694
18.3	-0.03637667	0.00235907
18.4	-0.03640274	0.001942
18.5	-0.03624633	0.00215054
18.6	-0.03622027	0.00175953
18.7	-0.03616813	0.0017856
18.8	-0.03640274	0.00147279
18.9	-0.036116	0.00118605
19	-0.03582926	0.00126426
19.1	-0.03582926	0.0016292
19.2	-0.03588139	0.0020202
19.3	-0.03559465	0.00235907
19.4	-0.03577712	0.00215054
19.5	-0.03549039	0.0018638
19.6	-0.03499511	0.00149886
19.7	-0.03517758	0.00134246
19.8	-0.03549039	0.00142066
19.9	-0.03567286	0.00134246
20	-0.03530792	0.00089932
20.1	-0.03562072	0.00074291
20.2	-0.03577712	0.00100358
20.3	-0.03567286	0.00092538
20.4	-0.03575106	0.00048224
20.5	-0.03559465	0.00079505
20.6	-0.03562072	0.00131639
20.7	-0.03551645	0.00155099
20.8	-0.03567286	0.00123819
20.9	-0.03577712	0.00092538
21	-0.03577712	0.00131639
21.1	-0.03569892	0.00152493
21.2	-0.03575106	0.0017074
21.3	-0.03580319	0.00126426
21.4	-0.03588139	0.00092538
21.5	-0.03588139	0.00126426
21.6	-0.03551645	0.00142066
21.7	-0.03517758	0.0016292
21.8	-0.03538612	0.00142066
21.9	-0.03538612	0.00142066
22	-0.03546432	0.00092538
22.1	-0.03593353	0.00084718
22.2	-0.03569892	0.00102965
22.3	-0.03575106	0.00136852
22.4	-0.03575106	0.00183773
22.5	-0.03549039	0.00220267
22.6	-0.03522971	0.0020202
22.7	-0.03549039	0.0017856
22.8	-0.03533398	0.00207234
22.9	-0.03543825	0.00215054
23	-0.03562072	0.00243728
23.1	-0.03564679	0.0020984
23.2	-0.03564679	0.0020984
23.3	-0.03564679	0.0020984
23.4	-0.03564679	0.0020984
23.5	-0.03572499	0.00217661
23.6	-0.03567286	0.00243728
23.7	-0.03595959	0.00207234
23.8	-0.03616813	0.001942
23.9	-0.03569892	0.00222874
24	-0.03575106	0.00259368
24.1	-0.03622027	0.00225481
24.2	-0.03608993	0.00235907
24.3	-0.03590746	0.00188987
24.4	-0.03616813	0.00207234
24.5	-0.03601173	0.0020202
24.6	-0.03580319	0.00233301
24.7	-0.03616813	0.00222874
24.8	-0.03637667	0.00238514
24.9	-0.03614206	0.00181167
25	-0.03588139	0.00183773
25.1	-0.03588139	0.00225481
25.2	-0.03580319	0.00183773
25.3	-0.03601173	0.00196807
25.4	-0.0362724	0.00243728
25.5	-0.03632453	0.00188987
25.6	-0.03645487	0.00228087
25.7	-0.03593353	0.00207234
25.8	-0.0362724	0.00157706
25.9	-0.03606386	0.00149886
26	-0.03640274	0.0018638
26.1	-0.03640274	0.00139459
26.2	-0.0363506	0.00084718
26.3	-0.0364288	0.00129032
26.4	-0.03663734	0.0018638
26.5	-0.03679374	0.00204627
26.6	-0.03679374	0.00139459
26.7	-0.03653307	0.00126426
26.8	-0.03616813	0.00175953
26.9	-0.03572499	0.00191593
27	-0.03645487	0.0016292
27.1	-0.03653307	0.00105572
27.2	-0.03632453	0.00160313
27.3	-0.03624633	0.00121212
27.4	-0.03637667	0.00071685
27.5	-0.03616813	0.00105572
27.6	-0.03608993	0.00144673
27.7	-0.03606386	0.00147279
27.8	-0.03606386	0.00102965
27.9	-0.036507	0.00074291
28	-0.03632453	0.00108179
28.1	-0.03648094	0.00129032
28.2	-0.03655914	0.00129032
28.3	-0.03700228	0.00147279
28.4	-0.03661127	0.00155099
28.5	-0.03632453	0.0017074
28.6	-0.03629847	0.00212447
28.7	-0.03598566	0.00220267
28.8	-0.03624633	0.00217661
28.9	-0.03622027	0.00144673
29	-0.0365852	0.00173346
29.1	-0.03648094	0.00175953
29.2	-0.03655914	0.00173346
29.3	-0.03668947	0.0017856
29.4	-0.03671554	0.00217661
29.5	-0.0363506	0.00220267
29.6	-0.0363506	0.00222874
29.7	-0.036116	0.00233301
29.8	-0.03648094	0.00235907
29.9	-0.036507	0.00241121
30	-0.03632453	0.001942
30.1	-0.03629847	0.00191593
30.2	-0.03645487	0.00183773
30.3	-0.03687194	0.00173346
30.4	-0.03700228	0.00225481
30.5	-0.03726295	0.00230694
30.6	-0.03702835	0.00196807
30.7	-0.03687194	0.0020984
30.8	-0.03692408	0.00230694
30.9	-0.03702835	0.00251548
31	-0.03661127	0.00282828
31.1	-0.0364288	0.00288042
31.2	-0.03653307	0.00301075
31.3	-0.03648094	0.00334963
31.4	-0.0363506	0.00340176
31.5	-0.03671554	0.00319322
31.6	-0.03661127	0.00342783
31.7	-0.03684588	0.00345389
31.8	-0.03676767	0.00316716
31.9	-0.03676767	0.00334963
32	-0.03695014	0.00311502
32.1	-0.03684588	0.00272401
32.2	-0.03702835	0.00251548
32.3	-0.03721082	0.00230694
32.4	-0.03697621	0.00264581
32.5	-0.03705441	0.00290648
32.6	-0.03705441	0.00319322
32.7	-0.03689801	0.00350603
32.8	-0.03710655	0.00366243
32.9	-0.03695014	0.00415771
33	-0.0364288	0.00444444
33.1	-0.03608993	0.00397524
33.2	-0.0364288	0.00363636
33.3	-0.03679374	0.00366243
33.4	-0.03679374	0.00366243
33.5	-0.03668947	0.0035321
33.6	-0.03661127	0.00347996
33.7	-0.03661127	0.00347996
33.8	-0.03653307	0.00337569
33.9	-0.03653307	0.00337569
34	-0.0365852	0.00334963
34.1	-0.03671554	0.00374063
34.2	-0.03721082	0.00381883
34.3	-0.03726295	0.00381883
34.4	-0.03754969	0.00405344
34.5	-0.03765396	0.00415771
34.6	-0.03744542	0.00439231
34.7	-0.03723688	0.00454871
34.8	-0.03718475	0.00423591
34.9	-0.03718475	0.00423591
35	-0.03718475	0.00423591
35.1	-0.03723688	0.00350603
35.2	-0.03723688	0.00332356
35.3	-0.03705441	0.0036885
35.4	-0.03697621	0.00371457
35.5	-0.03681981	0.00410557
35.6	-0.036507	0.00444444
35.7	-0.0364288	0.00447051
35.8	-0.03629847	0.00428804
35.9	-0.0365852	0.0038449
36	-0.03692408	0.00397524
36.1	-0.03692408	0.00415771
36.2	-0.03692408	0.00415771
36.3	-0.03663734	0.00397524
36.4	-0.03663734	0.00394917
36.5	-0.03663734	0.00394917
36.6	-0.03689801	0.00379277
36.7	-0.03723688	0.00379277
36.8	-0.03723688	0.00379277
36.9	-0.03752362	0.00363636
37	-0.03752362	0.0037667
37.1	-0.03744542	0.00381883
37.2	-0.03718475	0.00345389
37.3	-0.03718475	0.00314109
37.4	-0.03718475	0.00314109
37.5	-0.03702835	0.00324536
37.6	-0.03668947	0.00337569
37.7	-0.03648094	0.00345389
37.8	-0.0364288	0.00347996
37.9	-0.03663734	0.00329749
38	-0.03679374	0.00288042
38.1	-0.03679374	0.00269795
38.2	-0.03671554	0.00264581
38.3	-0.03671554	0.00264581
38.4	-0.03689801	0.00264581
38.5	-0.03689801	0.00282828
38.6	-0.03681981	0.00282828
38.7	-0.03671554	0.00261975
38.8	-0.03674161	0.00261975
38.9	-0.03692408	0.00264581
39	-0.03681981	0.00269795
39.1	-0.03671554	0.00269795
39.2	-0.0364288	0.00269795
39.3	-0.03616813	0.00303682
39.4	-0.03616813	0.00337569
39.5	-0.03616813	0.00347996
39.6	-0.0361942	0.00371457
39.7	-0.0364288	0.00366243
39.8	-0.03637667	0.00366243
39.9	-0.03629847	0.00366243
40	-0.036116	0.0036885
40.1	-0.03616813	0.00358423
40.2	-0.03640274	0.00340176
40.3	-0.03616813	0.00340176
40.4	-0.0360378	0.00345389
40.5	-0.03606386	0.00342783
40.6	-0.03606386	0.00342783
40.7	-0.03606386	0.00342783
40.8	-0.03546432	0.00345389
40.9	-0.03494298	0.00345389
41	-0.0345259	0.00345389
41.1	-0.03410883	0.00324536
41.2	-0.0342913	0.00340176
41.3	-0.03478657	0.00350603
41.4	-0.03478657	0.00366243
41.5	-0.03476051	0.00366243
41.6	-0.03483871	0.0038449
41.7	-0.0345259	0.00394917
41.8	-0.03416096	0.0040013
41.9	-0.03384816	0.00410557
42	-0.03382209	0.00410557
42.1	-0.03431737	0.00418377
42.2	-0.03434343	0.00415771
42.3	-0.03442163	0.00387097
42.4	-0.03463017	0.00379277
42.5	-0.03449984	0.0039231
42.6	-0.03431737	0.00394917
42.7	-0.03426523	0.00394917
42.8	-0.03390029	0.00415771
42.9	-0.03395243	0.00434018
43	-0.03418703	0.00428804
43.1	-0.03418703	0.00418377
43.2	-0.03408276	0.00457478
43.3	-0.03410883	0.00460085
43.4	-0.0346041	0.00527859
43.5	-0.03470837	0.00493972
43.6	-0.03483871	0.00478332
43.7	-0.03515151	0.00467905
43.8	-0.03517758	0.00467905
43.9	-0.03536005	0.00486152
44	-0.03551645	0.00486152
44.1	-0.03496904	0.00504399
44.2	-0.03507331	0.00507006
44.3	-0.03533398	0.00491365
44.4	-0.03533398	0.00491365
44.5	-0.03556859	0.00488759
44.6	-0.03575106	0.00483545
44.7	-0.03582926	0.00478332
44.8	-0.03637667	0.00467905
44.9	-0.0364288	0.00467905
45	-0.0365852	0.00467905
45.1	-0.03692408	0.00449658
45.2	-0.03708048	0.00423591
45.3	-0.03718475	0.00415771
45.4	-0.03608993	0.00387097
45.5	-0.03616813	0.00381883
45.6	-0.03608993	0.00381883
45.7	-0.03640274	0.00394917
45.8	-0.03640274	0.00394917
45.9	-0.03640274	0.00394917
46	-0.03666341	0.0039231
46.1	-0.03695014	0.00387097
46.2	-0.03734115	0.00387097
46.3	-0.03749755	0.00397524
46.4	-0.03726295	0.00389704
46.5	-0.03721082	0.00389704
46.6	-0.03700228	0.00402737
46.7	-0.03708048	0.00407951
46.8	-0.03718475	0.00407951
46.9	-0.03718475	0.00407951
47	-0.03718475	0.00423591
47.1	-0.03726295	0.00418377
47.2	-0.03692408	0.00418377
47.3	-0.03666341	0.00431411
47.4	-0.0364288	0.00462691
47.5	-0.03640274	0.00465298
47.6	-0.03648094	0.00460085
47.7	-0.03684588	0.00431411
47.8	-0.03684588	0.00428804
47.9	-0.03679374	0.00436624
48	-0.03692408	0.00418377
48.1	-0.03718475	0.00379277
48.2	-0.03718475	0.0037667
48.3	-0.03715868	0.00374063
48.4	-0.03726295	0.00366243
48.5	-0.03713261	0.00358423
48.6	-0.03700228	0.00355816
48.7	-0.03692408	0.00350603
48.8	-0.03684588	0.00347996
48.9	-0.03668947	0.00345389
49	-0.03622027	0.00337569
49.1	-0.03640274	0.00280222
49.2	-0.0365852	0.00272401
49.3	-0.03671554	0.00261975
49.4	-0.0365852	0.00233301
49.5	-0.03648094	0.00241121
49.6	-0.03648094	0.00241121
49.7	-0.0364288	0.00248941
49.8	-0.0364288	0.00248941
49.9	-0.03616813	0.00261975
50	-0.03616813	0.00261975
50.1	-0.03616813	0.00261975
50.2	-0.03608993	0.00261975
50.3	-0.03517758	0.00282828
50.4	-0.03504724	0.00282828
50.5	-0.03449984	0.00303682
50.6	-0.0345259	0.00324536
50.7	-0.03463017	0.00334963
50.8	-0.0343695	0.00342783
50.9	-0.03418703	0.00345389
51	-0.0342913	0.00350603
51.1	-0.03410883	0.00337569
51.2	-0.03392636	0.00334963
51.3	-0.03382209	0.00334963
51.4	-0.03298794	0.0036885
51.5	-0.03290974	0.0037667
51.6	-0.03290974	0.00381883
51.7	-0.03280547	0.00397524
51.8	-0.03280547	0.00389704
51.9	-0.03296188	0.0036885
52	-0.03340502	0.00358423
52.1	-0.03358749	0.0036103
52.2	-0.03358749	0.00342783
52.3	-0.03358749	0.00308895
52.4	-0.03361355	0.00306289
52.5	-0.03369175	0.00308895
52.6	-0.03343108	0.00311502
52.7	-0.03311828	0.00306289
52.8	-0.03259694	0.00306289
52.9	-0.03228413	0.00306289
53	-0.03217986	0.00319322
53.1	-0.03215379	0.00329749
53.2	-0.032232	0.00342783
53.3	-0.032232	0.00342783
53.4	-0.03249267	0.00363636
53.5	-0.0324666	0.00355816
53.6	-0.03244053	0.0035321
53.7	-0.03259694	0.00319322
53.8	-0.032623	0.00316716
53.9	-0.03283154	0.00342783
54	-0.03283154	0.0036103
54.1	-0.0327012	0.0036885
54.2	-0.032623	0.0038449
54.3	-0.03267514	0.00405344
54.4	-0.03288367	0.00407951
54.5	-0.03290974	0.00405344
54.6	-0.03296188	0.00405344
54.7	-0.03340502	0.00366243
54.8	-0.03350928	0.00345389
54.9	-0.03309221	0.00342783
55	-0.03319648	0.00355816
55.1	-0.03319648	0.00355816
55.2	-0.03317041	0.00355816
55.3	-0.03317041	0.00355816
55.4	-0.03319648	0.00345389
55.5	-0.03343108	0.00345389
55.6	-0.03361355	0.00350603
55.7	-0.03363962	0.00363636
55.8	-0.03369175	0.00366243
55.9	-0.03361355	0.00355816
56	-0.03376996	0.00332356
56.1	-0.03397849	0.00319322
56.2	-0.03400456	0.00319322
56.3	-0.03410883	0.00332356
56.4	-0.03431737	0.00345389
56.5	-0.03439557	0.00345389
56.6	-0.03494298	0.00402737
56.7	-0.03491691	0.00423591
56.8	-0.03486477	0.00444444
56.9	-0.03486477	0.00444444
57	-0.03483871	0.00467905
57.1	-0.03483871	0.00470512
57.2	-0.03494298	0.00470512
57.3	-0.03496904	0.00439231
57.4	-0.03502118	0.00407951
57.5	-0.03502118	0.00407951
57.6	-0.03502118	0.00407951
57.7	-0.03502118	0.00407951
57.8	-0.03499511	0.00407951
57.9	-0.03481264	0.00374063
58	-0.03457804	0.0036885
58.1	-0.03455197	0.0036885
58.2	-0.03455197	0.0036885
58.3	-0.03455197	0.0036885
58.4	-0.03489084	0.00381883
58.5	-0.03507331	0.00418377
58.6	-0.03528185	0.00434018
58.7	-0.03543825	0.00441838
58.8	-0.03549039	0.00457478
58.9	-0.03525578	0.00475725
59	-0.03491691	0.00470512
59.1	-0.0346041	0.00447051
59.2	-0.0346041	0.00428804
59.3	-0.03481264	0.00420984
59.4	-0.03499511	0.00426197
59.5	-0.03515151	0.00434018
59.6	-0.03515151	0.00447051
59.7	-0.03538612	0.00465298
59.8	-0.03546432	0.00478332
59.9	-0.03543825	0.00493972
60	-0.03541218	0.00496579
60.1	-0.03543825	0.00457478
60.2	-0.03575106	0.00457478
60.3	-0.03549039	0.00465298
60.4	-0.03530792	0.00470512
60.5	-0.03502118	0.00480938
60.6	-0.03485176	0.00473655
60.7	-0.03468235	0.00466373
60.8	-0.03470837	0.00483545
60.9	-0.03435647	0.00508309
61	-0.03437734	0.00564046
61.1	-0.03428518	0.00547457
61.2	-0.03408241	0.00552987
61.3	-0.03426674	0.00536397
61.4	-0.03426674	0.00536397
61.5	-0.03435891	0.00545614
61.6	-0.03421144	0.00536397
61.7	-0.03434047	0.0053824
61.8	-0.03434047	0.0053824
61.9	-0.03434047	0.0053824
62	-0.03434047	0.0053824
62.1	-0.03434047	0.0053824
62.2	-0.03400868	0.0056589
62.3	-0.03384279	0.00567733
62.4	-0.03369532	0.00617502
62.5	-0.03404555	0.00639621
62.6	-0.03428518	0.00659898
62.7	-0.03481973	0.00639621
62.8	-0.03516995	0.00623032
62.9	-0.03548331	0.00602756
63	-0.03552018	0.00597226
63.1	-0.03531742	0.00602756
63.2	-0.03507779	0.00611972
63.3	-0.03459853	0.00611972
63.4	-0.03445107	0.00589853
63.5	-0.03445107	0.00569576
63.6	-0.03481973	0.0056036
63.7	-0.03493033	0.0056589
63.8	-0.03500406	0.00567733
63.9	-0.03511466	0.00573263
64	-0.03507779	0.0057142
64.1	-0.03537272	0.00556673
64.2	-0.03515152	0.00527181
64.3	-0.03513309	0.00525337
64.4	-0.03513309	0.0053824
64.5	-0.03513309	0.0053824
64.6	-0.03513309	0.0053824
64.7	-0.03511466	0.00551143
64.8	-0.03502249	0.00564046
64.9	-0.03528055	0.00534554
65	-0.03513309	0.00488472
65.1	-0.03505936	0.00475569
65.2	-0.03505936	0.00475569
65.3	-0.03504092	0.00503218
65.4	-0.03504092	0.00482942
65.5	-0.03513309	0.00455292
65.6	-0.03528055	0.00455292
65.7	-0.03535428	0.00464509
65.8	-0.03537272	0.00477412
65.9	-0.03524369	0.0040921
66	-0.03526212	0.00383404
66.1	-0.03515152	0.00381561
66.2	-0.03515152	0.00381561
66.3	-0.03537272	0.00407367
66.4	-0.03524369	0.00442389
66.5	-0.03513309	0.00435016
66.6	-0.03498563	0.00388934
66.7	-0.03504092	0.00374188
66.8	-0.03516995	0.00372344
66.9	-0.03515152	0.00388934
67	-0.03494876	0.00401837
67.1	-0.03487503	0.00381561
67.2	-0.03505936	0.00366815
67.3	-0.03509622	0.00394464
67.4	-0.03509622	0.0040921
67.5	-0.03504092	0.00396307
67.6	-0.03502249	0.00379718
67.7	-0.03528055	0.00376031
67.8	-0.03542801	0.00405524
67.9	-0.03550175	0.00451606
68	-0.03557548	0.00462666
68.1	-0.03535428	0.00466352
68.2	-0.03515152	0.00479255
68.3	-0.03507779	0.00521651
68.4	-0.03498563	0.00488472
68.5	-0.03513309	0.00468195
68.6	-0.03531742	0.00468195
68.7	-0.03533585	0.00490315
68.8	-0.03516995	0.00505061
68.9	-0.03513309	0.00484785
69	-0.03555704	0.00481098
69.1	-0.03552018	0.00519808
69.2	-0.03522525	0.00529024
69.3	-0.03505936	0.00519808
69.4	-0.03518839	0.00519808
69.5	-0.03544645	0.0054377
69.6	-0.03522525	0.00562203
69.7	-0.03509622	0.00573263
69.8	-0.03502249	0.0057695
69.9	-0.03494876	0.00575106
70	-0.03472756	0.0056036
70.1	-0.0345248	0.00540084
70.2	-0.03448794	0.00540084
70.3	-0.03450637	0.0053824
70.4	-0.03493033	0.00516121
70.5	-0.03491189	0.00499531
70.6	-0.0348013	0.00499531
70.7	-0.03493033	0.00481098
70.8	-0.03493033	0.00460822
70.9	-0.03472756	0.00460822
71	-0.03450637	0.00460822
71.1	-0.03459853	0.00477412
71.2	-0.03467227	0.00481098
71.3	-0.0348013	0.00464509
71.4	-0.0348013	0.00446076
71.5	-0.0346354	0.00446076
71.6	-0.0345801	0.00447919
71.7	-0.03456167	0.00460822
71.8	-0.03456167	0.00466352
71.9	-0.03456167	0.00457136
72	-0.0345248	0.0043686
72.1	-0.0345248	0.00435016
72.2	-0.03448794	0.00444233
72.3	-0.03448794	0.00442389
72.4	-0.03448794	0.00440546
72.5	-0.0344695	0.0043133
72.6	-0.03439577	0.0041474
72.7	-0.03426674	0.00418427
72.8	-0.03428518	0.00411053
72.9	-0.03432204	0.0040368
73	-0.03432204	0.0040368
73.1	-0.03386122	0.00396307
73.2	-0.03371376	0.0040368
73.3	-0.03380592	0.00422113
73.4	-0.03391652	0.00435016
73.5	-0.03369532	0.00423957
73.6	-0.03364002	0.00423957
73.7	-0.03364002	0.00423957
73.8	-0.03364002	0.00433173
73.9	-0.03382435	0.00455292
74	-0.03393495	0.00457136
74.1	-0.03410085	0.00453449
74.2	-0.03411928	0.00442389
74.3	-0.03411928	0.00442389
74.4	-0.03408241	0.00442389
74.5	-0.03404555	0.00433173
74.6	-0.03413771	0.00470039
74.7	-0.03415615	0.00473725
74.8	-0.03419301	0.00475569
74.9	-0.03435891	0.00451606
75	-0.03421144	0.00446076
75.1	-0.03408241	0.00449763
75.2	-0.03402712	0.00455292
75.3	-0.03402712	0.00470039
75.4	-0.03406398	0.00475569
75.5	-0.03408241	0.00475569
75.6	-0.03415615	0.00475569
75.7	-0.03421144	0.00508748
75.8	-0.03426674	0.00505061
75.9	-0.03426674	0.00495845
76	-0.03410085	0.00501375
76.1	-0.03397182	0.00508748
76.2	-0.03389808	0.00516121
76.3	-0.03384279	0.00516121
76.4	-0.03373219	0.00517964
76.5	-0.03362159	0.00516121
76.6	-0.03358473	0.00510591
76.7	-0.0331792	0.00495845
76.8	-0.03286584	0.00423957
76.9	-0.03282898	0.00422113
77	-0.03305017	0.00401837
77.1	-0.03277368	0.00353912
77.2	-0.03253405	0.00344695
77.3	-0.03198106	0.00379718
77.4	-0.03192577	0.00379718
77.5	-0.03170457	0.00381561
77.6	-0.03144651	0.00387091
77.7	-0.03137278	0.00396307
77.8	-0.03170457	0.00416583
77.9	-0.03174144	0.0041474
78	-0.031723	0.00416583
78.1	-0.03161241	0.0040368
78.2	-0.03146494	0.00407367
78.3	-0.03144651	0.0041474
78.4	-0.03157554	0.0041474
78.5	-0.03156859	0.00417685
78.6	-0.03156165	0.0042063
78.7	-0.0315547	0.00423576
78.8	-0.03154776	0.00426521
78.9	-0.03176122	0.00430626
79	-0.03200211	0.00482885
79.1	-0.03220697	0.00477032
79.2	-0.03200211	0.00465326
79.3	-0.03188504	0.00453619
79.4	-0.0320899	0.00459472
79.5	-0.03211917	0.00526784
79.6	-0.03211917	0.00526784
79.7	-0.03170945	0.00520931
79.8	-0.0312412	0.00526784
79.9	-0.03173871	0.0053849
80	-0.03168018	0.0053849
80.1	-0.03168018	0.0053849
80.2	-0.03168018	0.0053849
80.3	-0.03100707	0.00526784
80.4	-0.03100707	0.00526784
80.5	-0.0310656	0.00523857
80.6	-0.03132899	0.00523857
80.7	-0.03132899	0.00518004
80.8	-0.03153385	0.00474105
80.9	-0.03156312	0.00459472
81	-0.03165092	0.00441913
81.1	-0.03168018	0.00433133
81.2	-0.03156312	0.0042728
81.3	-0.03135826	0.00468252
81.4	-0.03138753	0.00477032
81.5	-0.03153385	0.00479958
81.6	-0.0311534	0.00479958
81.7	-0.0309778	0.00479958
81.8	-0.03086074	0.00479958
81.9	-0.03144606	0.00479958
82	-0.03150459	0.00471179
82.1	-0.0320899	0.00471179
82.2	-0.0320899	0.00471179
82.3	-0.03206064	0.00512151
82.4	-0.03206064	0.00512151
82.5	-0.0320899	0.0053849
82.6	-0.0320899	0.0053849
82.7	-0.0323533	0.0052971
82.8	-0.0323533	0.0052971
82.9	-0.03293861	0.00509224
83	-0.03270448	0.00523857
83.1	-0.03258742	0.00526784
83.2	-0.0332898	0.00579462
83.3	-0.03358246	0.00591168
83.4	-0.03399218	0.00576535
83.5	-0.03428484	0.0052971
83.6	-0.03443116	0.00512151
83.7	-0.0343141	0.00468252
83.8	-0.03346539	0.00479958
83.9	-0.03352393	0.00479958
84	-0.0333776	0.00535563
84.1	-0.03355319	0.0053849
84.2	-0.03416777	0.00541417
84.3	-0.03425557	0.00523857
84.4	-0.03361172	0.00573609
84.5	-0.03361172	0.00573609
84.6	-0.03375805	0.00599948
84.7	-0.03387511	0.00556049
84.8	-0.03387511	0.00553123
84.9	-0.03405071	0.00564829
85	-0.03405071	0.00564829
85.1	-0.03405071	0.00564829
85.2	-0.03451896	0.00553123
85.3	-0.03463602	0.00550196
85.4	-0.03489942	0.00553123
85.5	-0.03470533	0.00517372
85.6	-0.0345801	0.00552987
85.7	-0.03465383	0.00536397
85.8	-0.03465383	0.00536397
85.9	-0.03467227	0.00541927
86	-0.0346354	0.00495845
86.1	-0.0345248	0.00453449
86.2	-0.03434047	0.00438703
86.3	-0.03395338	0.00411053
86.4	-0.03395338	0.00457136
86.5	-0.03391652	0.00442389
86.6	-0.03404555	0.00460822
86.7	-0.03417458	0.00399994
86.8	-0.03389808	0.00353912
86.9	-0.03369532	0.00364971
87	-0.03384279	0.00394464
87.1	-0.03347413	0.0043686
87.2	-0.0334557	0.00462666
87.3	-0.03373219	0.00427643
87.4	-0.03364002	0.00444233
87.5	-0.03408241	0.00449763
87.6	-0.0348013	0.00438703
87.7	-0.03498563	0.00460822
87.8	-0.03467227	0.00405524
87.9	-0.03424831	0.004258
88	-0.03493033	0.00440546
88.1	-0.03507779	0.004258
88.2	-0.03539115	0.0039815
88.3	-0.03555704	0.00392621
88.4	-0.03555704	0.00422113
88.5	-0.03548331	0.00470039
88.6	-0.03557548	0.00372344
88.7	-0.03544645	0.00293083
88.8	-0.03496719	0.00328105
88.9	-0.0344695	0.00353912
89	-0.03424831	0.00374188
89.1	-0.03481973	0.00411053
89.2	-0.03526212	0.00377874
89.3	-0.03531742	0.00390777
89.4	-0.03555704	0.00341009
89.5	-0.03502249	0.00383404
89.6	-0.03483816	0.00366815
89.7	-0.03465383	0.00390777
89.8	-0.034746	0.00344695
89.9	-0.03441421	0.00370501
90	-0.03472756	0.00361285
90.1	-0.03509622	0.00376031
90.2	-0.03450637	0.00379718
90.3	-0.03369532	0.00387091
90.4	-0.03426674	0.00379718
90.5	-0.03439577	0.00405524
90.6	-0.03419301	0.00368658
90.7	-0.03393495	0.00407367
90.8	-0.03391652	0.00442389
90.9	-0.03422988	0.0043686
91	-0.03400868	0.00412897
91.1	-0.03386122	0.00449763
91.2	-0.03424831	0.00440546
91.3	-0.03445107	0.00423957
91.4	-0.03448794	0.00435016
91.5	-0.03439577	0.00492158
91.6	-0.03439577	0.00451606
91.7	-0.0345248	0.00470039
91.8	-0.03472756	0.00466352
91.9	-0.03472756	0.00466352
92	-0.03476443	0.00444233
92.1	-0.03472756	0.00438703
92.2	-0.03472756	0.0043686
92.3	-0.03505936	0.0040368
92.4	-0.03509622	0.00401837
92.5	-0.03478286	0.00429486
92.6	-0.0344695	0.00411053
92.7	-0.03454324	0.00407367
92.8	-0.03483816	0.00446076
92.9	-0.03481973	0.0042027
93	-0.03481973	0.0042027
93.1	-0.03500406	0.00422113
93.2	-0.03491189	0.00468195
93.3	-0.0348566	0.00464509
93.4	-0.034746	0.00462666
93.5	-0.034746	0.00455292
93.6	-0.034746	0.00455292
93.7	-0.0348013	0.00481098
93.8	-0.0346907	0.00501375
93.9	-0.03472756	0.00449763
94	-0.03496719	0.00442389
94.1	-0.03526212	0.00492158
94.2	-0.03526212	0.00492158
94.3	-0.03568608	0.00484785
94.4	-0.03588884	0.00470039
94.5	-0.03542801	0.00492158
94.6	-0.03535428	0.00536397
94.7	-0.03535428	0.00536397
94.8	-0.03537272	0.00558517
94.9	-0.03533585	0.0056036
95	-0.03533585	0.0056036
95.1	-0.03504092	0.00595382
95.2	-0.03489346	0.00632248
95.3	-0.03494876	0.00615659
95.4	-0.03516995	0.00687547
95.5	-0.03515152	0.00687547
95.6	-0.03552018	0.00650681
95.7	-0.03563078	0.00646994
95.8	-0.03533585	0.00663584
95.9	-0.03528055	0.00667271
96	-0.03528055	0.00665427
96.1	-0.03528055	0.00665427
96.2	-0.0359257	0.00670957
96.3	-0.0359257	0.00670957
96.4	-0.03552018	0.00696763
96.5	-0.03546488	0.0068939
96.6	-0.03566764	0.00687547
96.7	-0.03557548	0.00713353
96.8	-0.03575981	0.00702293
96.9	-0.03575981	0.0070045
97	-0.03564921	0.00654368
97.1	-0.03557548	0.00623032
97.2	-0.03542801	0.00593539
97.3	-0.03540958	0.00586166
97.4	-0.03540958	0.0057142
97.5	-0.03542801	0.00540084
97.6	-0.03504092	0.0054377
97.7	-0.03520682	0.005493
97.8	-0.03524369	0.00532711
97.9	-0.03540958	0.00521651
98	-0.03544645	0.0056036
98.1	-0.03559391	0.00564046
98.2	-0.03553861	0.00551143
98.3	-0.03548331	0.0054377
98.4	-0.03557548	0.00582479
98.5	-0.03557548	0.00582479
98.6	-0.03553861	0.00562203
98.7	-0.03575981	0.00600912
98.8	-0.03572294	0.00589853
98.9	-0.03550175	0.0057695
99	-0.03533585	0.00580636
99.1	-0.03533585	0.00580636
99.2	-0.03533585	0.00580636
99.3	-0.03528055	0.00582479
99.4	-0.0348566	0.00564046
99.5	-0.03441421	0.00551143
99.6	-0.03511466	0.00551143
99.7	-0.03505936	0.00532711
99.8	-0.03498563	0.00517964
99.9	-0.03509622	0.005493
100	-0.03509622	0.005493
100.1	-0.03493033	0.00529024
100.2	-0.03491189	0.00534554
100.3	-0.03472756	0.00552987
100.4	-0.03470913	0.0053824
100.5	-0.03470913	0.00521651
100.6	-0.03470913	0.00521651
100.7	-0.0345801	0.00460822
100.8	-0.03448794	0.00453449
100.9	-0.03439577	0.00455292
101	-0.03434047	0.00427643
101.1	-0.03434047	0.004258
101.2	-0.03437734	0.0041474
101.3	-0.03494876	0.00433173
101.4	-0.03496719	0.00423957
101.5	-0.03491189	0.00412897
101.6	-0.03481973	0.00407367
101.7	-0.03481973	0.00407367
101.8	-0.03502249	0.00370501
101.9	-0.03502249	0.00368658
102	-0.03524369	0.00374188
102.1	-0.03540958	0.00427643
102.2	-0.03535428	0.00444233
102.3	-0.03546488	0.00377874
102.4	-0.03570451	0.00357598
102.5	-0.03575981	0.00357598
102.6	-0.03577824	0.00370501
102.7	-0.03546488	0.00381561
102.8	-0.03533585	0.00366815
102.9	-0.03539115	0.00348382
103	-0.03555704	0.00348382
103.1	-0.03599943	0.00376031
103.2	-0.03607317	0.00390777
103.3	-0.03575981	0.00352068
103.4	-0.03570451	0.00333635
103.5	-0.03575981	0.00320732
103.6	-0.03575981	0.00307829
103.7	-0.03575981	0.0029677
103.8	-0.03575981	0.00311516
103.9	-0.035981	0.00337322
104	-0.0360916	0.00313359
104.1	-0.03623129	0.00328209
104.2	-0.03637099	0.0034306
104.3	-0.03651068	0.0035791
104.4	-0.03665037	0.0037276
104.5	-0.03655242	0.00335479
104.6	-0.03688421	0.00376031
104.7	-0.03717914	0.00364971
104.8	-0.03690265	0.00396307
104.9	-0.03693951	0.0043133
105	-0.03703168	0.00470039
105.1	-0.03745563	0.00471882
105.2	-0.03708697	0.00446076
105.3	-0.03660772	0.00438703
105.4	-0.03611003	0.004258
105.5	-0.03596257	0.004258
105.6	-0.03651556	0.004258
105.7	-0.03671832	0.004258
105.8	-0.03706854	0.00447919
105.9	-0.03706854	0.00460822
106	-0.03697638	0.00486628
106.1	-0.03706854	0.00407367
106.2	-0.03658929	0.00392621
106.3	-0.03629436	0.00411053
106.4	-0.03625749	0.00440546
106.5	-0.03695794	0.0043133
106.6	-0.03695794	0.00385247
106.7	-0.03693951	0.00385247
106.8	-0.03717914	0.00387091
106.9	-0.03717914	0.0039815
107	-0.03717914	0.0039815
107.1	-0.03705011	0.00392621
107.2	-0.03690265	0.00385247
107.3	-0.03690265	0.00385247
107.4	-0.03690265	0.00385247
107.5	-0.03690265	0.00385247
107.6	-0.03690265	0.00385247
107.7	-0.03638652	0.00411053
107.8	-0.03638652	0.00411053
107.9	-0.03638652	0.00411053
108	-0.03638652	0.00411053
108.1	-0.03638652	0.00411053
108.2	-0.03559391	0.00392621
108.3	-0.03529898	0.00399994
108.4	-0.03550175	0.00405524
108.5	-0.03557548	0.00418427
108.6	-0.03557548	0.00418427
108.7	-0.03557548	0.00418427
108.8	-0.03550175	0.00392621
108.9	-0.03561234	0.00385247
109	-0.03616533	0.00394464
109.1	-0.03616533	0.00396307
109.2	-0.03622063	0.0040368
109.3	-0.03622063	0.0040368
109.4	-0.03666302	0.00366815
109.5	-0.03607317	0.00346538
109.6	-0.0358704	0.00328105
109.7	-0.03557548	0.00339165
109.8	-0.03535428	0.00364971
109.9	-0.03555704	0.00377874
110	-0.03555704	0.00377874
110.1	-0.03553861	0.00379718
110.2	-0.03489346	0.00376031
110.3	-0.03476443	0.00376031
110.4	-0.0346907	0.00399994
110.5	-0.03467227	0.004258
110.6	-0.0346907	0.004258
110.7	-0.03489346	0.00399994
110.8	-0.03443264	0.00377874
110.9	-0.03430361	0.00374188
111	-0.03459853	0.00405524
111.1	-0.03494876	0.00357598
111.2	-0.03483816	0.00344695
111.3	-0.03483816	0.00344695
111.4	-0.03481973	0.00370501
111.5	-0.034746	0.00374188
111.6	-0.034746	0.00374188
111.7	-0.03467227	0.00370501
111.8	-0.03465383	0.00377874
111.9	-0.03465383	0.00377874
112	-0.03461697	0.0039815
112.1	-0.0344695	0.00405524
112.2	-0.03448794	0.00407367
112.3	-0.03470913	0.0042027
112.4	-0.0348013	0.0042027
112.5	-0.03502249	0.00423957
112.6	-0.03537272	0.0040368
112.7	-0.03572294	0.00390777
112.8	-0.03572294	0.00390777
112.9	-0.03568608	0.00427643
113	-0.03566764	0.00427643
113.1	-0.03574137	0.00438703
113.2	-0.03574137	0.00438703
113.3	-0.03540958	0.00435016
113.4	-0.03553861	0.00464509
113.5	-0.03553861	0.00464509
113.6	-0.03564921	0.00438703
113.7	-0.03564921	0.0043686
113.8	-0.03552018	0.00453449
113.9	-0.03546488	0.00455292
114	-0.03542801	0.00512434
114.1	-0.03546488	0.00506905
114.2	-0.03548331	0.00506905
114.3	-0.03552018	0.00506905
114.4	-0.03559391	0.00506905
114.5	-0.03564921	0.00506905
114.6	-0.03544645	0.00499531
114.7	-0.03544645	0.00497688
114.8	-0.03579667	0.00497688
114.9	-0.03581511	0.00497688
115	-0.03581511	0.00506905
115.1	-0.03570451	0.00516121
115.2	-0.03564921	0.00506905
115.3	-0.03561234	0.00497688
115.4	-0.03579667	0.00488472
115.5	-0.03633123	0.00516121
115.6	-0.03640496	0.00529024
115.7	-0.03651556	0.0056589
115.8	-0.03651556	0.0057142
115.9	-0.03647869	0.0057142
116	-0.03653399	0.00567733
116.1	-0.03747407	0.00621188
116.2	-0.0374925	0.00619345
116.3	-0.03776899	0.00584323
116.4	-0.03730817	0.0055483
116.5	-0.03716071	0.0056589
116.6	-0.03721601	0.00606442
116.7	-0.03721601	0.00602756
116.8	-0.03705011	0.00588009
116.9	-0.03692108	0.00582479
117	-0.03684735	0.00580636
117.1	-0.03636809	0.0057142
117.2	-0.03633123	0.00573263
117.3	-0.03553861	0.00540084
117.4	-0.03544645	0.00530867
117.5	-0.03550175	0.00521651
117.6	-0.03579667	0.00523494
117.7	-0.03611003	0.00584323
117.8	-0.03596257	0.00580636
117.9	-0.03574137	0.00578793
118	-0.03524369	0.0057142
118.1	-0.03524369	0.00567733
118.2	-0.03529898	0.0056589
118.3	-0.03529898	0.0056589
118.4	-0.03533585	0.00569576
118.5	-0.03535428	0.00578793
118.6	-0.03535428	0.00578793
118.7	-0.03535428	0.00578793
118.8	-0.03535428	0.00578793
118.9	-0.03535428	0.00578793
119	-0.03535428	0.00578793
119.1	-0.03504092	0.00545614
119.2	-0.03491189	0.0054377
119.3	-0.03467227	0.00534554
119.4	-0.0345248	0.00536397
119.5	-0.0345248	0.0053824
119.6	-0.03456167	0.00506905
119.7	-0.03445107	0.00492158
119.8	-0.03441421	0.00490315
119.9	-0.03445107	0.00486628
120	-0.03445107	0.00486628
120.1	-0.03445107	0.00486628
120.2	-0.03402712	0.00484785
120.3	-0.03402712	0.00484785
120.4	-0.03402712	0.00484785
120.5	-0.03402712	0.00484785
120.6	-0.03402712	0.00484785
120.7	-0.03376274	0.00440098
120.8	-0.03369705	0.00469657
120.9	-0.03363137	0.00449951
121	-0.03336862	0.00492647
121.1	-0.03386127	0.00486078
121.2	-0.03386127	0.00486078
121.3	-0.03405833	0.00489363
121.4	-0.03405833	0.00492647
121.5	-0.03366421	0.00492647
121.6	-0.03340147	0.00505784
121.7	-0.03330294	0.00505784
121.8	-0.03353284	0.00555049
121.9	-0.03353284	0.00551765
122	-0.03353284	0.00568186
122.1	-0.03359852	0.00663431
122.2	-0.03313872	0.00591176
122.3	-0.03346715	0.00561618
122.4	-0.03336862	0.00620735
122.5	-0.03340147	0.0062402
122.6	-0.03346715	0.0062402
122.7	-0.03346715	0.00633873
122.8	-0.03261323	0.0064701
122.9	-0.03261323	0.0064701
123	-0.03333578	0.00683137
123.1	-0.03310588	0.00660147
123.2	-0.03290882	0.00597745
123.3	-0.03310588	0.00594461
123.4	-0.03310588	0.00594461
123.5	-0.03333578	0.00581324
123.6	-0.03340147	0.00571471
123.7	-0.03343431	0.00561618
123.8	-0.03382843	0.00541912
123.9	-0.03382843	0.00538627
124	-0.0337299	0.00492647
124.1	-0.03346715	0.00482794
124.2	-0.03310588	0.00505784
124.3	-0.03310588	0.00505784
124.4	-0.03310588	0.00505784
124.5	-0.03310588	0.00505784
124.6	-0.03310588	0.00505784
124.7	-0.03310588	0.00505784
124.8	-0.03307303	0.00505784
124.9	-0.03297451	0.00482794
125	-0.03297451	0.00436814
125.1	-0.03310588	0.00348137
125.2	-0.03310588	0.00341569
125.3	-0.03359852	0.00440098
125.4	-0.03359852	0.00449951
125.5	-0.03359852	0.00449951
125.6	-0.03412402	0.00453235
125.7	-0.0341897	0.0045652
125.8	-0.03415686	0.0045652
125.9	-0.03402549	0.00509069
126	-0.03405833	0.00509069
126.1	-0.03425539	0.00492647
126.2	-0.0341897	0.0052549
126.3	-0.03405833	0.0052549
126.4	-0.03405833	0.0052549
126.5	-0.03445245	0.00486078
126.6	-0.03494509	0.00499216
126.7	-0.03494509	0.005025
126.8	-0.03494509	0.005025
126.9	-0.03497794	0.005025
127	-0.03494509	0.00532059
127.1	-0.03494509	0.00538627
127.2	-0.03484656	0.00535343
127.3	-0.03464951	0.00532059
127.4	-0.03464951	0.00532059
127.5	-0.03455098	0.00528774
127.6	-0.03448529	0.0052549
127.7	-0.03448529	0.0052549
127.8	-0.03448529	0.0052549
127.9	-0.03448529	0.0052549
128	-0.03448529	0.0052549
128.1	-0.03448529	0.0052549
128.2	-0.03448529	0.0052549
128.3	-0.03448529	0.0052549
128.4	-0.03448529	0.0052549
128.5	-0.03448529	0.0052549
128.6	-0.03448529	0.0052549
128.7	-0.03438676	0.0052549
128.8	-0.03514215	0.00558333
128.9	-0.03487941	0.00555049
129	-0.03487941	0.00555049
129.1	-0.03471519	0.00555049
129.2	-0.03464951	0.00561618
129.3	-0.03451813	0.00561618
129.4	-0.03474803	0.00541912
129.5	-0.03474803	0.00541912
129.6	-0.03478088	0.00535343
129.7	-0.03478088	0.00535343
129.8	-0.03481372	0.00495931
129.9	-0.03484656	0.00492647
130	-0.03464951	0.00505784
130.1	-0.03464951	0.00515637
130.2	-0.03461666	0.00522206
130.3	-0.03448529	0.00541912
130.4	-0.03448529	0.0052549
130.5	-0.03448529	0.00541912
130.6	-0.03448529	0.00541912
130.7	-0.03448529	0.00561618
130.8	-0.03428823	0.00584608
130.9	-0.03422254	0.00581324
131	-0.03405833	0.00597745
131.1	-0.0337299	0.00607598
131.2	-0.0337299	0.00607598
131.3	-0.03369705	0.00607598
131.4	-0.03369705	0.00607598
131.5	-0.03369705	0.00607598
131.6	-0.03369705	0.00607598
131.7	-0.03369705	0.00607598
131.8	-0.0335	0.00610882
131.9	-0.03336862	0.00597745
132	-0.03330294	0.00607598
132.1	-0.03327009	0.00607598
132.2	-0.03327009	0.00607598
132.3	-0.03327009	0.00607598
132.4	-0.03346715	0.00584608
132.5	-0.03346715	0.00581324
132.6	-0.03343431	0.00584608
132.7	-0.0335	0.00633873
132.8	-0.0335	0.00633873
132.9	-0.03353284	0.00614167
133	-0.03346715	0.00604314
133.1	-0.03346715	0.00604314
133.2	-0.03346715	0.00604314
133.3	-0.03336862	0.00597745
133.4	-0.03333578	0.00597745
133.5	-0.03304019	0.00591176
133.6	-0.03330294	0.00581324
133.7	-0.03327009	0.00578039
133.8	-0.03327009	0.00574755
133.9	-0.03327009	0.00578039
134	-0.03327009	0.00578039
134.1	-0.03327009	0.00578039
134.2	-0.03327009	0.00581324
134.3	-0.03327009	0.00581324
134.4	-0.03327009	0.00581324
134.5	-0.03330294	0.00587892
134.6	-0.03369705	0.00607598
134.7	-0.03412402	0.00620735
134.8	-0.03445245	0.00620735
134.9	-0.03461666	0.00578039
135	-0.03461666	0.00574755
135.1	-0.03461666	0.00574755
135.2	-0.03461666	0.00561618
135.3	-0.03461666	0.00551765
135.4	-0.03461666	0.00551765
135.5	-0.03474803	0.00528774
135.6	-0.035175	0.00538627
135.7	-0.03497794	0.0054848
135.8	-0.03474803	0.00551765
135.9	-0.03481372	0.00555049
136	-0.03514215	0.00594461
136.1	-0.03589754	0.00505784
136.2	-0.03642303	0.00509069
136.3	-0.03530637	0.0052549
136.4	-0.03573333	0.00499216
136.5	-0.03566764	0.00472941
136.6	-0.03579901	0.00489363
136.7	-0.03573333	0.00482794
136.8	-0.03543774	0.00459804
136.9	-0.03543774	0.00459804
137	-0.03566764	0.00466373
137.1	-0.0356348	0.00463088
137.2	-0.03556911	0.00446667
137.3	-0.03579901	0.00433529
137.4	-0.03570049	0.00430245
137.5	-0.03570049	0.00430245
137.6	-0.03570049	0.00430245
137.7	-0.03570049	0.00433529
137.8	-0.03530637	0.00449951
137.9	-0.03524068	0.00446667
138	-0.03451813	0.00433529
138.1	-0.03428823	0.00433529
138.2	-0.03428823	0.00433529
138.3	-0.03497794	0.00446667
138.4	-0.03497794	0.00446667
138.5	-0.03497794	0.00446667
138.6	-0.03497794	0.00446667
138.7	-0.03481372	0.00446667
138.8	-0.03468235	0.00449951
138.9	-0.03455098	0.00449951
139	-0.03448529	0.00440098
139.1	-0.03464951	0.00423676
139.2	-0.03464951	0.00423676
139.3	-0.03464951	0.00423676
139.4	-0.03464951	0.00423676
139.5	-0.03445245	0.00420392
139.6	-0.03445245	0.00420392
139.7	-0.03448529	0.00420392
139.8	-0.03448529	0.00420392
139.9	-0.03448529	0.00420392
140	-0.03448529	0.00420392
140.1	-0.03448529	0.00420392
140.2	-0.03464951	0.00426961
140.3	-0.03464951	0.00407255
140.4	-0.03464951	0.00397402
140.5	-0.03468235	0.00364559
140.6	-0.03468235	0.00364559
140.7	-0.03468235	0.00361275
140.8	-0.03471519	0.00348137
140.9	-0.03471519	0.00348137
141	-0.03471519	0.00374412
141.1	-0.03471519	0.00371127
141.2	-0.03458382	0.0035799
141.3	-0.03451813	0.00344853
141.4	-0.03448529	0.00328431
141.5	-0.03425539	0.00295588
141.6	-0.03422254	0.00295588
141.7	-0.0341897	0.00295588
141.8	-0.0341897	0.00295588
141.9	-0.03415686	0.00292304
142	-0.03415686	0.00292304
142.1	-0.0341897	0.00292304
142.2	-0.03428823	0.00292304
142.3	-0.03432107	0.00292304
142.4	-0.03432107	0.00308725
142.5	-0.03432107	0.00308725
142.6	-0.03432107	0.00308725
142.7	-0.03432107	0.00308725
142.8	-0.03432107	0.00308725
142.9	-0.03432107	0.00275882
143	-0.03432107	0.00269314
143.1	-0.03432107	0.00269314
143.2	-0.03432107	0.00269314
143.3	-0.03432107	0.00269314
143.4	-0.03432107	0.00269314
143.5	-0.03455098	0.00243039
143.6	-0.03455098	0.00243039
143.7	-0.03451813	0.00246324
143.8	-0.0344196	0.00259461
143.9	-0.03451813	0.00262745
144	-0.03455098	0.00266029
144.1	-0.03455098	0.00266029
144.2	-0.03464951	0.00266029
144.3	-0.03510931	0.00262745
144.4	-0.03547058	0.00269314
144.5	-0.03566764	0.00272598
144.6	-0.03566764	0.00272598
144.7	-0.03599607	0.00295588
144.8	-0.03642303	0.00302157
144.9	-0.03642303	0.00325147
145	-0.03625882	0.00318578
145.1	-0.0360946	0.0031201
145.2	-0.0360946	0.0031201
145.3	-0.0360946	0.00259461
145.4	-0.03596323	0.00239755
145.5	-0.03593039	0.00223333
145.6	-0.03593039	0.00223333
145.7	-0.03593039	0.00223333
145.8	-0.03576617	0.0019049
145.9	-0.03553627	0.00180637
146	-0.03537205	0.00177353
146.1	-0.03494509	0.00170784
146.2	-0.03478088	0.00187206
146.3	-0.03478088	0.00193775
146.4	-0.03468235	0.00226618
146.5	-0.03468235	0.00243039
146.6	-0.03474803	0.00269314
146.7	-0.03487941	0.00295588
146.8	-0.03491225	0.0028902
146.9	-0.03474803	0.00292304
147	-0.03455098	0.00302157
147.1	-0.03435392	0.00302157
147.2	-0.03448529	0.00302157
147.3	-0.03471519	0.0031201
147.4	-0.03527352	0.00298873
147.5	-0.03507647	0.00282451
147.6	-0.03481372	0.00269314
147.7	-0.03474803	0.00269314
147.8	-0.03468235	0.00272598
147.9	-0.03461666	0.00282451
148	-0.03461666	0.00302157
148.1	-0.03461666	0.00315294
148.2	-0.03471519	0.00318578
148.3	-0.03491225	0.00315294
148.4	-0.03491225	0.00305441
148.5	-0.03491225	0.00305441
148.6	-0.03471519	0.00295588
148.7	-0.03468235	0.00295588
148.8	-0.03461666	0.00302157
148.9	-0.03461666	0.00305441
149	-0.03471519	0.0031201
149.1	-0.03491225	0.00315294
149.2	-0.03497794	0.00315294
149.3	-0.03497794	0.00315294
149.4	-0.03497794	0.0031201
149.5	-0.03501078	0.00308725
149.6	-0.03501078	0.00295588
149.7	-0.03504362	0.00292304
149.8	-0.03527352	0.00292304
149.9	-0.03527352	0.00292304
150	-0.035175	0.00295588
150.1	-0.03507647	0.00295588
150.2	-0.03504362	0.00275882
150.3	-0.03504362	0.00262745
150.4	-0.03504362	0.00262745
150.5	-0.03504362	0.00262745
150.6	-0.03507647	0.00262745
150.7	-0.03520784	0.00285735
150.8	-0.03543774	0.00285735
150.9	-0.03553627	0.0028902
151	-0.03553627	0.0028902
151.1	-0.03553627	0.0028902
151.2	-0.03553627	0.00275882
151.3	-0.03553627	0.00275882
151.4	-0.03560196	0.0028902
151.5	-0.03560196	0.00308725
151.6	-0.03560196	0.00315294
151.7	-0.03579901	0.00318578
151.8	-0.03583186	0.00318578
151.9	-0.0358647	0.00321863
152	-0.03593039	0.00331716
152.1	-0.03619313	0.00295588
152.2	-0.03622598	0.00292304
152.3	-0.03629166	0.00292304
152.4	-0.03629166	0.00305441
152.5	-0.03635735	0.00295588
152.6	-0.0370799	0.00239755
152.7	-0.03714558	0.00239755
152.8	-0.03734264	0.00243039
152.9	-0.03747401	0.00282451
153	-0.0373098	0.00243039
153.1	-0.03734264	0.00239755
153.2	-0.03737549	0.00239755
153.3	-0.03767107	0.00275882
153.4	-0.03793382	0.00282451
153.5	-0.03859068	0.00272598
153.6	-0.03842647	0.00266029
153.7	-0.03839362	0.00266029
153.8	-0.03849215	0.00305441
153.9	-0.03924754	0.00282451
154	-0.03914901	0.00285735
154.1	-0.03914901	0.00285735
154.2	-0.03914901	0.00285735
154.3	-0.03914901	0.00285735
154.4	-0.03911617	0.00282451
154.5	-0.03911617	0.00275882
154.6	-0.03924754	0.00269314
154.7	-0.03924754	0.00269314
154.8	-0.03924754	0.00269314
154.9	-0.03924754	0.00269314
155	-0.03937892	0.0028902
155.1	-0.03987156	0.0028902
155.2	-0.03987156	0.0028902
155.3	-0.03987156	0.0028902
155.4	-0.03964166	0.0028902
155.5	-0.04000294	0.00282451
155.6	-0.03997009	0.00282451
155.7	-0.03977303	0.00282451
155.8	-0.03997009	0.00341569
155.9	-0.03997009	0.00341569
156	-0.03997009	0.00341569
156.1	-0.03997009	0.00341569
156.2	-0.03997009	0.00341569
156.3	-0.03997009	0.00341569
156.4	-0.03997009	0.00341569
156.5	-0.03993725	0.00341569
156.6	-0.03990441	0.00321863
156.7	-0.03990441	0.00321863
156.8	-0.03970735	0.00321863
156.9	-0.03977303	0.00328431
157	-0.03983872	0.00331716
157.1	-0.03983872	0.00331716
157.2	-0.03983872	0.00331716
157.3	-0.03983872	0.00331716
157.4	-0.03983872	0.00331716
157.5	-0.03983872	0.00331716
157.6	-0.03983872	0.00331716
157.7	-0.03983872	0.00331716
157.8	-0.03983872	0.00331716
157.9	-0.03983872	0.00331716
158	-0.03983872	0.00331716
158.1	-0.04003578	0.0031201
158.2	-0.04003578	0.00308725
158.3	-0.04013431	0.00308725
158.4	-0.04016715	0.00292304
158.5	-0.04023284	0.0028902
158.6	-0.04046274	0.00282451
158.7	-0.04046274	0.00282451
158.8	-0.04046274	0.00246324
158.9	-0.04049558	0.00210196
159	-0.04046274	0.00203627
159.1	-0.0404299	0.00197059
159.2	-0.04046274	0.00200343
159.3	-0.04062696	0.00206912
159.4	-0.04056127	0.00206912
159.5	-0.04049558	0.00203627
159.6	-0.0404299	0.00193775
159.7	-0.0404299	0.00193775
159.8	-0.04029852	0.00187206
159.9	-0.04016715	0.00180637
160	-0.04026568	0.0019049
160.1	-0.04026568	0.0019049
160.2	-0.04036421	0.00203627
160.3	-0.0406598	0.00223333
160.4	-0.04075833	0.00236471
160.5	-0.04079117	0.00236471
160.6	-0.04079117	0.00236471
160.7	-0.04131666	0.00229902
160.8	-0.04121813	0.00229902
160.9	-0.04115245	0.00233186
161	-0.04105392	0.00233186
161.1	-0.0411196	0.00236471
161.2	-0.04115245	0.00266029
161.3	-0.04098823	0.00298873
161.4	-0.04098823	0.00308725
161.5	-0.04095539	0.00341569
161.6	-0.04092254	0.00351422
161.7	-0.04079117	0.00351422
161.8	-0.04079117	0.00302157
161.9	-0.04079117	0.00285735
162	-0.04079117	0.00282451
162.1	-0.04098823	0.00285735
162.2	-0.04098823	0.0028902
162.3	-0.04098823	0.00331716
162.4	-0.0406598	0.00341569
162.5	-0.04056127	0.00318578
162.6	-0.0406598	0.00295588
162.7	-0.0408897	0.00295588
162.8	-0.0408897	0.00295588
162.9	-0.0408897	0.00325147
163	-0.0408897	0.00325147
163.1	-0.0408897	0.00325147
163.2	-0.0408897	0.00321863
163.3	-0.0408897	0.00321863
163.4	-0.0408897	0.00321863
163.5	-0.04046274	0.00423676
163.6	-0.04029852	0.00446667
163.7	-0.04023284	0.00453235
163.8	-0.04003578	0.0047951
163.9	-0.04003578	0.0047951
164	-0.04026568	0.00476225
164.1	-0.04052843	0.00430245
164.2	-0.040512	0.00453235
164.3	-0.04049558	0.00476225
164.4	-0.04049558	0.0047951
164.5	-0.04039705	0.00482794
164.6	-0.04019999	0.00472941
164.7	-0.04019999	0.00463088
164.8	-0.0404299	0.00436814
164.9	-0.04085686	0.00420392
165	-0.04085686	0.00420392
165.1	-0.04085686	0.00420392
165.2	-0.04085686	0.00420392
165.3	-0.04010147	0.00446667
165.4	-0.04010147	0.00449951
165.5	-0.04072548	0.00413824
165.6	-0.04052843	0.00443382
165.7	-0.04052843	0.00443382
165.8	-0.04049558	0.00443382
165.9	-0.04036421	0.00430245
166	-0.04062696	0.00413824
166.1	-0.04082401	0.00407255
166.2	-0.04128382	0.00410539
166.3	-0.04141519	0.00407255
166.4	-0.0413495	0.00407255
166.5	-0.04098823	0.00420392
166.6	-0.04098823	0.00420392
166.7	-0.04095539	0.00420392
166.8	-0.04082401	0.00397402
166.9	-0.04092254	0.00390833
167	-0.04095539	0.00390833
167.1	-0.04095539	0.00390833
167.2	-0.0413495	0.00400686
167.3	-0.04131666	0.00420392
167.4	-0.0408897	0.00426961
167.5	-0.04052843	0.00417108
167.6	-0.04052843	0.00413824
167.7	-0.04052843	0.00413824
167.8	-0.04059411	0.00459804
167.9	-0.04049558	0.00430245
168	-0.04056127	0.00403971
168.1	-0.04059411	0.00403971
168.2	-0.04059411	0.00403971
168.3	-0.04052843	0.00403971
168.4	-0.04013431	0.00413824
168.5	-0.04013431	0.00407255
168.6	-0.04013431	0.00407255
168.7	-0.04013431	0.00413824
168.8	-0.04013431	0.00430245
168.9	-0.04010147	0.00440098
169	-0.04019999	0.00430245
169.1	-0.04033137	0.00407255
169.2	-0.04033137	0.00403971
169.3	-0.04033137	0.00403971
169.4	-0.04026568	0.00407255
169.5	-0.04026568	0.00407255
169.6	-0.04026568	0.00407255
169.7	-0.04026568	0.00407255
169.8	-0.04016715	0.00410539
169.9	-0.04016715	0.00410539
170	-0.04013431	0.00413824
170.1	-0.04019999	0.00328431
170.2	-0.04049558	0.00315294
170.3	-0.04052843	0.00315294
170.4	-0.0411196	0.00361275
170.5	-0.0411196	0.00361275
170.6	-0.04082401	0.00377696
170.7	-0.04039705	0.00397402
170.8	-0.04039705	0.00394118
170.9	-0.04095539	0.00377696
171	-0.04105392	0.00377696
171.1	-0.04128382	0.00377696
171.2	-0.04144803	0.00377696
171.3	-0.0413495	0.00371127
171.4	-0.04092254	0.00351422
171.5	-0.04115245	0.00328431
171.6	-0.04115245	0.00321863
171.7	-0.04148088	0.00341569
171.8	-0.04118529	0.00354706
171.9	-0.0411196	0.00302157
172	-0.04128382	0.00259461
172.1	-0.04128382	0.00249608
172.2	-0.04095539	0.00272598
172.3	-0.04085686	0.00223333
172.4	-0.0408897	0.00223333
172.5	-0.0406598	0.00295588
172.6	-0.0406598	0.00308725
172.7	-0.04072548	0.00279167
172.8	-0.04072548	0.00279167
172.9	-0.04072548	0.00269314
173	-0.04082401	0.00236471
173.1	-0.04115245	0.0021348
173.2	-0.04115245	0.0021348
173.3	-0.04115245	0.00233186
173.4	-0.04108676	0.00246324
173.5	-0.04108676	0.00246324
173.6	-0.04115245	0.00223333
173.7	-0.04108676	0.00216765
173.8	-0.04092254	0.00236471
173.9	-0.04092254	0.00236471
174	-0.0406598	0.00243039
174.1	-0.04052843	0.00256176
174.2	-0.04052843	0.00256176
174.3	-0.04069264	0.00259461
174.4	-0.04075833	0.00246324
174.5	-0.04036421	0.00236471
174.6	-0.04023284	0.00243039
174.7	-0.04023284	0.00243039
174.8	-0.04023284	0.00259461
174.9	-0.03977303	0.00279167
175	-0.0396745	0.00272598
175.1	-0.03970735	0.00243039
175.2	-0.03980588	0.00239755
175.3	-0.03974019	0.00279167
175.4	-0.03964166	0.00318578
175.5	-0.03954313	0.00325147
175.6	-0.03980588	0.00341569
175.7	-0.03977303	0.00390833
175.8	-0.03987156	0.00410539
175.9	-0.03987156	0.00410539
176	-0.03993725	0.00400686
176.1	-0.04029852	0.00344853
176.2	-0.04026568	0.00341569
176.3	-0.03970735	0.00351422
176.4	-0.03957598	0.00364559
176.5	-0.03957598	0.00364559
176.6	-0.03974019	0.00354706
176.7	-0.03997009	0.00338284
176.8	-0.03987156	0.00335
176.9	-0.03983872	0.00338284
177	-0.03974019	0.00351422
177.1	-0.03974019	0.00354706
177.2	-0.04000294	0.00341569
177.3	-0.04003578	0.00341569
177.4	-0.04000294	0.00338284
177.5	-0.03983872	0.00335
177.6	-0.03964166	0.00338284
177.7	-0.03951029	0.00315294
177.8	-0.03951029	0.00285735
177.9	-0.03931323	0.00246324
178	-0.03928039	0.00246324
178.1	-0.03957598	0.00275882
178.2	-0.03951029	0.00279167
178.3	-0.03951029	0.00282451
178.4	-0.03977303	0.00308725
178.5	-0.03987156	0.00302157
178.6	-0.04010147	0.00275882
178.7	-0.04023284	0.00262745
178.8	-0.03980588	0.00266029
178.9	-0.03980588	0.00269314
179	-0.03954313	0.00249608
179.1	-0.03941176	0.00249608
179.2	-0.03924754	0.00272598
179.3	-0.03951029	0.00243039
179.4	-0.0392147	0.00206912
179.5	-0.03888627	0.0019049
179.6	-0.03865637	0.00187206
179.7	-0.03882058	0.00187206
179.8	-0.03822941	0.00072255
179.9	-0.03819656	0.00111667
180	-0.03842647	0.00183922
180.1	-0.03852499	0.0019049
180.2	-0.03882058	0.00180637
180.3	-0.0389848	0.00151078
180.4	-0.03859068	0.00147794
180.5	-0.03845931	0.00154363
180.6	-0.03836078	0.00157647
180.7	-0.03845931	0.00157647
180.8	-0.03855784	0.00154363
180.9	-0.03855784	0.00147794
181	-0.03855784	0.00147794
181.1	-0.03855784	0.00147794
181.2	-0.03868921	0.00147794
181.3	-0.03868921	0.00147794
181.4	-0.03868921	0.00151078
181.5	-0.03865637	0.00157647
181.6	-0.03845931	0.00157647
181.7	-0.03836078	0.00157647
181.8	-0.03836078	0.00157647
181.9	-0.03836078	0.00157647
182	-0.03796666	0.0021348
182.1	-0.03796666	0.00216765
182.2	-0.03806519	0.00193775
182.3	-0.03819656	0.00141226
182.4	-0.03813088	0.00134657
182.5	-0.03786813	0.00134657
182.6	-0.03744117	0.00131373
182.7	-0.03740833	0.00131373
182.8	-0.0373098	0.00137941
182.9	-0.0370799	0.00180637
183	-0.03714558	0.00210196
183.1	-0.03750686	0.00180637
183.2	-0.03763823	0.00174069
183.3	-0.03763823	0.00174069
183.4	-0.03773676	0.00174069
183.5	-0.0377696	0.00174069
183.6	-0.03806519	0.00180637
183.7	-0.03806519	0.00177353
183.8	-0.03806519	0.00177353
183.9	-0.0379995	0.00180637
184	-0.03796666	0.00183922
184.1	-0.03796666	0.00183922
184.2	-0.03796666	0.00183922
184.3	-0.03796666	0.00183922
184.4	-0.03796666	0.00183922
184.5	-0.03796666	0.00183922
184.6	-0.03767107	0.00197059
184.7	-0.03750686	0.00203627
184.8	-0.03721127	0.00223333
184.9	-0.03694852	0.00243039
185	-0.03688284	0.00252892
185.1	-0.03688284	0.00246324
185.2	-0.03678431	0.00243039
185.3	-0.03675147	0.00246324
185.4	-0.03648872	0.00236471
185.5	-0.03635735	0.00233186
185.6	-0.03635735	0.00233186
185.7	-0.0363245	0.00233186
185.8	-0.03639019	0.00164216
185.9	-0.03639019	0.00160931
186	-0.03639019	0.00160931
186.1	-0.03645588	0.00157647
186.2	-0.03652156	0.00157647
186.3	-0.03668578	0.00154363
186.4	-0.03668578	0.00154363
186.5	-0.03668578	0.00157647
186.6	-0.03665294	0.00157647
186.7	-0.03665294	0.00164216
186.8	-0.03665294	0.00164216
186.9	-0.03665294	0.00164216
187	-0.03681715	0.00164216
187.1	-0.03681715	0.001675
187.2	-0.03681715	0.00170784
187.3	-0.03668578	0.00151078
187.4	-0.03662009	0.0012152
187.5	-0.03639019	0.00114951
187.6	-0.03625882	0.00118235
187.7	-0.03616029	0.00124804
187.8	-0.03606176	0.00131373
187.9	-0.03606176	0.00131373
188	-0.0358647	0.00131373
188.1	-0.03576617	0.00134657
188.2	-0.0356348	0.00105098
188.3	-0.03573333	0.00065686
188.4	-0.03530637	0.00088676
188.5	-0.03530637	0.00088676
188.6	-0.03530637	0.00088676
188.7	-0.03520784	0.00085392
188.8	-0.03520784	0.00085392
188.9	-0.03487941	0.00036127
189	-0.03520784	0.00029559
189.1	-0.03520784	0.00029559
189.2	-0.03520784	0.00029559
189.3	-0.03524068	0.00029559
189.4	-0.03524068	0.00032843
189.5	-0.03537205	0.00019706
189.6	-0.03579901	-0.0004598
189.7	-0.03583186	-0.00055833
189.8	-0.03583186	-0.00055833
189.9	-0.03573333	-0.00042696
190	-0.03566764	-0.00059118
190.1	-0.0358647	-0.00039412
190.2	-0.0358647	-0.00026275
190.3	-0.0358647	-0.00019706
190.4	-0.0358647	-0.00032843
190.5	-0.0358647	-0.00055833
190.6	-0.03583186	-0.00059118
190.7	-0.0356348	-0.00055833
190.8	-0.03547058	-0.00032843
190.9	-0.03547058	-0.00032843
191	-0.03547058	-0.00032843
191.1	-0.03543774	-0.00052549
191.2	-0.03543774	-0.00052549
191.3	-0.03543774	-0.00052549
191.4	-0.03550343	-0.00055833
191.5	-0.03550343	-0.00059118
191.6	-0.03553627	-0.00055833
191.7	-0.03553627	-0.00055833
191.8	-0.03543774	-0.00039412
191.9	-0.03527352	-0.00026275
192	-0.03514215	-0.00036127
192.1	-0.03507647	-0.00055833
192.2	-0.03491225	-0.00059118
192.3	-0.03484656	-0.00055833
192.4	-0.03484656	-0.00055833
192.5	-0.03484656	-0.00055833
192.6	-0.03484656	-0.00055833
192.7	-0.03484656	-0.00055833
192.8	-0.03422254	-0.00032843
192.9	-0.03422254	-0.00032843
193	-0.03422254	-0.00032843
193.1	-0.03422254	-0.00006569
193.2	-0.03422254	0.00009853
193.3	-0.0341897	0.00026275
193.4	-0.0341897	0.00029559
193.5	-0.0341897	0.0004598
193.6	-0.0341897	0.00032843
193.7	-0.03422254	0.00016422
193.8	-0.03422254	0.00009853
193.9	-0.03422254	0.00006569
194	-0.03422254	0.00006569
194.1	-0.0337299	0.00019706
194.2	-0.0337299	0.00019706
194.3	-0.0337299	0.0002299
194.4	-0.03369705	0.00019706
194.5	-0.03369705	0.00019706
194.6	-0.03369705	0.00019706
194.7	-0.03369705	0.00019706
194.8	-0.03369705	0.00003284
194.9	-0.03382843	-0.00019706
195	-0.0339598	-0.00016422
195.1	-0.03402549	-0.00009853
195.2	-0.03409117	0.00003284
195.3	-0.03409117	0.00003284
195.4	-0.03409117	0.00003284
195.5	-0.03409117	0.00003284
195.6	-0.03409117	0.00003284
195.7	-0.03409117	0.00003284
195.8	-0.03409117	0.00003284
195.9	-0.03409117	0.00003284
196	-0.03409117	0.00003284
196.1	-0.03402549	0.00003284
196.2	-0.03402549	0.00003284
196.3	-0.03402549	0.00003284
196.4	-0.03402549	-0.00019706
196.5	-0.03402549	-0.00029559
196.6	-0.03402549	-0.00029559
196.7	-0.03402549	-0.00029559
196.8	-0.03402549	-0.00029559
196.9	-0.03402549	-0.00029559
197	-0.03402549	-0.00029559
197.1	-0.03402549	-0.00029559
197.2	-0.03402549	-0.00029559
197.3	-0.03458382	-0.00072255
197.4	-0.03448529	-0.00082108
197.5	-0.03438676	-0.00101814
197.6	-0.03438676	-0.00114951
197.7	-0.0344196	-0.00114951
197.8	-0.03468235	-0.00095245
197.9	-0.03471519	-0.00095245
198	-0.03471519	-0.00091961
198.1	-0.03458382	-0.00072255
198.2	-0.03458382	-0.00072255
198.3	-0.03455098	-0.00068971
198.4	-0.03451813	-0.00068971
198.5	-0.03451813	-0.00075539
198.6	-0.03451813	-0.00095245
198.7	-0.03451813	-0.00095245
198.8	-0.03448529	-0.00095245
198.9	-0.03422254	-0.00095245
199	-0.03422254	-0.00091961
199.1	-0.03422254	-0.00091961
199.2	-0.03422254	-0.00065686
199.3	-0.03363137	-0.00118235
199.4	-0.03363137	-0.00111667
199.5	-0.0337299	-0.00111667
199.6	-0.03376274	-0.00111667
199.7	-0.03376274	-0.00111667
199.8	-0.03376274	-0.00111667
199.9	-0.03376274	-0.00111667
200	-0.0337299	-0.0012152
200.1	-0.03356568	-0.00111667
200.2	-0.03346715	-0.00098529
200.3	-0.03320441	-0.00019706
200.4	-0.03252889	0.00076091
200.5	-0.03314347	0.00084871
200.6	-0.03308494	0.00108283
200.7	-0.03343613	0.00152182
200.8	-0.03267522	0.00149255
200.9	-0.03407997	0.00160962
201	-0.03375805	0.00178521
201.1	-0.03375805	0.00178521
201.2	-0.03369952	0.0020486
201.3	-0.03369952	0.0020486
201.4	-0.03361172	0.00140476
201.5	-0.03326053	0.00149255
201.6	-0.03314347	0.00152182
201.7	-0.03296788	0.00163888
201.8	-0.03214843	0.0021364
201.9	-0.03200211	0.0022242
202	-0.03197284	0.00228273
202.1	-0.03197284	0.00228273
202.2	-0.03127046	0.00251686
202.3	-0.03144606	0.00242906
202.4	-0.03153385	0.00219493
202.5	-0.03135826	0.00210714
202.6	-0.03039249	0.00199007
202.7	-0.03094854	0.00163888
202.8	-0.0309778	0.00163888
202.9	-0.0309778	0.00163888
203	-0.03042176	0.00184374
203.1	-0.03045102	0.00199007
203.2	-0.03068515	0.00207787
203.3	-0.03138753	0.00201934
203.4	-0.03138753	0.00190227
203.5	-0.03129973	0.00178521
203.6	-0.03118266	0.00175595
203.7	-0.03103634	0.00184374
203.8	-0.03100707	0.00187301
203.9	-0.0310656	0.00175595
204	-0.03118266	0.00143402
204.1	-0.03118266	0.00134623
204.2	-0.03091927	0.00137549
204.3	-0.03077294	0.00140476
204.4	-0.03077294	0.00140476
204.5	-0.03080221	0.00137549
204.6	-0.03080221	0.0009365
204.7	-0.03077294	0.00061458
204.8	-0.03077294	0.00061458
204.9	-0.03080221	0.00061458
205	-0.03103634	0.00070238
205.1	-0.03109487	0.00081944
205.2	-0.03109487	0.00081944
205.3	-0.0311534	0.00081944
205.4	-0.0312412	0.00076091
205.5	-0.03121193	0.00081944
205.6	-0.03121193	0.00081944
205.7	-0.03121193	0.00081944
205.8	-0.0311534	0.00087797
205.9	-0.0312412	0.00087797
206	-0.03118266	0.00131696
206.1	-0.03121193	0.00125843
206.2	-0.03132899	0.00105357
206.3	-0.03132899	0.00105357
206.4	-0.03147532	0.00105357
206.5	-0.03153385	0.00117063
206.6	-0.03150459	0.00125843
206.7	-0.03150459	0.00125843
206.8	-0.03302641	0.00090724
206.9	-0.03375805	0.00081944
207	-0.03434337	0.00081944
207.1	-0.03349466	0.00070238
207.2	-0.0332898	0.00055605
207.3	-0.03326053	0.00049752
207.4	-0.03305567	0.00014633
207.5	-0.03302641	0.00014633
207.6	-0.03282155	0.00043899
207.7	-0.03280691	0.00043899
207.8	-0.03279228	0.00043899
207.9	-0.03285081	0.00043899
208	-0.03285081	0.00043899
208.1	-0.03285081	-0.00005853
208.2	-0.03290934	-0.00032192
208.3	-0.03331907	-0.00029266
208.4	-0.03331907	-0.00058532
208.5	-0.03372879	-0.00079018
208.6	-0.03367025	-0.00081944
208.7	-0.03323127	-0.00081944
208.8	-0.03308494	-0.00084871
208.9	-0.03314347	-0.00084871
209	-0.033202	-0.00087797
209.1	-0.03323127	-0.00079018
209.2	-0.03323127	-0.00079018
209.3	-0.03323127	-0.00070238
209.4	-0.03323127	-0.00070238
209.5	-0.03331907	-0.00070238
209.6	-0.03343613	-0.00099504
209.7	-0.03390438	-0.0010243
209.8	-0.03405071	-0.00099504
209.9	-0.0342263	-0.00099504
210	-0.03419704	-0.00090724
210.1	-0.03402144	-0.00079018
210.2	-0.03381658	-0.00099504
210.3	-0.03381658	-0.00122916
210.4	-0.03413851	-0.0010243
210.5	-0.03419704	-0.00046825
210.6	-0.0343141	-0.00052678
210.7	-0.03405071	-0.00084871
210.8	-0.03405071	-0.00108283
210.9	-0.03437263	-0.00105357
211	-0.0344897	-0.0010243
211.1	-0.0343141	-0.00087797
211.2	-0.03419704	-0.00076091
211.3	-0.03443116	-0.00087797
211.4	-0.03495795	-0.00084871
211.5	-0.03495795	-0.00084871
211.6	-0.03495795	-0.00087797
211.7	-0.03489942	-0.00122916
211.8	-0.03527987	-0.00137549
211.9	-0.03539693	-0.0011999
212	-0.03545547	-0.00096577
212.1	-0.03507501	-0.0009365
212.2	-0.03495795	-0.0009365
212.3	-0.03527987	-0.00064385
212.4	-0.03548473	-0.00052678
212.5	-0.03566033	-0.00043899
212.6	-0.03574812	-0.00032192
212.7	-0.03510428	-0.00043899
212.8	-0.03463602	-0.00046825
212.9	-0.03463602	-0.00029266
213	-0.03513354	-0.00011706
213.1	-0.03530914	-0.00061458
213.2	-0.03481162	-0.00067311
213.3	-0.03469456	-0.00061458
213.4	-0.03451896	-0.00046825
213.5	-0.03443116	-0.00023413
213.6	-0.03504574	-0.00029266
213.7	-0.03492868	-0.00064385
213.8	-0.03457749	-0.00061458
213.9	-0.0344897	-0.00049752
214	-0.03460676	-0.00134623
214.1	-0.03460676	-0.00140476
214.2	-0.03513354	-0.00163888
214.3	-0.03557253	-0.0021364
214.4	-0.03510428	-0.0022242
214.5	-0.03478562	-0.00187616
214.6	-0.03446696	-0.00152811
214.7	-0.0341483	-0.00118007
214.8	-0.03422206	-0.00132758
214.9	-0.03444332	-0.00132758
215	-0.03451707	-0.00132758
215.1	-0.03466458	-0.00140133
215.2	-0.03466458	-0.00140133
215.3	-0.03473834	-0.00147509
215.4	-0.03473834	-0.00154884
215.5	-0.03518086	-0.00184386
215.6	-0.03503335	-0.00147509
215.7	-0.03503335	-0.00140133
215.8	-0.03422206	-0.00095881
215.9	-0.03525462	-0.00073754
216	-0.03547588	-0.00073754
216.1	-0.03599216	-0.0008113
216.2	-0.03613967	-0.00095881
216.3	-0.03606592	-0.00118007
216.4	-0.03606592	-0.00118007
216.5	-0.03606592	-0.00118007
216.6	-0.03606592	-0.00118007
216.7	-0.03518086	-0.00132758
216.8	-0.03518086	-0.00132758
216.9	-0.03518086	-0.00132758
217	-0.03518086	-0.00132758
217.1	-0.03518086	-0.00110632
217.2	-0.03554964	-0.00103256
217.3	-0.03554964	-0.00103256
217.4	-0.03554964	-0.00110632
217.5	-0.03554964	-0.00132758
217.6	-0.03554964	-0.00132758
217.7	-0.03554964	-0.00132758
217.8	-0.03613967	-0.00191762
217.9	-0.03613967	-0.00213888
218	-0.03591841	-0.00213888
218.1	-0.03591841	-0.00213888
218.2	-0.03591841	-0.00213888
218.3	-0.03613967	-0.00213888
218.4	-0.0365822	-0.00221263
218.5	-0.0365822	-0.00221263
218.6	-0.0365822	-0.00221263
218.7	-0.03665595	-0.00250765
218.8	-0.03636093	-0.00258141
218.9	-0.03569714	-0.00250765
219	-0.03569714	-0.00250765
219.1	-0.03569714	-0.00250765
219.2	-0.03650844	-0.00206512
219.3	-0.03672971	-0.00199137
219.4	-0.03672971	-0.00199137
219.5	-0.03621343	-0.00191762
219.6	-0.03621343	-0.00191762
219.7	-0.03621343	-0.00191762
219.8	-0.03621343	-0.00191762
219.9	-0.03672971	-0.00177011
220	-0.03687721	-0.00258141
220.1	-0.03687721	-0.00258141
220.2	-0.03650844	-0.00265516
220.3	-0.03599216	-0.00280267
220.4	-0.03599216	-0.00265516
220.5	-0.03591841	-0.00258141
220.6	-0.03591841	-0.00258141
220.7	-0.03591841	-0.00250765
220.8	-0.03591841	-0.00250765
220.9	-0.03591841	-0.00250765
221	-0.03591841	-0.00250765
221.1	-0.03591841	-0.00250765
221.2	-0.03591841	-0.00250765
221.3	-0.03591841	-0.00250765
221.4	-0.03591841	-0.00250765
221.5	-0.03591841	-0.00250765
221.6	-0.03591841	-0.00250765
221.7	-0.03591841	-0.00250765
221.8	-0.03591841	-0.00250765
221.9	-0.03591841	-0.00250765
222	-0.0349596	-0.00331895
222.1	-0.03503335	-0.0033927
222.2	-0.03547588	-0.00361397
222.3	-0.03547588	-0.00361397
222.4	-0.03554964	-0.00317144
222.5	-0.0357709	-0.00317144
222.6	-0.0357709	-0.00317144
222.7	-0.0357709	-0.00317144
222.8	-0.03591841	-0.00361397
222.9	-0.03628718	-0.00346646
223	-0.03628718	-0.00346646
223.1	-0.03628718	-0.00346646
223.2	-0.03687721	-0.00361397
223.3	-0.03695097	-0.00368772
223.4	-0.03695097	-0.00368772
223.5	-0.03695097	-0.00368772
223.6	-0.03695097	-0.00368772
223.7	-0.03717223	-0.00361397
223.8	-0.03717223	-0.00361397
223.9	-0.03783602	-0.00317144
224	-0.03790978	-0.00258141
224.1	-0.03790978	-0.00258141
224.2	-0.03761476	-0.00258141
224.3	-0.03761476	-0.00258141
224.4	-0.03761476	-0.00258141
224.5	-0.03761476	-0.00258141
224.6	-0.03761476	-0.00265516
224.7	-0.03761476	-0.00265516
224.8	-0.03783602	-0.00265516
224.9	-0.0378729	-0.00261828
225	-0.03790978	-0.00258141
225.1	-0.03790978	-0.00258141
225.2	-0.03790978	-0.00258141
225.3	-0.03783602	-0.00258141
225.4	-0.03783602	-0.00265516
225.5	-0.03783602	-0.00265516
225.6	-0.03783602	-0.00265516
225.7	-0.03783602	-0.00265516
225.8	-0.03783602	-0.00265516
225.9	-0.03783602	-0.00265516
226	-0.03783602	-0.00265516
226.1	-0.03724599	-0.00309769
226.2	-0.03709848	-0.00309769
226.3	-0.03702472	-0.00250765
226.4	-0.03709848	-0.00265516
226.5	-0.03731974	-0.00265516
226.6	-0.0373935	-0.00265516
226.7	-0.0373935	-0.00265516
226.8	-0.03724599	-0.00272891
226.9	-0.037541	-0.00309769
227	-0.03761476	-0.00317144
227.1	-0.03761476	-0.00317144
227.2	-0.03761476	-0.00317144
227.3	-0.03702472	-0.00287642
227.4	-0.03672971	-0.00272891
227.5	-0.03672971	-0.00272891
227.6	-0.03717223	-0.00228639
227.7	-0.03672971	-0.00272891
227.8	-0.03650844	-0.00302393
227.9	-0.03650844	-0.00302393
228	-0.03672971	-0.00302393
228.1	-0.03695097	-0.00309769
228.2	-0.03695097	-0.00309769
228.3	-0.03687721	-0.0032452
228.4	-0.03687721	-0.0033927
228.5	-0.03724599	-0.0033927
228.6	-0.03731974	-0.00368772
228.7	-0.03724599	-0.00398274
228.8	-0.03724599	-0.00398274
228.9	-0.03702472	-0.00405649
229	-0.0365822	-0.00435151
229.1	-0.03672971	-0.00442527
229.2	-0.03672971	-0.00442527
229.3	-0.03672971	-0.00427776
229.4	-0.0365822	-0.00405649
229.5	-0.03650844	-0.004204
229.6	-0.03650844	-0.004204
229.7	-0.03650844	-0.004204
229.8	-0.03672971	-0.00427776
229.9	-0.03672971	-0.00435151
230	-0.03672971	-0.00435151
230.1	-0.03665595	-0.00442527
230.2	-0.03650844	-0.00435151
230.3	-0.03650844	-0.00435151
230.4	-0.03672971	-0.00427776
230.5	-0.03672971	-0.00427776
230.6	-0.03672971	-0.00427776
230.7	-0.03672971	-0.00427776
230.8	-0.03672971	-0.004204
230.9	-0.03672971	-0.004204
231	-0.03672971	-0.004204
231.1	-0.03672971	-0.00427776
231.2	-0.03650844	-0.00449902
231.3	-0.03643469	-0.00449902
231.4	-0.03643469	-0.00464653
231.5	-0.03643469	-0.00472028
231.6	-0.03650844	-0.00472028
231.7	-0.03650844	-0.00472028
231.8	-0.03650844	-0.00472028
231.9	-0.03643469	-0.00494155
232	-0.03628718	-0.00494155
232.1	-0.03621343	-0.00472028
232.2	-0.03621343	-0.00483092
232.3	-0.03621343	-0.00494155
232.4	-0.03621343	-0.00494155
232.5	-0.03621343	-0.00494155
232.6	-0.03621343	-0.00494155
232.7	-0.03621343	-0.00494155
232.8	-0.03621343	-0.00494155
232.9	-0.03621343	-0.00494155
233	-0.03621343	-0.00494155
233.1	-0.03621343	-0.00494155
233.2	-0.03650844	-0.00464653
233.3	-0.03672971	-0.00413025
233.4	-0.03672971	-0.00413025
233.5	-0.03665595	-0.00435151
233.6	-0.03665595	-0.00442527
233.7	-0.03650844	-0.00494155
233.8	-0.03636093	-0.00508906
233.9	-0.03628718	-0.00523657
234	-0.03621343	-0.00538407
234.1	-0.03606592	-0.00545783
234.2	-0.03606592	-0.00545783
234.3	-0.03643469	-0.00567909
234.4	-0.0365822	-0.00567909
234.5	-0.0365822	-0.00567909
234.6	-0.03643469	-0.00567909
234.7	-0.0365822	-0.00567909
234.8	-0.03665595	-0.00531032
234.9	-0.03665595	-0.00553158
235	-0.03665595	-0.00567909
235.1	-0.03650844	-0.00567909
235.2	-0.03650844	-0.00567909
235.3	-0.03665595	-0.00567909
235.4	-0.03665595	-0.00567909
235.5	-0.03709848	-0.00567909
235.6	-0.03709848	-0.00567909
235.7	-0.03724599	-0.00545783
235.8	-0.03724599	-0.00545783
235.9	-0.03717223	-0.00545783
236	-0.03731974	-0.00604786
236.1	-0.03731974	-0.00604786
236.2	-0.03731974	-0.00538407
236.3	-0.03731974	-0.00523657
236.4	-0.03680346	-0.00516281
236.5	-0.03680346	-0.00516281
236.6	-0.03680346	-0.0050153
236.7	-0.03687721	-0.00486779
236.8	-0.03695097	-0.00486779
236.9	-0.03695097	-0.00486779
237	-0.03665595	-0.00479404
237.1	-0.03665595	-0.00479404
237.2	-0.03665595	-0.00472028
237.3	-0.03731974	-0.00383523
237.4	-0.03680346	-0.00442527
237.5	-0.03680346	-0.00442527
237.6	-0.03680346	-0.00486779
237.7	-0.03680346	-0.00486779
237.8	-0.03591841	-0.00486779
237.9	-0.03554964	-0.00486779
238	-0.03554964	-0.00479404
238.1	-0.03554964	-0.00479404
238.2	-0.03547588	-0.00427776
238.3	-0.03547588	-0.00427776
238.4	-0.03547588	-0.00427776
238.5	-0.03547588	-0.00427776
238.6	-0.03613967	-0.004204
238.7	-0.03621343	-0.004204
238.8	-0.0365822	-0.00442527
238.9	-0.0365822	-0.00442527
239	-0.03665595	-0.00449902
239.1	-0.03702472	-0.00479404
239.2	-0.03702472	-0.00472028
239.3	-0.03680346	-0.00472028
239.4	-0.03650844	-0.00472028
239.5	-0.03650844	-0.00472028
239.6	-0.0365822	-0.00435151
239.7	-0.0365822	-0.00435151
239.8	-0.03665595	-0.00449902
239.9	-0.03680346	-0.00457278
240	-0.03687721	-0.00457278
240.1	-0.03702472	-0.00449902
240.2	-0.03702472	-0.00449902
240.3	-0.03702472	-0.00449902
240.4	-0.03702472	-0.00449902
240.5	-0.03813104	-0.00464653
240.6	-0.03813104	-0.00464653
240.7	-0.03798353	-0.00472028
240.8	-0.03798353	-0.00472028
240.9	-0.03776227	-0.00457278
241	-0.03776227	-0.00449902
241.1	-0.03776227	-0.00449902
241.2	-0.03805729	-0.00435151
241.3	-0.03805729	-0.00435151
241.4	-0.03813104	-0.00435151
241.5	-0.03813104	-0.00435151
241.6	-0.03805729	-0.00486779
241.7	-0.03805729	-0.00494155
241.8	-0.03805729	-0.00494155
241.9	-0.03768851	-0.0050153
242	-0.03731974	-0.00508906
242.1	-0.03724599	-0.00567909
242.2	-0.03724599	-0.00567909
242.3	-0.03724599	-0.00567909
242.4	-0.03724599	-0.00567909
242.5	-0.03724599	-0.00567909
242.6	-0.03702472	-0.00575285
242.7	-0.03680346	-0.0058266
242.8	-0.03680346	-0.0058266
242.9	-0.03650844	-0.00545783
243	-0.03650844	-0.00545783
243.1	-0.03650844	-0.00545783
243.2	-0.03650844	-0.00545783
243.3	-0.03650844	-0.00545783
243.4	-0.03650844	-0.00545783
243.5	-0.03650844	-0.00545783
243.6	-0.03650844	-0.00545783
243.7	-0.03650844	-0.00545783
243.8	-0.03650844	-0.00545783
243.9	-0.03650844	-0.00545783
244	-0.03672971	-0.00545783
244.1	-0.03672971	-0.00545783
244.2	-0.03672971	-0.00545783
244.3	-0.03687721	-0.00567909
244.4	-0.03702472	-0.00567909
244.5	-0.03702472	-0.00567909
244.6	-0.03746725	-0.00553158
244.7	-0.03746725	-0.00553158
244.8	-0.03746725	-0.00553158
244.9	-0.0373935	-0.00597411
245	-0.03709848	-0.00612162
245.1	-0.03672971	-0.00612162
245.2	-0.03650844	-0.00575285
245.3	-0.03647157	-0.00564221
245.4	-0.03643469	-0.00553158
245.5	-0.03643469	-0.00553158
245.6	-0.03650844	-0.00516281
245.7	-0.03650844	-0.00516281
245.8	-0.03650844	-0.00516281
245.9	-0.03650844	-0.00538407
246	-0.0365822	-0.00523657
246.1	-0.03650844	-0.00523657
246.2	-0.03650844	-0.00523657
246.3	-0.03650844	-0.00523657
246.4	-0.03636093	-0.00531032
246.5	-0.03591841	-0.00538407
246.6	-0.03584465	-0.00538407
246.7	-0.03584465	-0.00538407
246.8	-0.03584465	-0.00538407
246.9	-0.03584465	-0.00538407
247	-0.03584465	-0.00538407
247.1	-0.03584465	-0.00538407
247.2	-0.03584465	-0.00538407
247.3	-0.03584465	-0.00538407
247.4	-0.03584465	-0.00538407
247.5	-0.03584465	-0.00538407
247.6	-0.03584465	-0.00538407
247.7	-0.03584465	-0.00538407
247.8	-0.03584465	-0.00538407
247.9	-0.03569714	-0.00538407
248	-0.03547588	-0.00479404
248.1	-0.0357709	-0.00457278
248.2	-0.03613967	-0.00442527
248.3	-0.03613967	-0.00442527
248.4	-0.0357709	-0.00449902
248.5	-0.03532837	-0.00405649
248.6	-0.03532837	-0.00413025
248.7	-0.03532837	-0.004204
248.8	-0.03532837	-0.004204
248.9	-0.03532837	-0.004204
249	-0.03532837	-0.004204
249.1	-0.03547588	-0.00427776
249.2	-0.03599216	-0.00442527
249.3	-0.03591841	-0.00479404
249.4	-0.03591841	-0.00486779
249.5	-0.03591841	-0.00486779
249.6	-0.03606592	-0.00486779
249.7	-0.03606592	-0.00486779
249.8	-0.03606592	-0.00486779
249.9	-0.03643469	-0.00479404
250	-0.0365822	-0.00479404
250.1	-0.0365822	-0.00479404
250.2	-0.03665595	-0.00472028
250.3	-0.03665595	-0.00472028
250.4	-0.03665595	-0.00464653
250.5	-0.03665595	-0.00464653
250.6	-0.03665595	-0.00464653
250.7	-0.03665595	-0.00464653
250.8	-0.03665595	-0.00464653
250.9	-0.03672971	-0.00464653
251	-0.03672971	-0.00464653
251.1	-0.03672971	-0.00457278
251.2	-0.03695097	-0.00597411
251.3	-0.03695097	-0.00612162
251.4	-0.03695097	-0.00612162
251.5	-0.03695097	-0.00612162
251.6	-0.03695097	-0.00612162
251.7	-0.03731974	-0.00612162
251.8	-0.03724599	-0.00685916
251.9	-0.03709848	-0.00693292
252	-0.03680346	-0.00678541
252.1	-0.03702472	-0.0066379
252.2	-0.03709848	-0.00685916
252.3	-0.03731974	-0.00693292
252.4	-0.03813104	-0.0066379
252.5	-0.03768851	-0.0066379
252.6	-0.03768851	-0.0066379
252.7	-0.03768851	-0.0066379
252.8	-0.03768851	-0.0066379
252.9	-0.03768851	-0.0066379
253	-0.03768851	-0.0066379
253.1	-0.03768851	-0.0066379
253.2	-0.03768851	-0.00759671
253.3	-0.03746725	-0.00774422
253.4	-0.03731974	-0.00737544
253.5	-0.03731974	-0.00737544
253.6	-0.03731974	-0.00737544
253.7	-0.03731974	-0.00737544
253.8	-0.03731974	-0.00737544
253.9	-0.03731974	-0.00737544
254	-0.03731974	-0.00737544
254.1	-0.03761476	-0.00656414
254.2	-0.03761476	-0.00649039
254.3	-0.0373935	-0.00649039
254.4	-0.03687721	-0.00641664
254.5	-0.03805729	-0.00641664
254.6	-0.03805729	-0.00656414
254.7	-0.03790978	-0.00671165
254.8	-0.03768851	-0.00693292
254.9	-0.037541	-0.00715418
255	-0.03746725	-0.00730169
255.1	-0.0373935	-0.00767046
255.2	-0.03650844	-0.00708043
255.3	-0.03650844	-0.00700667
255.4	-0.03650844	-0.00700667
255.5	-0.03680346	-0.00678541
255.6	-0.03687721	-0.00678541
255.7	-0.03687721	-0.00678541
255.8	-0.03709848	-0.00685916
255.9	-0.03731974	-0.00685916
256	-0.03731974	-0.00693292
256.1	-0.03724599	-0.00722793
256.2	-0.03724599	-0.00730169
256.3	-0.03731974	-0.00767046
256.4	-0.03709848	-0.00789172
256.5	-0.03746725	-0.00759671
256.6	-0.03768851	-0.0074492
256.7	-0.03776227	-0.0074492
256.8	-0.03783602	-0.00767046
256.9	-0.03790978	-0.00767046
257	-0.03798353	-0.00781797
257.1	-0.0383523	-0.00781797
257.2	-0.03872108	-0.00789172
257.3	-0.03872108	-0.00789172
257.4	-0.03879483	-0.00759671
257.5	-0.03849981	-0.00752295
257.6	-0.03842606	-0.00796548
257.7	-0.03938487	-0.00796548
257.8	-0.03938487	-0.00796548
257.9	-0.03938487	-0.00796548
258	-0.03960613	-0.00774422
258.1	-0.03975364	-0.00752295
258.2	-0.03931111	-0.00715418
258.3	-0.03908985	-0.00730169
258.4	-0.03879483	-0.00767046
258.5	-0.03879483	-0.00767046
258.6	-0.03879483	-0.00759671
258.7	-0.03879483	-0.00752295
258.8	-0.03827855	-0.00715418
258.9	-0.03813104	-0.00759671
259	-0.0383523	-0.00767046
259.1	-0.03864732	-0.00774422
259.2	-0.03864732	-0.00774422
259.3	-0.03864732	-0.00774422
259.4	-0.03864732	-0.00774422
259.5	-0.03864732	-0.00796548
259.6	-0.03908985	-0.00796548
259.7	-0.03931111	-0.00789172
259.8	-0.03908985	-0.00877678
259.9	-0.0391636	-0.0090718
260	-0.0391636	-0.0090718
260.1	-0.0391636	-0.0090718
260.2	-0.0391636	-0.0090718
260.3	-0.0391636	-0.00840801
260.4	-0.0391636	-0.00840801
260.5	-0.03908985	-0.00877678
260.6	-0.03879483	-0.00899804
260.7	-0.03879483	-0.00899804
260.8	-0.03879483	-0.00877678
260.9	-0.03872108	-0.00899804
261	-0.03901609	-0.0092193
261.1	-0.03931111	-0.00929306
261.2	-0.04019616	-0.00885053
261.3	-0.03960613	-0.00929306
261.4	-0.04041743	-0.00958808
261.5	-0.04034352	-0.00930383
261.6	-0.04026961	-0.00901959
261.7	-0.0401957	-0.00873534
261.8	-0.04019999	-0.00952451
261.9	-0.04019999	-0.00952451
262	-0.04019999	-0.00952451
262.1	-0.04019999	-0.00952451
262.2	-0.04046274	-0.00952451
262.3	-0.04046274	-0.00952451
262.4	-0.04046274	-0.00952451
262.5	-0.04046274	-0.00952451
262.6	-0.04052843	-0.00926176
262.7	-0.04052843	-0.00926176
262.8	-0.04052843	-0.00926176
262.9	-0.04052843	-0.00926176
263	-0.04098823	-0.00926176
263.1	-0.04151372	-0.00932745
263.2	-0.04151372	-0.00932745
263.3	-0.04151372	-0.00932745
263.4	-0.04151372	-0.00932745
263.5	-0.04151372	-0.00932745
263.6	-0.04144803	-0.00932745
263.7	-0.04125097	-0.00939314
263.8	-0.04125097	-0.00932745
263.9	-0.04125097	-0.00932745
264	-0.04125097	-0.00932745
264.1	-0.04125097	-0.00932745
264.2	-0.04125097	-0.00932745
264.3	-0.04125097	-0.00932745
264.4	-0.04125097	-0.00932745
264.5	-0.04125097	-0.00932745
264.6	-0.04125097	-0.00932745
264.7	-0.04125097	-0.00932745
264.8	-0.04125097	-0.00932745
264.9	-0.04059411	-0.00932745
265	-0.04046274	-0.00926176
265.1	-0.04046274	-0.00926176
265.2	-0.04125097	-0.00926176
265.3	-0.04125097	-0.00926176
265.4	-0.04118529	-0.00926176
265.5	-0.04118529	-0.00926176
265.6	-0.04079117	-0.00919608
265.7	-0.04079117	-0.00919608
265.8	-0.04079117	-0.00919608
265.9	-0.04079117	-0.00919608
266	-0.04079117	-0.00919608
266.1	-0.04079117	-0.00919608
266.2	-0.04079117	-0.00919608
266.3	-0.04079117	-0.00919608
266.4	-0.04079117	-0.00919608
266.5	-0.04079117	-0.00919608
266.6	-0.04079117	-0.00919608
266.7	-0.04079117	-0.00919608
266.8	-0.0406598	-0.00965588
266.9	-0.04013431	-0.01011568
267	-0.03947745	-0.01011568
267.1	-0.03947745	-0.01011568
267.2	-0.04046274	-0.00913039
267.3	-0.04046274	-0.00952451
267.4	-0.04026568	-0.00972157
267.5	-0.04026568	-0.00965588
267.6	-0.04006862	-0.00965588
267.7	-0.03987156	-0.0095902
267.8	-0.03987156	-0.0095902
267.9	-0.03987156	-0.0095902
268	-0.03987156	-0.0095902
268.1	-0.03987156	-0.0095902
268.2	-0.03987156	-0.0095902
268.3	-0.04013431	-0.00886765
268.4	-0.04013431	-0.00886765
268.5	-0.03993725	-0.00886765
268.6	-0.03980588	-0.00893333
268.7	-0.03980588	-0.00893333
268.8	-0.03974019	-0.00906471
268.9	-0.0396745	-0.00906471
269	-0.0396745	-0.00906471
269.1	-0.03941176	-0.00926176
269.2	-0.03941176	-0.00926176
269.3	-0.03947745	-0.0086049
269.4	-0.03947745	-0.0086049
269.5	-0.03947745	-0.0086049
269.6	-0.03947745	-0.0086049
269.7	-0.03947745	-0.0086049
269.8	-0.04026568	-0.00794804
269.9	-0.04013431	-0.00781667
270	-0.03993725	-0.00775098
270.1	-0.04000294	-0.00788235
270.2	-0.0396745	-0.00788235
270.3	-0.0396745	-0.00788235
270.4	-0.0396745	-0.00788235
270.5	-0.03947745	-0.00807941
270.6	-0.03895196	-0.00853922
270.7	-0.03882058	-0.00880196
270.8	-0.0387549	-0.00880196
270.9	-0.03868921	-0.00880196
271	-0.03862352	-0.00834216
271.1	-0.03862352	-0.00834216
271.2	-0.03862352	-0.00834216
271.3	-0.03862352	-0.00834216
271.4	-0.03855784	-0.00880196
271.5	-0.03842647	-0.00906471
271.6	-0.03803235	-0.00886765
271.7	-0.03809803	-0.00853922
271.8	-0.03809803	-0.00847353
271.9	-0.03770392	-0.00794804
272	-0.03770392	-0.00794804
272.1	-0.0377696	-0.00775098
272.2	-0.03770392	-0.00821078
272.3	-0.03763823	-0.00840784
272.4	-0.03757254	-0.00834216
272.5	-0.03750686	-0.00821078
272.6	-0.03744117	-0.00821078
272.7	-0.03717843	-0.00781667
272.8	-0.03685	-0.00735686
272.9	-0.03665294	-0.00761961
273	-0.03652156	-0.00755392
273.1	-0.03658725	-0.00702843
273.2	-0.03691568	-0.00689706
273.3	-0.03757254	-0.00663431
273.4	-0.03763823	-0.00709412
273.5	-0.03671862	-0.00709412
273.6	-0.03717843	-0.00702843
273.7	-0.0373098	-0.00709412
273.8	-0.03763211	-0.00729283
273.9	-0.03795443	-0.00749155
274	-0.03737497	-0.00732599
274.1	-0.03720941	-0.00732599
274.2	-0.03720941	-0.00732599
274.3	-0.03778887	-0.00724321
274.4	-0.03778887	-0.00724321
274.5	-0.03754053	-0.00724321
274.6	-0.03671273	-0.00790545
274.7	-0.03671273	-0.00823657
274.8	-0.03687829	-0.00840213
274.9	-0.03704385	-0.00848491
275	-0.03729219	-0.00881602
275.1	-0.03729219	-0.00881602
275.2	-0.03729219	-0.00881602
275.3	-0.03712663	-0.00881602
275.4	-0.03712663	-0.00881602
275.5	-0.03712663	-0.00947826
275.6	-0.03712663	-0.00947826
275.7	-0.03712663	-0.00947826
275.8	-0.03704385	-0.00947826
275.9	-0.03770609	-0.0097266
276	-0.03811999	-0.00980938
276.1	-0.03811999	-0.00980938
276.2	-0.03770609	-0.00989216
276.3	-0.03770609	-0.00989216
276.4	-0.03770609	-0.00989216
276.5	-0.03770609	-0.00989216
276.6	-0.03770609	-0.00989216
276.7	-0.03770609	-0.00989216
276.8	-0.03770609	-0.00989216
276.9	-0.03770609	-0.00989216
277	-0.03770609	-0.00989216
277.1	-0.03770609	-0.00989216
277.2	-0.03754053	-0.01022328
277.3	-0.03754053	-0.010513
277.4	-0.03754053	-0.01080273
277.5	-0.03754053	-0.01080273
277.6	-0.03811999	-0.01071995
277.7	-0.03811999	-0.01071995
277.8	-0.03811999	-0.01071995
277.9	-0.03811999	-0.01071995
278	-0.03811999	-0.01071995
278.1	-0.03811999	-0.01071995
278.2	-0.03811999	-0.01071995
278.3	-0.03811999	-0.01071995
278.4	-0.0384511	-0.01096829
278.5	-0.0384511	-0.01096829
278.6	-0.0384511	-0.01096829
278.7	-0.0384511	-0.01096829
278.8	-0.03795443	-0.01096829
278.9	-0.03762331	-0.01080273
279	-0.03762331	-0.01080273
279.1	-0.03737497	-0.01080273
279.2	-0.03679551	-0.01096829
279.3	-0.03671273	-0.01105107
279.4	-0.03671273	-0.01113385
279.5	-0.03704385	-0.01121663
279.6	-0.03704385	-0.01121663
279.7	-0.03704385	-0.01121663
279.8	-0.03704385	-0.01121663
279.9	-0.03704385	-0.01121663
280	-0.03704385	-0.01121663
280.1	-0.03704385	-0.01121663
280.2	-0.03704385	-0.01121663
280.3	-0.03704385	-0.01121663
280.4	-0.03704385	-0.01121663
280.5	-0.03704385	-0.01121663
280.6	-0.03704385	-0.01146497
280.7	-0.03704385	-0.01154775
280.8	-0.03704385	-0.01187887
280.9	-0.03704385	-0.01187887
281	-0.03704385	-0.01196165
281.1	-0.03687829	-0.01179609
281.2	-0.03720941	-0.01163053
281.3	-0.03720941	-0.01171331
281.4	-0.03720941	-0.01171331
281.5	-0.03720941	-0.01171331
281.6	-0.03720941	-0.01171331
281.7	-0.03720941	-0.01171331
281.8	-0.03712663	-0.01196165
281.9	-0.03712663	-0.01196165
282	-0.03712663	-0.01196165
282.1	-0.03712663	-0.01196165
282.2	-0.03712663	-0.01196165
282.3	-0.03712663	-0.01196165
282.4	-0.03712663	-0.01196165
282.5	-0.03712663	-0.01196165
282.6	-0.03712663	-0.01196165
282.7	-0.03712663	-0.01196165
282.8	-0.03687829	-0.01196165
282.9	-0.03662995	-0.01237554
283	-0.03621606	-0.01245832
283.1	-0.03621606	-0.01245832
283.2	-0.03638162	-0.01204443
283.3	-0.0364644	-0.01204443
283.4	-0.03671273	-0.01196165
283.5	-0.03671273	-0.01196165
283.6	-0.03654718	-0.01196165
283.7	-0.03654718	-0.01196165
283.8	-0.03654718	-0.01196165
283.9	-0.03654718	-0.01187887
284	-0.03654718	-0.01187887
284.1	-0.03621606	-0.01229276
284.2	-0.0360505	-0.01237554
284.3	-0.0360505	-0.01237554
284.4	-0.0360505	-0.01237554
284.5	-0.03613328	-0.01245832
284.6	-0.03671273	-0.01278944
284.7	-0.03671273	-0.01278944
284.8	-0.03671273	-0.01278944
284.9	-0.03671273	-0.01278944
285	-0.03654718	-0.01278944
285.1	-0.03629884	-0.01278944
285.2	-0.03629884	-0.01278944
285.3	-0.03629884	-0.01237554
285.4	-0.03621606	-0.01229276
285.5	-0.0360505	-0.01204443
285.6	-0.03596772	-0.01187887
285.7	-0.0356366	-0.01154775
285.8	-0.0356366	-0.01154775
285.9	-0.03621606	-0.01129941
286	-0.0360505	-0.01105107
286.1	-0.0360505	-0.01105107
286.2	-0.0360505	-0.01105107
286.3	-0.03613328	-0.01088551
286.4	-0.0360505	-0.01088551
286.5	-0.0360505	-0.01088551
286.6	-0.0360505	-0.01088551
286.7	-0.0360505	-0.01088551
286.8	-0.0360505	-0.01088551
286.9	-0.03638162	-0.01096829
287	-0.03687829	-0.01163053
287.1	-0.03696107	-0.01179609
287.2	-0.03696107	-0.01179609
287.3	-0.03696107	-0.01179609
287.4	-0.03696107	-0.01163053
287.5	-0.03712663	-0.01146497
287.6	-0.03712663	-0.01146497
287.7	-0.03712663	-0.01146497
287.8	-0.03712663	-0.01146497
287.9	-0.03712663	-0.01146497
288	-0.03712663	-0.01146497
288.1	-0.03712663	-0.01146497
288.2	-0.03712663	-0.01138219
288.3	-0.03778887	-0.01138219
288.4	-0.03778887	-0.01129941
288.5	-0.03778887	-0.01129941
288.6	-0.03778887	-0.01129941
288.7	-0.03778887	-0.01129941
288.8	-0.03778887	-0.01163053
288.9	-0.03778887	-0.01171331
289	-0.03778887	-0.01171331
289.1	-0.03778887	-0.01171331
289.2	-0.03795443	-0.01229276
289.3	-0.03795443	-0.01262388
289.4	-0.03795443	-0.01320334
289.5	-0.03795443	-0.01312056
289.6	-0.03795443	-0.01312056
289.7	-0.03811999	-0.01303778
289.8	-0.03828555	-0.01303778
289.9	-0.0384511	-0.01303778
290	-0.0384511	-0.01303778
290.1	-0.0384511	-0.01303778
290.2	-0.0384511	-0.01303778
290.3	-0.0384511	-0.01303778
290.4	-0.0384511	-0.01303778
290.5	-0.0384511	-0.01303778
290.6	-0.0384511	-0.01303778
290.7	-0.0384511	-0.01303778
290.8	-0.0384511	-0.01303778
290.9	-0.0384511	-0.01303778
291	-0.03911334	-0.01345168
291.1	-0.03919612	-0.01345168
291.2	-0.0392789	-0.01345168
291.3	-0.0392789	-0.01312056
291.4	-0.0392789	-0.01312056
291.5	-0.0392789	-0.01312056
291.6	-0.0392789	-0.01312056
291.7	-0.0392789	-0.01312056
291.8	-0.0392789	-0.01312056
291.9	-0.0392789	-0.01312056
292	-0.0392789	-0.01312056
292.1	-0.0392789	-0.01312056
292.2	-0.0392789	-0.01312056
292.3	-0.0392789	-0.01312056
292.4	-0.0392789	-0.01312056
292.5	-0.0392789	-0.01312056
292.6	-0.0392789	-0.01312056
292.7	-0.0392789	-0.01312056
292.8	-0.0392789	-0.01312056
292.9	-0.0392789	-0.01312056
293	-0.0392789	-0.01312056
293.1	-0.0392789	-0.01312056
293.2	-0.0392789	-0.01312056
293.3	-0.0392789	-0.01312056
293.4	-0.03894778	-0.01394836
293.5	-0.03894778	-0.01394836
293.6	-0.03878222	-0.01403114
293.7	-0.03878222	-0.01403114
293.8	-0.03861666	-0.01403114
293.9	-0.03861666	-0.01403114
294	-0.03861666	-0.01411391
294.1	-0.03869944	-0.01419669
294.2	-0.03869944	-0.01419669
294.3	-0.038865	-0.01444503
294.4	-0.0384511	-0.01436225
294.5	-0.0384511	-0.01436225
294.6	-0.0384511	-0.01436225
294.7	-0.0384511	-0.01436225
294.8	-0.0384511	-0.01436225
294.9	-0.0384511	-0.01436225
295	-0.0384511	-0.01436225
295.1	-0.03820277	-0.01452781
295.2	-0.03820277	-0.01452781
295.3	-0.03787165	-0.01477615
295.4	-0.03737497	-0.01502449
295.5	-0.03720941	-0.01485893
295.6	-0.03720941	-0.01477615
295.7	-0.03762331	-0.01477615
295.8	-0.03778887	-0.01535561
295.9	-0.03778887	-0.01535561
296	-0.03778887	-0.01535561
296.1	-0.03737497	-0.01519005
296.2	-0.03737497	-0.01519005
296.3	-0.03737497	-0.01502449
296.4	-0.03737497	-0.01502449
296.5	-0.03737497	-0.01502449
296.6	-0.03704385	-0.01535561
296.7	-0.03696107	-0.01543839
296.8	-0.03696107	-0.01552117
296.9	-0.03696107	-0.01552117
297	-0.03687829	-0.01560395
297.1	-0.03687829	-0.01560395
297.2	-0.03687829	-0.01560395
297.3	-0.03679551	-0.01568673
297.4	-0.03621606	-0.01585229
297.5	-0.03621606	-0.01585229
297.6	-0.03621606	-0.01585229
297.7	-0.03613328	-0.01560395
297.8	-0.03613328	-0.01552117
297.9	-0.03613328	-0.01552117
298	-0.03613328	-0.01552117
298.1	-0.0364644	-0.01552117
298.2	-0.03613328	-0.01543839
298.3	-0.0356366	-0.01485893
298.4	-0.03555382	-0.01436225
298.5	-0.03555382	-0.01436225
298.6	-0.03555382	-0.01419669
298.7	-0.03555382	-0.01419669
298.8	-0.03456047	-0.01411391
298.9	-0.03497436	-0.01419669
299	-0.03497436	-0.01419669
299.1	-0.03505714	-0.01419669
299.2	-0.03513992	-0.01419669
299.3	-0.03513992	-0.01419669
299.4	-0.03555382	-0.01361724
299.5	-0.03530548	-0.01353446
299.6	-0.03547104	-0.01345168
299.7	-0.03596772	-0.01262388
299.8	-0.03596772	-0.01262388
299.9	-0.03580216	-0.01303778
