0	0.01741584	0.00808095
0.1	0.01769449	0.0083596
0.2	0.01769449	0.0083596
0.3	0.01760161	0.0083596
0.4	0.01685853	0.00919556
0.5	0.01685853	0.00919556
0.6	0.01685853	0.00919556
0.7	0.01685853	0.00919556
0.8	0.01732296	0.00854537
0.9	0.01797315	0.00891691
1	0.01788026	0.00891691
1.1	0.01741584	0.00910268
1.2	0.01750873	0.00919556
1.3	0.01676565	0.00910268
1.4	0.0170443	0.00910268
1.5	0.0170443	0.00919556
1.6	0.0170443	0.00938133
1.7	0.0170443	0.00891691
1.8	0.0170443	0.00891691
1.9	0.0170443	0.00891691
2	0.01713719	0.0083596
2.1	0.01713719	0.0083596
2.2	0.01685853	0.0083596
2.3	0.01676565	0.00993864
2.4	0.01676565	0.00993864
2.5	0.01676565	0.00984576
2.6	0.01657988	0.00910268
2.7	0.01657988	0.00910268
2.8	0.01667277	0.00910268
2.9	0.01667277	0.00910268
3	0.01723007	0.00910268
3.1	0.01713719	0.00891691
3.2	0.0170443	0.00891691
3.3	0.01602257	0.00863826
3.4	0.01592969	0.00863826
3.5	0.01611546	0.00854537
3.6	0.016487	0.00854537
3.7	0.016487	0.00854537
3.8	0.016487	0.00854537
3.9	0.01602257	0.00854537
4	0.01602257	0.00854537
4.1	0.01602257	0.00854537
4.2	0.01602257	0.00854537
4.3	0.01602257	0.00854537
4.4	0.01611546	0.00854537
4.5	0.01574392	0.00891691
4.6	0.01611546	0.00891691
4.7	0.01611546	0.00891691
4.8	0.01611546	0.00891691
4.9	0.01611546	0.00891691
5	0.01611546	0.00938133
5.1	0.01555815	0.00938133
5.2	0.01555815	0.00938133
5.3	0.01555815	0.00938133
5.4	0.0158368	0.00882403
5.5	0.01602257	0.00882403
5.6	0.01602257	0.00919556
5.7	0.01602257	0.00919556
5.8	0.016487	0.00919556
5.9	0.016487	0.00919556
6	0.01667277	0.0090098
6.1	0.01723007	0.00891691
6.2	0.01723007	0.00882403
6.3	0.01732296	0.00882403
6.4	0.01797315	0.00845249
6.5	0.01797315	0.0083596
6.6	0.01797315	0.00845249
6.7	0.01723007	0.00928845
6.8	0.01723007	0.00873114
6.9	0.01723007	0.00863826
7	0.01723007	0.00863826
7.1	0.01723007	0.00863826
7.2	0.01750873	0.00863826
7.3	0.01797315	0.00863826
7.4	0.01797315	0.00873114
7.5	0.01797315	0.00873114
7.6	0.01834469	0.00882403
7.7	0.01834469	0.00928845
7.8	0.01778738	0.00928845
7.9	0.01778738	0.00919556
8	0.01778738	0.00919556
8.1	0.01778738	0.00928845
8.2	0.01778738	0.00938133
8.3	0.01778738	0.00938133
8.4	0.01788026	0.00928845
8.5	0.01788026	0.00928845
8.6	0.01788026	0.00928845
8.7	0.01788026	0.00928845
8.8	0.01788026	0.00928845
8.9	0.01871622	0.00919556
9	0.01806603	0.00891691
9.1	0.01806603	0.00891691
9.2	0.01806603	0.00891691
9.3	0.01806603	0.00891691
9.4	0.01806603	0.00891691
9.5	0.01806603	0.00910268
9.6	0.01806603	0.01012441
9.7	0.01806603	0.01012441
9.8	0.01834469	0.01012441
9.9	0.01834469	0.01012441
10	0.01834469	0.01003152
10.1	0.01843757	0.00910268
10.2	0.01843757	0.00910268
10.3	0.01843757	0.00910268
10.4	0.01843757	0.00910268
10.5	0.01843757	0.00984576
10.6	0.01834469	0.00984576
10.7	0.01834469	0.00984576
10.8	0.01834469	0.00984576
10.9	0.01834469	0.00984576
11	0.01741584	0.00984576
11.1	0.01741584	0.00984576
11.2	0.01741584	0.00984576
11.3	0.01741584	0.00984576
11.4	0.01741584	0.00984576
11.5	0.01732296	0.00947422
11.6	0.01713719	0.00919556
11.7	0.01713719	0.00919556
11.8	0.01713719	0.00919556
11.9	0.01723007	0.00882403
12	0.01723007	0.00873114
12.1	0.01723007	0.00873114
12.2	0.01723007	0.00817384
12.3	0.01723007	0.00808095
12.4	0.01723007	0.00808095
12.5	0.01723007	0.00808095
12.6	0.01723007	0.00808095
12.7	0.01778738	0.00808095
12.8	0.01788026	0.00798807
12.9	0.01788026	0.00798807
13	0.016487	0.00798807
13.1	0.01620834	0.00817384
13.2	0.01723007	0.00826672
13.3	0.01723007	0.00826672
13.4	0.01723007	0.00826672
13.5	0.01760161	0.00826672
13.6	0.01760161	0.00826672
13.7	0.01760161	0.00826672
13.8	0.01732296	0.00826672
13.9	0.01741584	0.00826672
14	0.01741584	0.00826672
14.1	0.01750873	0.00789518
14.2	0.01750873	0.00789518
14.3	0.01750873	0.00789518
14.4	0.01695142	0.00798807
14.5	0.01667277	0.00798807
14.6	0.01667277	0.00798807
14.7	0.01667277	0.00761653
14.8	0.01667277	0.00761653
14.9	0.0170443	0.00789518
15	0.01592969	0.00770941
15.1	0.01592969	0.00770941
15.2	0.01592969	0.00770941
15.3	0.01676565	0.00770941
15.4	0.01676565	0.00770941
15.5	0.01676565	0.00770941
15.6	0.01676565	0.00770941
15.7	0.01676565	0.00770941
15.8	0.01676565	0.00770941
15.9	0.01732296	0.00789518
16	0.01741584	0.00770941
16.1	0.01760161	0.00770941
16.2	0.01806603	0.00696634
16.3	0.01843757	0.00687345
16.4	0.01843757	0.00696634
16.5	0.01815892	0.00705922
16.6	0.01769449	0.00789518
16.7	0.01769449	0.00789518
16.8	0.01750873	0.00789518
16.9	0.01695142	0.00817384
17	0.01695142	0.00817384
17.1	0.01695142	0.00817384
17.2	0.01695142	0.00808095
17.3	0.01741584	0.00826672
17.4	0.01732296	0.00826672
17.5	0.01741584	0.00965999
17.6	0.01741584	0.00947422
17.7	0.01741584	0.00947422
17.8	0.01741584	0.00947422
17.9	0.01732296	0.0090098
18	0.01732296	0.00891691
18.1	0.01732296	0.00910268
18.2	0.01723007	0.00910268
18.3	0.01723007	0.00910268
18.4	0.01723007	0.00910268
18.5	0.01723007	0.00863826
18.6	0.01723007	0.00910268
18.7	0.01723007	0.00910268
18.8	0.01723007	0.00910268
18.9	0.01723007	0.00910268
19	0.01639411	0.00882403
19.1	0.01602257	0.0090098
19.2	0.01630123	0.00910268
19.3	0.01630123	0.00910268
19.4	0.01630123	0.00910268
19.5	0.01630123	0.00910268
19.6	0.01630123	0.00882403
19.7	0.01630123	0.0083596
19.8	0.01657988	0.00891691
19.9	0.01657988	0.00891691
20	0.01657988	0.0090098
20.1	0.01657988	0.0090098
20.2	0.01657988	0.0090098
20.3	0.01657988	0.0090098
20.4	0.01657988	0.0090098
20.5	0.01657988	0.0090098
20.6	0.01657988	0.0090098
20.7	0.01657988	0.0090098
20.8	0.01685853	0.0090098
20.9	0.01685853	0.0090098
21	0.01685853	0.0090098
21.1	0.01685853	0.00938133
21.2	0.01685853	0.00938133
21.3	0.01685853	0.00938133
21.4	0.01685853	0.00938133
21.5	0.01685853	0.00938133
21.6	0.01685853	0.00938133
21.7	0.01695142	0.00910268
21.8	0.0170443	0.0090098
21.9	0.0170443	0.0090098
22	0.0170443	0.00863826
22.1	0.0170443	0.00845249
22.2	0.01713719	0.0083596
22.3	0.01713719	0.0083596
22.4	0.01695142	0.00808095
22.5	0.01695142	0.00808095
22.6	0.01695142	0.00808095
22.7	0.01667277	0.00808095
22.8	0.01667277	0.00808095
22.9	0.01639411	0.00808095
23	0.01639411	0.00808095
23.1	0.01602257	0.00770941
23.2	0.01602257	0.00770941
23.3	0.01592969	0.00752364
23.4	0.01592969	0.00733787
23.5	0.01592969	0.00715211
23.6	0.01592969	0.00854537
23.7	0.01592969	0.00854537
23.8	0.01611546	0.00863826
23.9	0.01611546	0.00863826
24	0.01611546	0.00863826
24.1	0.01611546	0.00863826
24.2	0.01657988	0.00798807
24.3	0.01667277	0.00808095
24.4	0.01667277	0.00826672
24.5	0.01565104	0.0083596
24.6	0.01546527	0.00826672
24.7	0.01555815	0.00919556
24.8	0.01555815	0.00919556
24.9	0.01555815	0.00910268
25	0.01555815	0.00910268
25.1	0.01555815	0.00910268
25.2	0.01555815	0.00910268
25.3	0.01555815	0.00910268
25.4	0.01555815	0.00910268
25.5	0.0158368	0.00910268
25.6	0.01602257	0.00928845
25.7	0.01630123	0.00938133
25.8	0.01630123	0.00938133
25.9	0.01630123	0.00938133
26	0.01630123	0.00938133
26.1	0.01630123	0.00938133
26.2	0.01611546	0.00919556
26.3	0.01611546	0.00910268
26.4	0.01611546	0.00910268
26.5	0.01555815	0.00938133
26.6	0.01546527	0.00947422
26.7	0.01546527	0.00947422
26.8	0.01546527	0.00947422
26.9	0.01546527	0.00947422
27	0.01546527	0.00947422
27.1	0.01546527	0.00947422
27.2	0.01685853	0.0078023
27.3	0.01685853	0.00817384
27.4	0.01676565	0.00891691
27.5	0.01676565	0.00928845
27.6	0.0170443	0.00919556
27.7	0.0170443	0.00919556
27.8	0.01685853	0.00919556
27.9	0.01685853	0.00910268
28	0.01685853	0.00910268
28.1	0.01685853	0.00910268
28.2	0.01685853	0.00910268
28.3	0.01685853	0.00910268
28.4	0.01685853	0.00910268
28.5	0.01685853	0.00910268
28.6	0.01695142	0.00910268
28.7	0.01695142	0.00910268
28.8	0.01695142	0.00910268
28.9	0.01695142	0.00910268
29	0.01695142	0.00910268
29.1	0.01695142	0.00910268
29.2	0.01611546	0.00817384
29.3	0.01602257	0.00817384
29.4	0.01602257	0.00873114
29.5	0.01630123	0.00891691
29.6	0.01630123	0.00891691
29.7	0.01657988	0.00854537
29.8	0.01695142	0.00854537
29.9	0.01695142	0.00863826
30	0.01695142	0.0090098
30.1	0.01695142	0.0090098
30.2	0.01695142	0.0090098
30.3	0.01695142	0.00910268
30.4	0.01741584	0.00928845
30.5	0.01741584	0.00928845
30.6	0.01741584	0.00928845
30.7	0.01741584	0.00928845
30.8	0.01741584	0.00928845
30.9	0.01750873	0.00975287
31	0.01788026	0.01021729
31.1	0.01760161	0.01031018
31.2	0.01760161	0.01031018
31.3	0.01760161	0.01031018
31.4	0.01760161	0.01031018
31.5	0.01760161	0.01031018
31.6	0.01760161	0.01031018
31.7	0.01834469	0.01012441
31.8	0.01834469	0.01012441
31.9	0.01834469	0.01012441
32	0.01834469	0.01012441
32.1	0.01834469	0.01012441
32.2	0.0182518	0.01049595
32.3	0.01760161	0.01096037
32.4	0.01760161	0.01096037
32.5	0.01760161	0.01031018
32.6	0.01760161	0.01031018
32.7	0.01760161	0.01049595
32.8	0.01778738	0.01058883
32.9	0.01778738	0.01058883
33	0.01778738	0.01058883
33.1	0.01778738	0.01058883
33.2	0.01778738	0.01058883
33.3	0.01778738	0.01058883
33.4	0.01778738	0.01058883
33.5	0.01778738	0.01058883
33.6	0.01778738	0.01058883
33.7	0.01778738	0.01058883
33.8	0.01778738	0.01058883
33.9	0.01797315	0.01040306
34	0.01797315	0.01040306
34.1	0.01797315	0.01040306
34.2	0.01797315	0.01040306
34.3	0.01797315	0.01040306
34.4	0.01806603	0.01021729
34.5	0.01815892	0.01003152
34.6	0.01834469	0.00984576
34.7	0.01834469	0.00984576
34.8	0.01862334	0.00984576
34.9	0.01862334	0.00984576
35	0.01862334	0.00984576
35.1	0.01834469	0.00965999
35.2	0.01834469	0.0095671
35.3	0.01806603	0.01003152
35.4	0.0182518	0.01012441
35.5	0.01862334	0.00984576
35.6	0.01862334	0.00984576
35.7	0.01862334	0.00984576
35.8	0.01862334	0.00984576
35.9	0.01862334	0.00984576
36	0.01862334	0.00984576
36.1	0.01871622	0.00984576
36.2	0.01871622	0.00984576
36.3	0.01853045	0.01012441
36.4	0.01853045	0.01012441
36.5	0.01853045	0.01012441
36.6	0.01853045	0.01021729
36.7	0.01853045	0.01021729
36.8	0.01853045	0.01058883
36.9	0.01815892	0.00993864
37	0.01815892	0.00984576
37.1	0.01797315	0.00984576
37.2	0.01797315	0.00984576
37.3	0.01788026	0.00984576
37.4	0.01843757	0.00938133
37.5	0.01843757	0.00928845
37.6	0.01778738	0.00965999
37.7	0.01815892	0.0095671
37.8	0.0182518	0.0095671
37.9	0.01834469	0.00975287
38	0.01834469	0.00975287
38.1	0.01862334	0.00938133
38.2	0.01871622	0.00919556
38.3	0.01871622	0.00910268
38.4	0.01880911	0.00910268
38.5	0.01880911	0.00910268
38.6	0.01880911	0.00910268
38.7	0.01769449	0.00928845
38.8	0.01834469	0.00854537
38.9	0.01871622	0.0083596
39	0.01843757	0.0083596
39.1	0.01778738	0.00845249
39.2	0.01778738	0.00873114
39.3	0.01732296	0.00808095
39.4	0.01732296	0.00808095
39.5	0.01732296	0.00808095
39.6	0.01778738	0.00808095
39.7	0.01797315	0.00826672
39.8	0.01806603	0.00826672
39.9	0.01806603	0.00817384
40	0.0182518	0.00826672
40.1	0.01871622	0.00817384
40.2	0.01871622	0.00817384
40.3	0.01871622	0.00817384
40.4	0.01871622	0.00817384
40.5	0.01871622	0.00817384
40.6	0.01871622	0.00817384
40.7	0.01871622	0.00817384
40.8	0.02057391	0.00668768
40.9	0.01973795	0.0065948
41	0.01973795	0.00668768
41.1	0.01964507	0.00705922
41.2	0.01964507	0.00705922
41.3	0.01955218	0.00724499
41.4	0.0194593	0.00752364
41.5	0.0194593	0.00752364
41.6	0.0194593	0.0078023
41.7	0.01908776	0.00798807
41.8	0.01880911	0.00798807
41.9	0.01880911	0.00826672
42	0.01936642	0.00826672
42.1	0.01936642	0.00826672
42.2	0.01936642	0.00826672
42.3	0.0194593	0.00863826
42.4	0.0194593	0.00863826
42.5	0.01955218	0.0090098
42.6	0.01955218	0.00928845
42.7	0.01955218	0.00928845
42.8	0.01955218	0.00928845
42.9	0.01955218	0.00947422
43	0.01955218	0.01012441
43.1	0.01955218	0.01012441
43.2	0.01955218	0.01012441
43.3	0.01955218	0.01012441
43.4	0.01955218	0.01012441
43.5	0.01955218	0.01012441
43.6	0.01927353	0.00965999
43.7	0.01918065	0.00965999
43.8	0.01918065	0.00965999
43.9	0.01918065	0.00965999
44	0.01918065	0.0095671
44.1	0.01918065	0.0095671
44.2	0.01918065	0.0095671
44.3	0.01918065	0.0095671
44.4	0.01918065	0.0095671
44.5	0.01918065	0.00947422
44.6	0.01918065	0.00938133
44.7	0.01918065	0.00938133
44.8	0.01890199	0.01003152
44.9	0.01890199	0.0098922
45	0.01890199	0.00975287
45.1	0.01834469	0.00910268
45.2	0.01834469	0.00910268
45.3	0.01806603	0.00919556
45.4	0.01806603	0.00919556
45.5	0.01806603	0.00919556
45.6	0.01806603	0.00919556
45.7	0.01806603	0.00919556
45.8	0.01806603	0.00919556
45.9	0.01843757	0.00975287
46	0.01843757	0.00975287
46.1	0.01843757	0.00975287
46.2	0.01843757	0.00975287
46.3	0.01843757	0.00975287
46.4	0.01843757	0.00975287
46.5	0.01843757	0.00975287
46.6	0.01843757	0.00975287
46.7	0.01843757	0.00975287
46.8	0.01843757	0.00975287
46.9	0.01843757	0.00975287
47	0.01880911	0.01040306
47.1	0.01880911	0.01040306
47.2	0.01880911	0.01040306
47.3	0.01788026	0.01040306
47.4	0.01788026	0.01040306
47.5	0.01788026	0.01031018
47.6	0.01788026	0.01031018
47.7	0.01788026	0.01031018
47.8	0.01788026	0.01031018
47.9	0.01788026	0.01031018
48	0.01788026	0.01021729
48.1	0.01788026	0.01003152
48.2	0.01788026	0.01003152
48.3	0.01834469	0.01049595
48.4	0.01834469	0.01049595
48.5	0.01834469	0.01049595
48.6	0.01834469	0.01049595
48.7	0.01797315	0.01058883
48.8	0.01797315	0.01058883
48.9	0.01797315	0.01058883
49	0.01797315	0.01058883
49.1	0.01788026	0.01049595
49.2	0.01760161	0.01031018
49.3	0.01760161	0.01012441
49.4	0.01750873	0.00938133
49.5	0.01750873	0.00938133
49.6	0.01750873	0.00938133
49.7	0.01750873	0.00938133
49.8	0.01750873	0.00938133
49.9	0.0170443	0.00938133
50	0.0170443	0.00938133
50.1	0.0170443	0.00938133
50.2	0.01769449	0.00863826
50.3	0.01769449	0.00863826
50.4	0.01769449	0.00863826
50.5	0.01788026	0.0083596
50.6	0.01788026	0.0083596
50.7	0.01788026	0.0083596
50.8	0.01788026	0.0083596
50.9	0.01788026	0.0083596
51	0.01723007	0.00808095
51.1	0.01750873	0.00798807
51.2	0.0182518	0.00789518
51.3	0.0182518	0.00789518
51.4	0.01778738	0.00789518
51.5	0.01741584	0.00808095
51.6	0.01750873	0.00826672
51.7	0.01750873	0.0083596
51.8	0.01750873	0.0083596
51.9	0.01750873	0.00845249
52	0.01760161	0.00845249
52.1	0.01769449	0.00845249
52.2	0.01778738	0.00845249
52.3	0.01778738	0.00845249
52.4	0.01778738	0.00845249
52.5	0.01778738	0.00845249
52.6	0.01778738	0.00845249
52.7	0.01778738	0.00845249
52.8	0.01778738	0.00845249
52.9	0.01778738	0.00845249
53	0.01760161	0.00845249
53.1	0.01676565	0.00882403
53.2	0.0170443	0.00845249
53.3	0.01713719	0.0083596
53.4	0.01713719	0.0083596
53.5	0.01713719	0.0083596
53.6	0.01713719	0.0083596
53.7	0.01667277	0.00770941
53.8	0.01657988	0.00770941
53.9	0.01630123	0.00798807
54	0.01630123	0.00798807
54.1	0.01592969	0.00724499
54.2	0.01592969	0.00724499
54.3	0.01574392	0.0078023
54.4	0.01574392	0.0078023
54.5	0.01574392	0.0078023
54.6	0.01574392	0.0078023
54.7	0.0170443	0.00826672
54.8	0.01815892	0.00873114
54.9	0.01815892	0.00873114
55	0.01713719	0.00873114
55.1	0.01713719	0.00873114
55.2	0.0170443	0.00863826
55.3	0.016487	0.00854537
55.4	0.016487	0.00854537
55.5	0.016487	0.00854537
55.6	0.01611546	0.00863826
55.7	0.01611546	0.00863826
55.8	0.01611546	0.00863826
55.9	0.01611546	0.00863826
56	0.01611546	0.00863826
56.1	0.01667277	0.00863826
56.2	0.01667277	0.00882403
56.3	0.01630123	0.0090098
56.4	0.01611546	0.0090098
56.5	0.01611546	0.0090098
56.6	0.01611546	0.0090098
56.7	0.01611546	0.0090098
56.8	0.01611546	0.0090098
56.9	0.01611546	0.0090098
57	0.01611546	0.0090098
57.1	0.01611546	0.0090098
57.2	0.01611546	0.00715211
57.3	0.01611546	0.00715211
57.4	0.01592969	0.00752364
57.5	0.01592969	0.00752364
57.6	0.01592969	0.00752364
57.7	0.01592969	0.00752364
57.8	0.01592969	0.00752364
57.9	0.01620834	0.00752364
58	0.01713719	0.00761653
58.1	0.01676565	0.00770941
58.2	0.01630123	0.00798807
58.3	0.01630123	0.00798807
58.4	0.01630123	0.00798807
58.5	0.01630123	0.00798807
58.6	0.01630123	0.00798807
58.7	0.01472219	0.00808095
58.8	0.01472219	0.00808095
58.9	0.01509373	0.00798807
59	0.0158368	0.00789518
59.1	0.0158368	0.00789518
59.2	0.0158368	0.00789518
59.3	0.0158368	0.00789518
59.4	0.0158368	0.00789518
59.5	0.0158368	0.00817384
59.6	0.0158368	0.00817384
59.7	0.0158368	0.00817384
59.8	0.0158368	0.00817384
59.9	0.0158368	0.00817384
60	0.01555815	0.00863826
60.1	0.01555815	0.00863826
60.2	0.01555815	0.00863826
60.3	0.01555815	0.00863826
60.4	0.01555815	0.00863826
60.5	0.01555815	0.00863826
60.6	0.01555815	0.00863826
60.7	0.01555815	0.00863826
60.8	0.01555815	0.00863826
60.9	0.01555815	0.00863826
61	0.01555815	0.00863826
61.1	0.01555815	0.00863826
61.2	0.01555815	0.00863826
61.3	0.01555815	0.00863826
61.4	0.01555815	0.00863826
61.5	0.01555815	0.00798807
61.6	0.01555815	0.00798807
61.7	0.01555815	0.00798807
61.8	0.01555815	0.00798807
61.9	0.01555815	0.00798807
62	0.01555815	0.00798807
62.1	0.01555815	0.00798807
62.2	0.01555815	0.00798807
62.3	0.01602257	0.00724499
62.4	0.01602257	0.00724499
62.5	0.01602257	0.00724499
62.6	0.01555815	0.00770941
62.7	0.01555815	0.00770941
62.8	0.01555815	0.00770941
62.9	0.01555815	0.00770941
63	0.01518661	0.00761653
63.1	0.01518661	0.00761653
63.2	0.01518661	0.00724499
63.3	0.01518661	0.00724499
63.4	0.01518661	0.00715211
63.5	0.01518661	0.00715211
63.6	0.01518661	0.00705922
63.7	0.01518661	0.00705922
63.8	0.01518661	0.00705922
63.9	0.01546527	0.00603749
64	0.01546527	0.00575884
64.1	0.01546527	0.00575884
64.2	0.01555815	0.00566595
64.3	0.01555815	0.00566595
64.4	0.0152795	0.00557307
64.5	0.0152795	0.0053873
64.6	0.0152795	0.0053873
64.7	0.0152795	0.0053873
64.8	0.01574392	0.0053873
64.9	0.01602257	0.00557307
65	0.01592969	0.00575884
65.1	0.01592969	0.00575884
65.2	0.01602257	0.00613038
65.3	0.01602257	0.00613038
65.4	0.01620834	0.00613038
65.5	0.01630123	0.00613038
65.6	0.01695142	0.00613038
65.7	0.01695142	0.00613038
65.8	0.0170443	0.00705922
65.9	0.0170443	0.00705922
66	0.0170443	0.00705922
66.1	0.0170443	0.00705922
66.2	0.01713719	0.00640903
66.3	0.01713719	0.00631615
66.4	0.01713719	0.00631615
66.5	0.01713719	0.00631615
66.6	0.01723007	0.00631615
66.7	0.01723007	0.00631615
66.8	0.01723007	0.00631615
66.9	0.01723007	0.00631615
67	0.01676565	0.00631615
67.1	0.01676565	0.00631615
67.2	0.01667277	0.00613038
67.3	0.016487	0.00594461
67.4	0.01620834	0.00585172
67.5	0.01602257	0.00585172
67.6	0.01602257	0.00585172
67.7	0.01602257	0.00585172
67.8	0.01555815	0.00594461
67.9	0.01555815	0.00594461
68	0.01555815	0.00594461
68.1	0.01453642	0.00622326
68.2	0.01453642	0.00622326
68.3	0.01453642	0.00622326
68.4	0.01453642	0.00622326
68.5	0.01453642	0.00622326
68.6	0.01546527	0.00613038
68.7	0.01546527	0.00613038
68.8	0.01546527	0.00613038
68.9	0.01546527	0.00613038
69	0.01546527	0.00575884
69.1	0.01546527	0.0053873
69.2	0.01555815	0.00520153
69.3	0.01611546	0.0053873
69.4	0.01611546	0.0053873
69.5	0.01602257	0.00613038
69.6	0.01657988	0.00622326
69.7	0.01657988	0.00631615
69.8	0.01657988	0.00631615
69.9	0.016487	0.00640903
70	0.01630123	0.00640903
70.1	0.01620834	0.00650191
70.2	0.01620834	0.00650191
70.3	0.01518661	0.00715211
70.4	0.01555815	0.00650191
70.5	0.01555815	0.00650191
70.6	0.01592969	0.00640903
70.7	0.01592969	0.00640903
70.8	0.01592969	0.00640903
70.9	0.01592969	0.00640903
71	0.01592969	0.00640903
71.1	0.01592969	0.00640903
71.2	0.01592969	0.00640903
71.3	0.01602257	0.00640903
71.4	0.016487	0.00640903
71.5	0.016487	0.00640903
71.6	0.016487	0.00640903
71.7	0.016487	0.00640903
71.8	0.01657988	0.00640903
71.9	0.01671921	0.00613038
72	0.01685853	0.00585172
72.1	0.01667277	0.00631615
72.2	0.01667277	0.00631615
72.3	0.01667277	0.00631615
72.4	0.01667277	0.00631615
72.5	0.01667277	0.00631615
72.6	0.01667277	0.00631615
72.7	0.01667277	0.00631615
72.8	0.01667277	0.00631615
72.9	0.01667277	0.00631615
73	0.016487	0.00548019
73.1	0.016487	0.00520153
73.2	0.016487	0.00520153
73.3	0.016487	0.00520153
73.4	0.016487	0.00529442
73.5	0.016487	0.00501576
73.6	0.01639411	0.00492288
73.7	0.01639411	0.00492288
73.8	0.01639411	0.00492288
73.9	0.01639411	0.00492288
74	0.01639411	0.00492288
74.1	0.016487	0.00492288
74.2	0.016487	0.00492288
74.3	0.016487	0.00492288
74.4	0.016487	0.00492288
74.5	0.016487	0.00492288
74.6	0.016487	0.00492288
74.7	0.016487	0.00492288
74.8	0.016487	0.00492288
74.9	0.016487	0.00492288
75	0.016487	0.00492288
75.1	0.016487	0.00492288
75.2	0.016487	0.00492288
75.3	0.016487	0.00492288
75.4	0.01657988	0.00501576
75.5	0.01657988	0.00501576
75.6	0.01657988	0.00501576
75.7	0.01657988	0.00501576
75.8	0.01667277	0.00510865
75.9	0.01667277	0.00520153
76	0.01667277	0.00520153
76.1	0.01667277	0.00520153
76.2	0.01667277	0.00520153
76.3	0.01667277	0.00529442
76.4	0.01667277	0.0053873
76.5	0.01667277	0.00548019
76.6	0.01667277	0.00548019
76.7	0.01667277	0.00557307
76.8	0.01592969	0.0065948
76.9	0.01630123	0.00640903
77	0.01630123	0.00631615
77.1	0.016487	0.00631615
77.2	0.016487	0.00640903
77.3	0.016487	0.00640903
77.4	0.01667277	0.00640903
77.5	0.01667277	0.00640903
77.6	0.01667277	0.00640903
77.7	0.01732296	0.00696634
77.8	0.01732296	0.00696634
77.9	0.01732296	0.00696634
78	0.01732296	0.00696634
78.1	0.01732296	0.00696634
78.2	0.01732296	0.00696634
78.3	0.01732296	0.00696634
78.4	0.01723007	0.00724499
78.5	0.01723007	0.00724499
78.6	0.01713719	0.00724499
78.7	0.01695142	0.00733787
78.8	0.016487	0.00798807
78.9	0.01676565	0.00696634
79	0.01871622	0.00752364
79.1	0.01853045	0.00761653
79.2	0.01750873	0.00761653
79.3	0.01750873	0.00761653
79.4	0.01750873	0.00761653
79.5	0.01750873	0.00761653
79.6	0.0182518	0.00724499
79.7	0.0182518	0.00724499
79.8	0.0182518	0.00724499
79.9	0.0182518	0.00724499
80	0.0182518	0.00724499
80.1	0.0182518	0.00724499
80.2	0.01815892	0.00715211
80.3	0.01778738	0.00696634
80.4	0.01713719	0.00696634
80.5	0.01788026	0.00696634
80.6	0.01788026	0.00696634
80.7	0.0182518	0.00696634
80.8	0.01806603	0.00640903
80.9	0.01806603	0.00631615
81	0.01806603	0.00631615
81.1	0.01797315	0.00631615
81.2	0.01797315	0.0065948
81.3	0.01797315	0.0065948
81.4	0.01797315	0.0065948
81.5	0.01769449	0.0065948
81.6	0.01769449	0.0065948
81.7	0.01713719	0.0065948
81.8	0.01713719	0.0065948
81.9	0.01713719	0.0065948
82	0.01713719	0.0065948
82.1	0.01713719	0.00640903
82.2	0.01620834	0.00650191
82.3	0.01630123	0.00678057
82.4	0.01667277	0.00678057
82.5	0.01667277	0.00678057
82.6	0.0170443	0.00687345
82.7	0.01778738	0.00715211
82.8	0.01741584	0.00705922
82.9	0.01741584	0.00705922
83	0.01741584	0.00705922
83.1	0.01741584	0.00705922
83.2	0.01741584	0.00696634
83.3	0.01741584	0.00696634
83.4	0.01741584	0.00687345
83.5	0.01760161	0.00622326
83.6	0.01769449	0.00603749
83.7	0.01769449	0.00603749
83.8	0.01769449	0.00603749
83.9	0.01769449	0.00603749
84	0.01769449	0.00603749
84.1	0.01797315	0.00603749
84.2	0.01797315	0.00603749
84.3	0.01797315	0.00640903
84.4	0.01797315	0.00640903
84.5	0.01797315	0.00640903
84.6	0.01797315	0.00640903
84.7	0.01797315	0.00640903
84.8	0.01797315	0.00640903
84.9	0.01788026	0.00640903
85	0.01769449	0.00640903
85.1	0.01788026	0.00650191
85.2	0.01788026	0.00650191
85.3	0.01788026	0.00650191
85.4	0.01834469	0.00678057
85.5	0.01834469	0.00678057
85.6	0.01834469	0.00678057
85.7	0.01834469	0.00678057
85.8	0.01834469	0.00678057
85.9	0.01862334	0.00687345
86	0.01862334	0.0065948
86.1	0.01880911	0.00613038
86.2	0.01918065	0.00613038
86.3	0.01918065	0.00613038
86.4	0.01964507	0.00613038
86.5	0.01973795	0.00613038
86.6	0.01973795	0.00613038
86.7	0.01973795	0.00613038
86.8	0.02048103	0.00631615
86.9	0.01983084	0.00631615
87	0.01973795	0.00631615
87.1	0.01973795	0.00650191
87.2	0.02048103	0.00594461
87.3	0.02075968	0.00585172
87.4	0.0206668	0.00594461
87.5	0.0206668	0.00678057
87.6	0.0206668	0.00678057
87.7	0.02103834	0.00696634
87.8	0.02103834	0.00696634
87.9	0.02075968	0.00743076
88	0.02075968	0.00743076
88.1	0.02075968	0.00743076
88.2	0.02001661	0.00678057
88.3	0.02001661	0.00678057
88.4	0.02001661	0.00715211
88.5	0.02001661	0.00743076
88.6	0.01964507	0.00733787
88.7	0.01964507	0.00733787
88.8	0.01964507	0.00733787
88.9	0.01973795	0.00743076
89	0.01964507	0.00743076
89.1	0.01964507	0.00743076
89.2	0.01964507	0.00743076
89.3	0.01964507	0.00743076
89.4	0.01964507	0.00743076
89.5	0.01964507	0.00743076
89.6	0.01964507	0.00743076
89.7	0.01964507	0.00743076
89.8	0.01964507	0.00743076
89.9	0.01964507	0.00743076
90	0.01964507	0.00743076
90.1	0.01964507	0.00733787
90.2	0.01964507	0.00733787
90.3	0.01964507	0.00733787
90.4	0.01964507	0.00733787
90.5	0.01973795	0.0065948
90.6	0.01918065	0.00650191
90.7	0.01918065	0.00650191
90.8	0.01918065	0.00650191
90.9	0.01918065	0.00650191
91	0.01918065	0.00650191
91.1	0.01918065	0.00650191
91.2	0.01918065	0.00650191
91.3	0.02010949	0.00650191
91.4	0.02010949	0.00650191
91.5	0.02010949	0.00631615
91.6	0.02010949	0.00631615
91.7	0.02001661	0.00631615
91.8	0.01862334	0.00640903
91.9	0.01955218	0.00622326
92	0.01955218	0.00622326
92.1	0.01955218	0.00622326
92.2	0.01955218	0.00705922
92.3	0.01927353	0.00705922
92.4	0.01890199	0.00696634
92.5	0.01853045	0.00715211
92.6	0.0182518	0.00724499
92.7	0.01853045	0.00640903
92.8	0.01853045	0.00613038
92.9	0.01750873	0.00687345
93	0.01806603	0.00687345
93.1	0.01815892	0.00668768
93.2	0.01815892	0.00650191
93.3	0.01788026	0.0065948
93.4	0.01778738	0.0065948
93.5	0.01797315	0.00705922
93.6	0.01797315	0.00678057
93.7	0.01797315	0.00668768
93.8	0.01769449	0.00650191
93.9	0.01750873	0.00631615
94	0.01750873	0.00724499
94.1	0.01741584	0.00724499
94.2	0.01741584	0.00733787
94.3	0.01769449	0.00696634
94.4	0.01750873	0.00678057
94.5	0.01741584	0.00687345
94.6	0.01657988	0.00650191
94.7	0.01639411	0.00650191
94.8	0.01713719	0.00678057
94.9	0.01713719	0.00687345
95	0.0170443	0.00687345
95.1	0.01667277	0.00650191
95.2	0.01797315	0.00594461
95.3	0.01732296	0.0065948
95.4	0.01778738	0.00631615
95.5	0.01778738	0.00631615
95.6	0.01778738	0.00631615
95.7	0.01778738	0.00631615
95.8	0.01778738	0.00631615
95.9	0.01778738	0.00631615
96	0.01778738	0.00631615
96.1	0.01778738	0.00631615
96.2	0.01778738	0.00631615
96.3	0.01778738	0.00631615
96.4	0.01778738	0.00631615
96.5	0.01778738	0.00631615
96.6	0.01778738	0.00631615
96.7	0.01778738	0.00631615
96.8	0.01778738	0.00631615
96.9	0.01788026	0.00613038
97	0.01815892	0.00622326
97.1	0.01843757	0.00631615
97.2	0.01843757	0.00631615
97.3	0.01843757	0.00650191
97.4	0.01853045	0.00668768
97.5	0.01853045	0.00668768
97.6	0.01862334	0.00678057
97.7	0.01880911	0.00743076
97.8	0.01880911	0.00743076
97.9	0.01880911	0.00743076
98	0.01880911	0.00743076
98.1	0.01853045	0.00733787
98.2	0.01853045	0.00733787
98.3	0.0182518	0.00743076
98.4	0.0182518	0.00743076
98.5	0.0182518	0.00743076
98.6	0.01853045	0.00733787
98.7	0.01853045	0.00733787
98.8	0.01862334	0.00733787
98.9	0.01899488	0.00761653
99	0.01955218	0.00789518
99.1	0.01992372	0.00808095
99.2	0.02029526	0.0083596
99.3	0.0212241	0.00891691
99.4	0.02075968	0.00891691
99.5	0.02010949	0.00854537
99.6	0.02010949	0.00845249
99.7	0.02010949	0.00845249
99.8	0.01992372	0.00845249
99.9	0.01992372	0.00845249
100	0.02038814	0.00873114
100.1	0.02057391	0.00882403
100.2	0.02113122	0.0090098
100.3	0.02113122	0.0090098
100.4	0.02029526	0.00761653
100.5	0.01936642	0.00752364
100.6	0.01927353	0.00798807
100.7	0.01955218	0.00863826
100.8	0.01955218	0.00863826
100.9	0.01955218	0.00863826
101	0.01955218	0.00854537
101.1	0.01955218	0.00854537
101.2	0.02001661	0.00808095
101.3	0.02029526	0.00789518
101.4	0.02029526	0.0078023
101.5	0.02038814	0.00761653
101.6	0.02057391	0.00752364
101.7	0.02057391	0.00733787
101.8	0.02057391	0.00733787
101.9	0.02038814	0.00817384
102	0.02038814	0.00817384
102.1	0.02038814	0.00817384
102.2	0.02048103	0.0083596
102.3	0.02048103	0.0083596
102.4	0.02048103	0.00826672
102.5	0.02048103	0.00826672
102.6	0.02057391	0.00826672
102.7	0.02075968	0.00817384
102.8	0.02150276	0.00817384
102.9	0.02150276	0.00817384
103	0.02168853	0.00826672
103.1	0.02168853	0.0083596
103.2	0.02150276	0.00845249
103.3	0.02131699	0.00845249
103.4	0.02131699	0.00845249
103.5	0.0206668	0.00845249
103.6	0.0206668	0.00845249
103.7	0.02085257	0.00873114
103.8	0.0212241	0.0090098
103.9	0.0212241	0.0090098
104	0.02159564	0.00863826
104.1	0.02159564	0.00854537
104.2	0.02150276	0.00845249
104.3	0.0212241	0.00752364
104.4	0.0212241	0.0078023
104.5	0.0212241	0.0083596
104.6	0.02215295	0.00817384
104.7	0.02280314	0.00743076
104.8	0.02261737	0.00724499
104.9	0.0218743	0.00743076
105	0.02150276	0.00789518
105.1	0.02150276	0.00817384
105.2	0.02150276	0.00761653
105.3	0.02131699	0.00687345
105.4	0.02140987	0.00687345
105.5	0.02168853	0.00770941
105.6	0.02252449	0.00752364
105.7	0.02206007	0.00687345
105.8	0.02196718	0.00640903
105.9	0.02215295	0.00640903
106	0.02224583	0.00668768
106.1	0.02224583	0.00678057
106.2	0.02271026	0.00705922
106.3	0.02261737	0.00668768
106.4	0.02206007	0.00585172
106.5	0.02261737	0.00585172
106.6	0.0224316	0.00594461
106.7	0.0224316	0.00603749
106.8	0.02317468	0.00631615
106.9	0.02317468	0.00622326
107	0.02345333	0.00585172
107.1	0.02336045	0.00594461
107.2	0.02336045	0.00585172
107.3	0.02326756	0.00603749
107.4	0.02317468	0.00640903
107.5	0.02289603	0.00640903
107.6	0.02289603	0.00640903
107.7	0.02280314	0.00640903
107.8	0.02280314	0.00640903
107.9	0.02252449	0.00631615
108	0.02252449	0.0065948
108.1	0.02261737	0.0065948
108.2	0.02280314	0.0065948
108.3	0.02289603	0.00650191
108.4	0.02289603	0.00650191
108.5	0.02289603	0.0065948
108.6	0.02261737	0.00687345
108.7	0.02261737	0.00687345
108.8	0.02261737	0.00687345
108.9	0.02178141	0.00687345
109	0.0218743	0.00696634
109.1	0.02215295	0.00724499
109.2	0.02215295	0.00724499
109.3	0.02196718	0.00705922
109.4	0.02196718	0.00687345
109.5	0.02233872	0.00678057
109.6	0.02224583	0.00678057
109.7	0.02215295	0.00687345
109.8	0.02206007	0.00678057
109.9	0.02196718	0.00678057
110	0.02206007	0.00678057
110.1	0.02233872	0.00640903
110.2	0.0224316	0.00640903
110.3	0.02280314	0.00640903
110.4	0.02336045	0.00668768
110.5	0.0236391	0.00668768
110.6	0.0236391	0.00640903
110.7	0.02391775	0.00622326
110.8	0.02410352	0.00622326
110.9	0.02410352	0.00622326
111	0.02401064	0.00585172
111.1	0.02401064	0.00566595
111.2	0.02401064	0.00566595
111.3	0.02410352	0.00566595
111.4	0.02410352	0.00566595
111.5	0.02271026	0.00613038
111.6	0.02271026	0.00613038
111.7	0.02271026	0.00613038
111.8	0.0224316	0.00613038
111.9	0.0224316	0.00622326
112	0.0224316	0.00622326
112.1	0.02215295	0.00631615
112.2	0.02178141	0.00640903
112.3	0.02150276	0.00650191
112.4	0.02150276	0.00650191
112.5	0.02150276	0.0065948
112.6	0.02178141	0.00650191
112.7	0.02178141	0.00650191
112.8	0.02178141	0.00650191
112.9	0.02178141	0.00640903
113	0.02206007	0.00640903
113.1	0.02261737	0.00650191
113.2	0.02261737	0.0065948
113.3	0.02261737	0.0065948
113.4	0.02233872	0.00622326
113.5	0.02215295	0.00613038
113.6	0.02215295	0.00603749
113.7	0.02215295	0.00603749
113.8	0.02271026	0.00631615
113.9	0.02261737	0.00640903
114	0.02261737	0.00640903
114.1	0.02261737	0.00640903
114.2	0.02261737	0.00650191
114.3	0.02354622	0.00640903
114.4	0.02354622	0.0065948
114.5	0.02373199	0.00678057
114.6	0.02391775	0.0065948
114.7	0.02410352	0.00640903
114.8	0.02391775	0.00640903
114.9	0.0236391	0.00650191
115	0.0236391	0.00705922
115.1	0.02391775	0.00678057
115.2	0.02401064	0.00640903
115.3	0.02401064	0.00603749
115.4	0.0236391	0.00613038
115.5	0.0236391	0.00640903
115.6	0.02419641	0.00650191
115.7	0.02401064	0.00631615
115.8	0.02373199	0.00631615
115.9	0.02382487	0.00668768
116	0.02382487	0.0065948
116.1	0.02391775	0.00640903
116.2	0.02419641	0.00613038
116.3	0.02438218	0.00613038
116.4	0.02438218	0.00603749
116.5	0.02419641	0.00613038
116.6	0.02410352	0.00603749
116.7	0.02419641	0.00603749
116.8	0.02428929	0.00613038
116.9	0.02428929	0.00613038
117	0.02447506	0.00631615
117.1	0.02466083	0.00603749
117.2	0.02540391	0.00575884
117.3	0.02540391	0.00575884
117.4	0.02540391	0.00575884
117.5	0.02521814	0.00566595
117.6	0.0248466	0.00557307
117.7	0.02475372	0.00557307
117.8	0.02475372	0.00557307
117.9	0.02475372	0.00557307
118	0.0248466	0.00557307
118.1	0.0248466	0.00557307
118.2	0.0248466	0.0053873
118.3	0.02475372	0.00492288
118.4	0.02475372	0.00473711
118.5	0.02493948	0.00427269
118.6	0.02493948	0.0041798
118.7	0.02493948	0.00445846
118.8	0.02475372	0.0041798
118.9	0.02475372	0.0041798
119	0.02475372	0.0041798
119.1	0.02475372	0.0041798
119.2	0.02466083	0.0041798
119.3	0.02466083	0.0041798
119.4	0.02447506	0.00427269
119.5	0.02503237	0.00464422
119.6	0.02512525	0.00464422
119.7	0.02512525	0.00464422
119.8	0.02596121	0.00445846
119.9	0.02558968	0.00436557
120	0.02558968	0.00445846
120.1	0.02549679	0.00445846
120.2	0.02577544	0.00492288
120.3	0.02558968	0.00473711
120.4	0.02549679	0.00482999
120.5	0.02540391	0.00482999
120.6	0.02540391	0.00492288
120.7	0.02540391	0.00492288
120.8	0.02540391	0.00510865
120.9	0.02549679	0.00510865
121	0.02549679	0.00501576
121.1	0.02549679	0.00464422
121.2	0.02549679	0.00464422
121.3	0.02549679	0.00455134
121.4	0.02596121	0.00482999
121.5	0.02586833	0.00482999
121.6	0.02586833	0.00482999
121.7	0.02586833	0.00482999
121.8	0.02558968	0.00492288
121.9	0.02558968	0.00482999
122	0.02558968	0.00473711
122.1	0.02568256	0.00482999
122.2	0.0266114	0.00455134
122.3	0.02633275	0.00436557
122.4	0.02623987	0.0041798
122.5	0.0260541	0.00399403
122.6	0.02596121	0.00380826
122.7	0.02586833	0.00380826
122.8	0.02586833	0.00390115
122.9	0.02596121	0.00390115
123	0.02614698	0.00408692
123.1	0.02623987	0.00408692
123.2	0.02642564	0.00380826
123.3	0.02716871	0.00315807
123.4	0.02633275	0.00315807
123.5	0.02623987	0.00315807
123.6	0.02596121	0.00352961
123.7	0.02623987	0.00352961
123.8	0.02623987	0.00352961
123.9	0.02623987	0.00334384
124	0.02623987	0.00325096
124.1	0.02623987	0.00343673
124.2	0.02623987	0.00343673
124.3	0.02623987	0.00315807
124.4	0.02623987	0.00325096
124.5	0.02623987	0.00334384
124.6	0.02633275	0.00352961
124.7	0.02633275	0.00325096
124.8	0.0260541	0.00352961
124.9	0.02596121	0.00343673
125	0.0260541	0.00334384
125.1	0.02623987	0.00325096
125.2	0.02623987	0.00334384
125.3	0.02633275	0.00343673
125.4	0.02633275	0.00352961
125.5	0.02633275	0.0036225
125.6	0.02670429	0.00352961
125.7	0.0266114	0.00390115
125.8	0.0266114	0.00399403
125.9	0.02670429	0.00408692
126	0.02670429	0.0041798
126.1	0.02670429	0.00427269
126.2	0.0266114	0.00427269
126.3	0.02642564	0.0041798
126.4	0.02623987	0.00408692
126.5	0.02679717	0.00390115
126.6	0.02689006	0.00352961
126.7	0.02651852	0.00390115
126.8	0.0260541	0.00380826
126.9	0.02596121	0.00380826
127	0.02623987	0.00352961
127.1	0.0266114	0.00352961
127.2	0.02679717	0.00343673
127.3	0.0266114	0.00352961
127.4	0.0260541	0.00315807
127.5	0.02586833	0.00334384
127.6	0.02586833	0.00334384
127.7	0.02577544	0.00352961
127.8	0.02558968	0.00343673
127.9	0.02568256	0.00352961
128	0.02558968	0.0036225
128.1	0.02568256	0.0036225
128.2	0.02614698	0.00399403
128.3	0.02633275	0.0041798
128.4	0.02623987	0.00436557
128.5	0.02623987	0.0041798
128.6	0.02651852	0.00390115
128.7	0.0266114	0.00408692
128.8	0.0266114	0.00408692
128.9	0.02716871	0.00380826
129	0.02707583	0.0041798
129.1	0.02707583	0.00427269
129.2	0.02707583	0.00436557
129.3	0.02707583	0.00445846
129.4	0.02698294	0.00436557
129.5	0.02698294	0.00427269
129.6	0.02698294	0.00436557
129.7	0.02707583	0.00455134
129.8	0.02698294	0.00455134
129.9	0.02698294	0.00455134
130	0.02689006	0.00455134
130.1	0.02689006	0.00455134
130.2	0.02679717	0.0041798
130.3	0.02670429	0.0041798
130.4	0.0266114	0.00399403
130.5	0.02679717	0.0036225
130.6	0.02679717	0.00371538
130.7	0.02689006	0.00371538
130.8	0.02689006	0.00371538
130.9	0.02670429	0.00380826
131	0.02670429	0.00380826
131.1	0.02670429	0.00380826
131.2	0.02679717	0.00352961
131.3	0.02670429	0.00352961
131.4	0.02670429	0.00352961
131.5	0.02670429	0.00352961
131.6	0.02707583	0.0036225
131.7	0.0272616	0.00371538
131.8	0.0272616	0.00371538
131.9	0.02744737	0.00343673
132	0.02800467	0.00315807
132.1	0.02828333	0.00334384
132.2	0.02893352	0.00315807
132.3	0.02874775	0.00287942
132.4	0.02837621	0.0029723
132.5	0.02837621	0.00325096
132.6	0.02846909	0.00315807
132.7	0.02819044	0.00287942
132.8	0.02819044	0.00287942
132.9	0.02837621	0.00269365
133	0.02837621	0.00269365
133.1	0.02846909	0.00278654
133.2	0.02837621	0.00315807
133.3	0.02846909	0.00343673
133.4	0.02865486	0.00380826
133.5	0.02865486	0.00380826
133.6	0.02865486	0.00371538
133.7	0.02837621	0.00352961
133.8	0.02819044	0.00352961
133.9	0.02800467	0.0036225
134	0.02772602	0.00371538
134.1	0.02772602	0.00371538
134.2	0.02772602	0.00390115
134.3	0.02819044	0.00408692
134.4	0.02819044	0.00408692
134.5	0.02819044	0.00436557
134.6	0.02828333	0.00482999
134.7	0.02809756	0.00520153
134.8	0.02800467	0.00520153
134.9	0.02800467	0.00520153
135	0.02828333	0.00520153
135.1	0.02865486	0.00520153
135.2	0.02865486	0.00501576
135.3	0.02865486	0.00492288
135.4	0.02884063	0.00455134
135.5	0.02884063	0.00455134
135.6	0.02837621	0.0041798
135.7	0.02856198	0.0041798
135.8	0.02865486	0.0041798
135.9	0.02911929	0.0041798
136	0.02893352	0.0041798
136.1	0.02837621	0.00390115
136.2	0.02828333	0.00334384
136.3	0.02874775	0.00352961
136.4	0.02874775	0.0036225
136.5	0.02874775	0.00343673
136.6	0.02893352	0.00325096
136.7	0.02865486	0.00325096
136.8	0.02911929	0.00315807
136.9	0.02930506	0.00269365
137	0.0290264	0.002415
137.1	0.02884063	0.00250788
137.2	0.02921217	0.00269365
137.3	0.02958371	0.00269365
137.4	0.02949082	0.00250788
137.5	0.02930506	0.00232211
137.6	0.02958371	0.00269365
137.7	0.02967659	0.00287942
137.8	0.02986236	0.00269365
137.9	0.02995525	0.00269365
138	0.02986236	0.00269365
138.1	0.02949082	0.00269365
138.2	0.02995525	0.00278654
138.3	0.02995525	0.00278654
138.4	0.0302339	0.00278654
138.5	0.03004813	0.00306519
138.6	0.02995525	0.0029723
138.7	0.02949082	0.00278654
138.8	0.02949082	0.00250788
138.9	0.02986236	0.002415
139	0.02995525	0.00260077
139.1	0.02995525	0.002415
139.2	0.02976948	0.00204346
139.3	0.02986236	0.00204346
139.4	0.02986236	0.00185769
139.5	0.02976948	0.00167192
139.6	0.02976948	0.00130038
139.7	0.02967659	0.0012075
139.8	0.02949082	0.00074308
139.9	0.02949082	0.00074308
140	0.02967659	0.00083596
140.1	0.02958371	0.00083596
140.2	0.02930506	0.00102173
140.3	0.02911929	0.00092884
140.4	0.02911929	0.00065019
140.5	0.02921217	0.00065019
140.6	0.02893352	0.00083596
140.7	0.02874775	0.00092884
140.8	0.02846909	0.00102173
140.9	0.02865486	0.00139327
141	0.02837621	0.00130038
141.1	0.02828333	0.00111461
141.2	0.02828333	0.00111461
141.3	0.02800467	0.00102173
141.4	0.02828333	0.00111461
141.5	0.02874775	0.00102173
141.6	0.02837621	0.00111461
141.7	0.02837621	0.0012075
141.8	0.02837621	0.0012075
141.9	0.02837621	0.0012075
142	0.02846909	0.00111461
142.1	0.0290264	0.00111461
142.2	0.02893352	0.0012075
142.3	0.02911929	0.00139327
142.4	0.02949082	0.00139327
142.5	0.02949082	0.00130038
142.6	0.02949082	0.0012075
142.7	0.02949082	0.0012075
142.8	0.02921217	0.00130038
142.9	0.02921217	0.00111461
143	0.02939794	0.00092884
143.1	0.02949082	0.00092884
143.2	0.02949082	0.00092884
143.3	0.02949082	0.00092884
143.4	0.02949082	0.00083596
143.5	0.02949082	0.00083596
143.6	0.02967659	0.00092884
143.7	0.02958371	0.00074308
143.8	0.02949082	0.00055731
143.9	0.02958371	0.00055731
144	0.03014102	0.00055731
144.1	0.0302339	0.00046442
144.2	0.03134851	0.00055731
144.3	0.03134851	0.00055731
144.4	0.03041967	0.00083596
144.5	0.03041967	0.00083596
144.6	0.03014102	0.00148615
144.7	0.03014102	0.00139327
144.8	0.03014102	0.00130038
144.9	0.03014102	0.0012075
145	0.03032678	0.00139327
145.1	0.02949082	0.00065019
145.2	0.02995525	0.00065019
145.3	0.03004813	0.00074308
145.4	0.02986236	0.00018577
145.5	0.03004813	0.00037154
145.6	0.02995525	0.00037154
145.7	0.02958371	-0.00037154
145.8	0.02976948	-0.00027865
145.9	0.02949082	0.00009288
146	0.02986236	0.00009288
146.1	0.03014102	0.00027865
146.2	0.03004813	0.00027865
146.3	0.02976948	0.00027865
146.4	0.02976948	0.00018577
146.5	0.02976948	0.00018577
146.6	0.02976948	0.00018577
146.7	0.02976948	0.00027865
146.8	0.02976948	0.00027865
146.9	0.03032678	0.00018577
147	0.0302339	0.00009288
147.1	0.02986236	0.00027865
147.2	0.03069832	0.00046442
147.3	0.03069832	0.00037154
147.4	0.03069832	0.00009288
147.5	0.03051255	-0.00018577
147.6	0.03051255	-0.00009288
147.7	0.03088409	-0.00037154
147.8	0.03116274	-0.00065019
147.9	0.03125563	-0.00065019
148	0.03125563	-0.00083596
148.1	0.03116274	-0.00083596
148.2	0.03172005	-0.00074308
148.3	0.03181294	-0.00092884
148.4	0.03097698	-0.00065019
148.5	0.03134851	-0.00065019
148.6	0.03041967	-0.00046442
148.7	0.03060544	-0.00046442
148.8	0.03079121	0.00009288
148.9	0.03051255	0
149	0.03051255	-0.00055731
149.1	0.03041967	-0.00046442
149.2	0.03014102	-0.00027865
149.3	0.03014102	-0.00018577
149.4	0.03051255	-0.00046442
149.5	0.03051255	-0.00046442
149.6	0.03051255	-0.00037154
149.7	0.03069832	-0.00018577
149.8	0.03069832	-0.00018577
149.9	0.03069832	-0.00018577
150	0.03060544	-0.00074308
150.1	0.03051255	-0.00074308
150.2	0.03051255	-0.00074308
150.3	0.03051255	-0.00074308
150.4	0.03060544	-0.00074308
150.5	0.03060544	-0.00065019
150.6	0.03060544	-0.00065019
150.7	0.03088409	-0.00027865
150.8	0.03125563	0.00055731
150.9	0.03106986	0.00046442
151	0.03069832	0.00027865
151.1	0.03041967	-0.00018577
151.2	0.03060544	-0.00027865
151.3	0.03069832	-0.00009288
151.4	0.03060544	0.00018577
151.5	0.03041967	0.00018577
151.6	0.03041967	0.00009288
151.7	0.03051255	0.00009288
151.8	0.03051255	-0.00009288
151.9	0.03060544	-0.00018577
152	0.03088409	-0.00018577
152.1	0.03088409	-0.00027865
152.2	0.03088409	-0.00027865
152.3	0.03097698	-0.00009288
152.4	0.03106986	-0.00027865
152.5	0.03116274	-0.00037154
152.6	0.03134851	-0.00037154
152.7	0.03162717	-0.00046442
152.8	0.03162717	-0.00046442
152.9	0.03162717	-0.00046442
153	0.03162717	-0.00046442
153.1	0.03190582	-0.00027865
153.2	0.03218447	-0.00027865
153.3	0.03181294	-0.00027865
153.4	0.03172005	-0.00046442
153.5	0.03162717	-0.00046442
153.6	0.03162717	-0.00046442
153.7	0.03153428	-0.00046442
153.8	0.0314414	-0.00046442
153.9	0.03097698	-0.00046442
154	0.03088409	-0.00046442
154.1	0.03116274	-0.00027865
154.2	0.03125563	-0.00018577
154.3	0.03125563	-0.00037154
154.4	0.03125563	-0.00046442
154.5	0.03106986	-0.00027865
154.6	0.03106986	-0.00027865
154.7	0.03125563	-0.00027865
154.8	0.03125563	-0.00027865
154.9	0.03153428	-0.00018577
155	0.0314414	0.00018577
155.1	0.03125563	0.00027865
155.2	0.03116274	0.00018577
155.3	0.03116274	-0.00009288
155.4	0.03162717	-0.00009288
155.5	0.03134851	-0.00027865
155.6	0.03134851	0.00018577
155.7	0.0314414	0.00009288
155.8	0.0314414	0.00027865
155.9	0.0314414	0.00046442
156	0.03162717	0.00027865
156.1	0.03181294	0.00027865
156.2	0.03172005	0.00027865
156.3	0.03172005	0.00027865
156.4	0.03172005	0.00037154
156.5	0.03181294	0.00037154
156.6	0.03181294	0.00018577
156.7	0.03181294	0.00018577
156.8	0.03172005	0.00018577
156.9	0.03172005	0.00018577
157	0.03172005	0.00027865
157.1	0.03172005	0.00009288
157.2	0.03172005	0
157.3	0.03162717	0
157.4	0.03162717	0
157.5	0.03162717	0
157.6	0.03162717	0
157.7	0.03116274	-0.00018577
157.8	0.03116274	-0.00018577
157.9	0.03106986	0
158	0.03125563	0.00009288
158.1	0.03134851	0.00009288
158.2	0.03134851	0
158.3	0.03125563	0.00018577
158.4	0.0314414	0
158.5	0.0314414	-0.00037154
158.6	0.03153428	-0.00046442
158.7	0.03097698	0
158.8	0.03162717	0.00027865
158.9	0.03218447	0
159	0.03195226	0.00023221
159.1	0.03172005	0.00046442
159.2	0.03162717	0.00046442
159.3	0.03162717	0.00046442
159.4	0.0314414	0.00065019
159.5	0.03162717	0.00065019
159.6	0.03153428	0.00065019
159.7	0.03106986	0.00046442
159.8	0.03097698	0.00046442
159.9	0.03106986	0.00046442
160	0.03106986	0.00046442
160.1	0.03069832	0.00055731
160.2	0.03069832	0.00037154
160.3	0.03069832	0.00046442
160.4	0.03060544	0.00046442
160.5	0.03060544	0.00027865
160.6	0.03060544	0.00018577
160.7	0.03069832	0.00027865
160.8	0.03069832	0.00037154
160.9	0.03088409	0.00027865
161	0.03088409	0.00037154
161.1	0.03060544	0.00065019
161.2	0.03041967	0.00055731
161.3	0.03032678	0.00055731
161.4	0.0302339	0.00083596
161.5	0.0302339	0.00074308
161.6	0.03014102	0.00083596
161.7	0.03004813	0.00083596
161.8	0.02986236	0.00083596
161.9	0.02986236	0.00102173
162	0.02986236	0.00148615
162.1	0.02986236	0.00157904
162.2	0.02986236	0.0012075
162.3	0.02995525	0.00092884
162.4	0.03060544	0.00092884
162.5	0.02986236	0.00130038
162.6	0.02976948	0.00102173
162.7	0.02967659	0.00046442
162.8	0.03032678	0.00027865
162.9	0.03041967	0.00065019
163	0.02986236	0.00102173
163.1	0.02995525	0.00092884
163.2	0.0302339	0.00130038
163.3	0.0302339	0.00157904
163.4	0.0302339	0.00139327
163.5	0.02986236	0.00130038
163.6	0.03004813	0.00130038
163.7	0.02995525	0.00130038
163.8	0.0302339	0.00130038
163.9	0.0302339	0.00176481
164	0.03041967	0.00195057
164.1	0.03069832	0.00167192
164.2	0.03069832	0.00167192
164.3	0.03069832	0.00148615
164.4	0.03060544	0.00139327
164.5	0.03060544	0.00130038
164.6	0.03014102	0.00139327
164.7	0.02958371	0.00148615
164.8	0.02976948	0.00139327
164.9	0.02995525	0.00157904
165	0.03004813	0.00167192
165.1	0.03004813	0.00167192
165.2	0.03004813	0.00167192
165.3	0.03014102	0.00167192
165.4	0.02986236	0.00167192
165.5	0.02995525	0.00167192
165.6	0.03004813	0.00167192
165.7	0.03004813	0.00167192
165.8	0.03014102	0.00167192
165.9	0.03014102	0.00157904
166	0.03014102	0.00148615
166.1	0.0302339	0.00139327
166.2	0.0302339	0.00157904
166.3	0.03041967	0.00157904
166.4	0.03041967	0.00157904
166.5	0.0302339	0.00157904
166.6	0.0302339	0.00157904
166.7	0.03014102	0.00157904
166.8	0.03014102	0.00157904
166.9	0.03014102	0.00157904
167	0.03014102	0.00157904
167.1	0.03014102	0.00157904
167.2	0.03014102	0.00157904
167.3	0.02949082	0.00232211
167.4	0.02949082	0.00232211
167.5	0.02949082	0.00222923
167.6	0.02976948	0.00222923
167.7	0.02986236	0.00204346
167.8	0.02986236	0.00204346
167.9	0.02986236	0.00195057
168	0.02986236	0.00195057
168.1	0.02958371	0.00195057
168.2	0.02949082	0.00204346
168.3	0.02949082	0.00204346
168.4	0.02949082	0.00213634
168.5	0.02949082	0.00213634
168.6	0.02949082	0.00222923
168.7	0.02930506	0.002415
168.8	0.02930506	0.00232211
168.9	0.02930506	0.00222923
169	0.02911929	0.00232211
169.1	0.0290264	0.00260077
169.2	0.02893352	0.00260077
169.3	0.02893352	0.00260077
169.4	0.02893352	0.00260077
169.5	0.02874775	0.002415
169.6	0.02856198	0.00222923
169.7	0.02819044	0.00222923
169.8	0.02819044	0.00232211
169.9	0.02800467	0.00250788
170	0.02772602	0.00185769
170.1	0.0278189	0.00185769
170.2	0.02791179	0.00195057
170.3	0.02791179	0.00195057
170.4	0.02791179	0.00195057
170.5	0.0278189	0.00195057
170.6	0.02772602	0.00195057
170.7	0.02800467	0.00213634
170.8	0.02763313	0.00204346
170.9	0.02819044	0.00204346
171	0.02846909	0.00222923
171.1	0.02846909	0.00204346
171.2	0.02856198	0.00195057
171.3	0.02846909	0.00195057
171.4	0.02846909	0.00195057
171.5	0.02837621	0.00195057
171.6	0.02846909	0.00185769
171.7	0.02865486	0.00148615
171.8	0.02856198	0.00167192
171.9	0.02856198	0.00185769
172	0.02837621	0.00204346
172.1	0.02828333	0.00213634
172.2	0.02828333	0.00213634
172.3	0.02828333	0.00204346
172.4	0.02828333	0.00204346
172.5	0.02809756	0.00148615
172.6	0.02819044	0.00130038
172.7	0.02800467	0.0012075
172.8	0.02763313	0.0012075
172.9	0.02791179	0.00130038
173	0.02791179	0.00139327
173.1	0.02819044	0.00139327
173.2	0.02828333	0.00139327
173.3	0.02828333	0.00130038
173.4	0.02828333	0.0012075
173.5	0.02819044	0.00111461
173.6	0.02819044	0.00111461
173.7	0.02800467	0.00083596
173.8	0.02819044	0.00074308
173.9	0.02800467	0.00083596
174	0.02819044	0.00046442
174.1	0.02809756	0.00027865
174.2	0.0278189	0.00046442
174.3	0.02772602	0.00055731
174.4	0.02763313	0.00065019
174.5	0.02707583	0.00065019
174.6	0.02707583	0.00055731
174.7	0.02716871	0.00055731
174.8	0.02716871	0.00055731
174.9	0.02735448	0.00055731
175	0.0278189	0.00055731
175.1	0.02791179	0.00055731
175.2	0.0278189	0.00065019
175.3	0.02800467	0.00065019
175.4	0.02800467	0.00074308
175.5	0.02819044	0.00074308
175.6	0.0278189	0.00083596
175.7	0.02791179	0.00074308
175.8	0.02772602	0.00102173
175.9	0.02763313	0.00102173
176	0.02763313	0.0012075
176.1	0.02772602	0.00130038
176.2	0.02800467	0.00130038
176.3	0.02819044	0.00139327
176.4	0.02791179	0.00139327
176.5	0.02800467	0.00130038
176.6	0.02763313	0.00130038
176.7	0.02763313	0.0012075
176.8	0.02763313	0.0012075
176.9	0.02763313	0.0012075
177	0.02754025	0.0012075
177.1	0.02754025	0.0012075
177.2	0.02754025	0.00130038
177.3	0.02744737	0.00148615
177.4	0.02754025	0.00157904
177.5	0.02754025	0.00157904
177.6	0.02754025	0.00157904
177.7	0.02763313	0.00148615
177.8	0.02791179	0.00148615
177.9	0.02800467	0.00139327
178	0.02809756	0.00130038
178.1	0.02800467	0.00130038
178.2	0.02809756	0.0012075
178.3	0.02828333	0.00092884
178.4	0.02800467	0.00102173
178.5	0.02791179	0.00055731
178.6	0.02735448	0.00018577
178.7	0.02735448	0.00027865
178.8	0.02772602	0.00027865
178.9	0.02777246	0.00027865
179	0.0278189	0.00027865
179.1	0.02791179	0.00027865
179.2	0.02735448	0.00065019
179.3	0.0272616	0.00065019
179.4	0.02744737	0.00074308
179.5	0.0272616	0.00083596
179.6	0.02754025	0.00092884
179.7	0.02744737	0.00074308
179.8	0.02698294	0.00102173
179.9	0.0266114	0.00139327
180	0.02689006	0.00130038
180.1	0.02689006	0.00139327
180.2	0.02689006	0.00139327
180.3	0.02716871	0.00139327
180.4	0.02716871	0.00139327
180.5	0.02716871	0.00157904
180.6	0.02716871	0.00157904
180.7	0.02716871	0.00167192
180.8	0.02707583	0.00176481
180.9	0.0266114	0.002415
181	0.02651852	0.00260077
181.1	0.02623987	0.00306519
181.2	0.02577544	0.0029723
181.3	0.02568256	0.00287942
181.4	0.02577544	0.00287942
181.5	0.02614698	0.00287942
181.6	0.02614698	0.00306519
181.7	0.02577544	0.00325096
181.8	0.02577544	0.00325096
181.9	0.02568256	0.00325096
182	0.02568256	0.00325096
182.1	0.02568256	0.00325096
182.2	0.02577544	0.00325096
182.3	0.02586833	0.00343673
182.4	0.02614698	0.00334384
182.5	0.02642564	0.00343673
182.6	0.0266114	0.00315807
182.7	0.02689006	0.00260077
182.8	0.02670429	0.002415
182.9	0.02744737	0.00167192
183	0.02716871	0.00185769
183.1	0.02698294	0.00213634
183.2	0.02772602	0.00232211
183.3	0.02819044	0.00222923
183.4	0.02837621	0.002415
183.5	0.02837621	0.002415
183.6	0.02800467	0.00250788
183.7	0.02828333	0.00306519
183.8	0.02800467	0.00315807
183.9	0.02809756	0.00343673
184	0.0278189	0.00380826
184.1	0.02800467	0.00352961
184.2	0.02791179	0.00315807
184.3	0.02763313	0.0029723
184.4	0.02744737	0.00343673
184.5	0.02744737	0.0036225
184.6	0.02791179	0.00334384
184.7	0.02809756	0.00269365
184.8	0.02800467	0.00306519
184.9	0.02791179	0.00315807
185	0.0278189	0.00325096
185.1	0.02800467	0.00352961
185.2	0.02828333	0.00352961
185.3	0.02791179	0.00352961
185.4	0.02791179	0.00352961
185.5	0.02763313	0.00371538
185.6	0.02763313	0.00371538
185.7	0.0272616	0.0036225
185.8	0.0272616	0.0036225
185.9	0.02772602	0.00352961
186	0.02791179	0.00343673
186.1	0.02791179	0.00343673
186.2	0.02791179	0.00352961
186.3	0.02800467	0.00343673
186.4	0.02800467	0.00343673
186.5	0.02819044	0.00343673
186.6	0.02819044	0.00343673
186.7	0.02865486	0.00408692
186.8	0.0290264	0.00445846
186.9	0.02930506	0.00455134
187	0.02921217	0.00482999
187.1	0.02911929	0.00492288
187.2	0.02911929	0.00492288
187.3	0.02911929	0.00482999
187.4	0.02911929	0.00473711
187.5	0.02911929	0.00482999
187.6	0.02911929	0.00482999
187.7	0.02911929	0.00482999
187.8	0.02911929	0.00482999
187.9	0.02911929	0.00482999
188	0.02921217	0.00482999
188.1	0.02939794	0.00501576
188.2	0.02911929	0.00520153
188.3	0.02921217	0.00520153
188.4	0.02939794	0.00529442
188.5	0.02939794	0.0053873
188.6	0.0290264	0.00548019
188.7	0.0290264	0.00548019
188.8	0.02893352	0.00548019
188.9	0.02893352	0.00557307
189	0.02930506	0.0053873
189.1	0.02958371	0.00520153
189.2	0.02939794	0.00501576
189.3	0.0290264	0.00492288
189.4	0.02893352	0.00492288
189.5	0.0290264	0.00501576
189.6	0.02930506	0.00492288
189.7	0.02930506	0.00492288
189.8	0.02939794	0.00492288
189.9	0.02939794	0.00492288
190	0.02930506	0.00492288
190.1	0.02930506	0.00492288
190.2	0.02930506	0.00492288
190.3	0.02976948	0.00455134
190.4	0.02976948	0.00455134
190.5	0.02884063	0.00482999
190.6	0.02884063	0.00482999
190.7	0.02893352	0.00482999
190.8	0.02911929	0.00482999
190.9	0.02911929	0.00482999
191	0.02911929	0.00464422
191.1	0.02911929	0.00464422
191.2	0.02884063	0.00464422
191.3	0.02884063	0.00464422
191.4	0.02884063	0.00464422
191.5	0.0290264	0.00464422
191.6	0.0290264	0.00455134
191.7	0.02921217	0.00427269
191.8	0.02939794	0.0041798
191.9	0.02958371	0.0041798
192	0.02958371	0.0041798
192.1	0.02958371	0.0041798
192.2	0.02976948	0.0041798
192.3	0.02976948	0.0041798
192.4	0.02976948	0.0041798
192.5	0.02986236	0.0041798
192.6	0.0302339	0.00408692
192.7	0.0302339	0.0041798
192.8	0.0302339	0.00399403
192.9	0.02995525	0.00390115
193	0.02976948	0.00399403
193.1	0.02976948	0.00408692
193.2	0.02995525	0.00408692
193.3	0.02995525	0.00394759
193.4	0.02995525	0.00380826
193.5	0.02995525	0.00380826
193.6	0.02976948	0.00390115
193.7	0.02986236	0.00390115
193.8	0.02995525	0.00390115
193.9	0.03004813	0.00371538
194	0.0302339	0.00371538
194.1	0.03004813	0.00390115
194.2	0.03004813	0.00399403
194.3	0.02986236	0.0041798
194.4	0.02976948	0.00390115
194.5	0.02986236	0.00399403
194.6	0.02976948	0.00408692
194.7	0.02976948	0.0041798
194.8	0.02986236	0.0041798
194.9	0.02995525	0.0041798
195	0.02986236	0.00399403
195.1	0.02986236	0.00380826
195.2	0.03014102	0.00371538
195.3	0.03041967	0.00390115
195.4	0.03079121	0.00408692
195.5	0.03088409	0.00408692
195.6	0.03088409	0.00394759
195.7	0.03088409	0.00380826
195.8	0.03088409	0.00380826
195.9	0.03088409	0.00371538
196	0.03088409	0.0036225
196.1	0.03079121	0.00343673
196.2	0.03037323	0.00380826
196.3	0.02995525	0.0041798
196.4	0.02995525	0.00427269
196.5	0.03060544	0.0036225
196.6	0.03051255	0.00343673
196.7	0.03032678	0.00334384
196.8	0.0302339	0.00306519
196.9	0.03032678	0.00315807
197	0.03014102	0.00315807
197.1	0.03004813	0.00306519
197.2	0.02986236	0.0029723
197.3	0.02995525	0.00325096
197.4	0.0302339	0.00315807
197.5	0.03004813	0.00269365
197.6	0.03014102	0.00306519
197.7	0.03004813	0.00306519
197.8	0.02958371	0.00325096
197.9	0.0302339	0.00315807
198	0.02976948	0.00278654
198.1	0.02986236	0.00306519
198.2	0.02995525	0.00306519
198.3	0.03014102	0.00306519
198.4	0.03032678	0.00306519
198.5	0.0302339	0.0029723
198.6	0.03032678	0.00260077
198.7	0.03060544	0.002415
198.8	0.03069832	0.00232211
198.9	0.03041967	0.002415
199	0.03051255	0.002415
199.1	0.03106986	0.00213634
199.2	0.0326489	0.00167192
199.3	0.03246313	0.00185769
199.4	0.0326489	0.00204346
199.5	0.03218447	0.00195057
199.6	0.03218447	0.00204346
199.7	0.03190582	0.00195057
199.8	0.03172005	0.00213634
199.9	0.03199871	0.00195057
200	0.03172005	0.00222923
200.1	0.03181294	0.00222923
200.2	0.03172005	0.00222923
200.3	0.03172005	0.00232211
200.4	0.03172005	0.00232211
200.5	0.03162717	0.00232211
200.6	0.03162717	0.00232211
200.7	0.03162717	0.00232211
200.8	0.03153428	0.00232211
200.9	0.03134851	0.00232211
201	0.03134851	0.00232211
201.1	0.03116274	0.00232211
201.2	0.03106986	0.00232211
201.3	0.03079121	0.00222923
201.4	0.03069832	0.00222923
201.5	0.03069832	0.00222923
201.6	0.03097698	0.00213634
201.7	0.03106986	0.00222923
201.8	0.03134851	0.00222923
201.9	0.03153428	0.00213634
202	0.03181294	0.00195057
202.1	0.03172005	0.00195057
202.2	0.03209159	0.00195057
202.3	0.03209159	0.00222923
202.4	0.03227736	0.00232211
202.5	0.03227736	0.00232211
202.6	0.03255601	0.00260077
202.7	0.03283467	0.00260077
202.8	0.03292755	0.00260077
202.9	0.03329909	0.00278654
203	0.03329909	0.00278654
203.1	0.03329909	0.00278654
203.2	0.03329909	0.00278654
203.3	0.03329909	0.00278654
203.4	0.03311332	0.00278654
203.5	0.03292755	0.00269365
203.6	0.03274178	0.00250788
203.7	0.03227736	0.002415
203.8	0.03199871	0.00260077
203.9	0.03227736	0.00278654
204	0.03237024	0.00325096
204.1	0.03199871	0.0029723
204.2	0.03218447	0.0029723
204.3	0.03190582	0.00269365
204.4	0.03218447	0.00287942
204.5	0.03237024	0.00306519
204.6	0.03237024	0.0029723
204.7	0.03237024	0.0029723
204.8	0.03237024	0.00306519
204.9	0.03227736	0.00408692
205	0.03227736	0.00408692
205.1	0.03227736	0.00352961
205.2	0.03227736	0.0029723
205.3	0.03227736	0.00250788
205.4	0.03227736	0.00278654
205.5	0.03162717	0.00287942
205.6	0.03218447	0.0029723
205.7	0.03181294	0.00278654
205.8	0.03181294	0.00278654
205.9	0.03199871	0.00287942
206	0.03190582	0.00287942
206.1	0.03172005	0.00390115
206.2	0.03199871	0.00380826
206.3	0.03218447	0.00352961
206.4	0.03227736	0.00334384
206.5	0.03227736	0.00334384
206.6	0.03190582	0.00334384
206.7	0.03218447	0.00343673
206.8	0.03199871	0.00380826
206.9	0.03246313	0.00380826
207	0.03292755	0.00380826
207.1	0.03311332	0.00380826
207.2	0.03348486	0.00380826
207.3	0.03348486	0.00371538
207.4	0.03339197	0.00352961
207.5	0.03339197	0.0029723
207.6	0.03339197	0.00287942
207.7	0.03274178	0.00250788
207.8	0.03311332	0.002415
207.9	0.03311332	0.00260077
208	0.03311332	0.00278654
208.1	0.03311332	0.00287942
208.2	0.0332062	0.00287942
208.3	0.03302043	0.00287942
208.4	0.03302043	0.00306519
208.5	0.03302043	0.00306519
208.6	0.03302043	0.0029723
208.7	0.03302043	0.00287942
208.8	0.03274178	0.00306519
208.9	0.03283467	0.0029723
209	0.03283467	0.00287942
209.1	0.03274178	0.00287942
209.2	0.0326489	0.00287942
209.3	0.03255601	0.00278654
209.4	0.03274178	0.00278654
209.5	0.0326489	0.00278654
209.6	0.0326489	0.00260077
209.7	0.03283467	0.00250788
209.8	0.0326489	0.00250788
209.9	0.03292755	0.00250788
210	0.03274178	0.002415
210.1	0.03274178	0.00232211
210.2	0.0326489	0.00222923
210.3	0.03218447	0.002415
210.4	0.03227736	0.00250788
210.5	0.03227736	0.00250788
210.6	0.03227736	0.00250788
210.7	0.03227736	0.00222923
210.8	0.03237024	0.00213634
210.9	0.03246313	0.00213634
211	0.03255601	0.00204346
211.1	0.03283467	0.00185769
211.2	0.03302043	0.00167192
211.3	0.03302043	0.00283298
211.4	0.03302043	0.00399403
211.5	0.0332062	0.00371538
211.6	0.03385639	0.00139327
211.7	0.03367063	0.00130038
211.8	0.03339197	0.0012075
211.9	0.03302043	0.0012075
212	0.03302043	0.0012075
212.1	0.03292755	0.0012075
212.2	0.03302043	0.00130038
212.3	0.03302043	0.00130038
212.4	0.0332062	0.00139327
212.5	0.03339197	0.00148615
212.6	0.03348486	0.00157904
212.7	0.03357774	0.00157904
212.8	0.03432082	0.00074308
212.9	0.03432082	0.00074308
213	0.03432082	0.00074308
213.1	0.03432082	0.00074308
213.2	0.03450659	0.00074308
213.3	0.03450659	0.00074308
213.4	0.03450659	0.00074308
213.5	0.03450659	0.00074308
213.6	0.03450659	0.00074308
213.7	0.03450659	0.00074308
213.8	0.03450659	0.00074308
213.9	0.03422793	0.00065019
214	0.03422793	0.00065019
214.1	0.03422793	0.00065019
214.2	0.03422793	0.00065019
214.3	0.03422793	0.00065019
214.4	0.03422793	0.00065019
214.5	0.03422793	0.00065019
214.6	0.03376351	0.00037154
214.7	0.03376351	0.00027865
214.8	0.03376351	0.00009288
214.9	0.03376351	0.00009288
215	0.03376351	-0.00065019
215.1	0.03376351	-0.00065019
215.2	0.03413505	0.00046442
215.3	0.03413505	0.00046442
215.4	0.03376351	0.00074308
215.5	0.03376351	0.00074308
215.6	0.03329909	0.0012075
215.7	0.03329909	0.0012075
215.8	0.03302043	0.0012075
215.9	0.03302043	0.0012075
216	0.03311332	0.00148615
216.1	0.03311332	0.00157904
216.2	0.03311332	0.00157904
216.3	0.03311332	0.00157904
216.4	0.03311332	0.00157904
216.5	0.03311332	0.00185769
216.6	0.03311332	0.002415
216.7	0.03311332	0.002415
216.8	0.03311332	0.002415
216.9	0.03311332	0.002415
217	0.03302043	0.00232211
217.1	0.03283467	0.00222923
217.2	0.03283467	0.00222923
217.3	0.03283467	0.00222923
217.4	0.0326489	0.00222923
217.5	0.03209159	0.00222923
217.6	0.03209159	0.00222923
217.7	0.03209159	0.00222923
217.8	0.03209159	0.00222923
217.9	0.03209159	0.00222923
218	0.03246313	0.00232211
218.1	0.03246313	0.00232211
218.2	0.03246313	0.00232211
218.3	0.03246313	0.00232211
218.4	0.03311332	0.00278654
218.5	0.03311332	0.00278654
218.6	0.03311332	0.00278654
218.7	0.03311332	0.00278654
218.8	0.03311332	0.00278654
218.9	0.03339197	0.00325096
219	0.03339197	0.00325096
219.1	0.03339197	0.00325096
219.2	0.03227736	0.00287942
219.3	0.03376351	0.00269365
219.4	0.03376351	0.00260077
219.5	0.03376351	0.00260077
219.6	0.03348486	0.002415
219.7	0.03357774	0.00222923
219.8	0.03376351	0.00222923
219.9	0.03394928	0.00222923
220	0.03422793	0.00287942
220.1	0.03422793	0.00287942
220.2	0.03422793	0.00287942
220.3	0.03385639	0.00306519
220.4	0.03385639	0.00325096
220.5	0.03385639	0.00343673
220.6	0.03413505	0.0036225
220.7	0.03385639	0.00380826
220.8	0.03385639	0.00380826
220.9	0.03385639	0.00380826
221	0.03404216	0.00371538
221.1	0.03413505	0.00371538
221.2	0.03413505	0.00390115
221.3	0.03422793	0.00445846
221.4	0.03422793	0.00445846
221.5	0.03432082	0.00455134
221.6	0.03450659	0.00473711
221.7	0.03450659	0.00482999
221.8	0.03450659	0.00482999
221.9	0.03450659	0.00482999
222	0.03422793	0.00492288
222.1	0.03394928	0.00501576
222.2	0.03394928	0.00501576
222.3	0.03413505	0.00520153
222.4	0.03413505	0.00529442
222.5	0.03413505	0.00529442
222.6	0.03469236	0.00529442
222.7	0.03487812	0.0053873
222.8	0.03487812	0.00557307
222.9	0.03487812	0.00585172
223	0.03487812	0.00585172
223.1	0.03450659	0.00529442
223.2	0.03422793	0.00520153
223.3	0.03404216	0.00520153
223.4	0.03413505	0.00482999
223.5	0.03487812	0.00427269
223.6	0.03552832	0.00436557
223.7	0.03599274	0.00473711
223.8	0.03608562	0.00473711
223.9	0.03608562	0.00473711
224	0.03571408	0.00482999
224.1	0.03571408	0.00482999
224.2	0.03580697	0.00445846
224.3	0.03627139	0.00445846
224.4	0.03636428	0.00445846
224.5	0.03552832	0.00445846
224.6	0.03552832	0.00445846
224.7	0.03580697	0.00473711
224.8	0.03627139	0.00482999
224.9	0.03636428	0.00492288
225	0.03534255	0.00510865
225.1	0.03571408	0.00510865
225.2	0.03608562	0.00510865
225.3	0.03589985	0.00464422
225.4	0.03627139	0.00455134
225.5	0.03627139	0.00510865
225.6	0.03608562	0.00548019
225.7	0.03599274	0.00464422
225.8	0.03664293	0.00455134
225.9	0.0368287	0.00482999
226	0.0368287	0.0053873
226.1	0.03636428	0.00520153
226.2	0.03589985	0.00473711
226.3	0.03599274	0.00464422
226.4	0.03627139	0.00473711
226.5	0.03627139	0.00501576
226.6	0.03627139	0.00501576
226.7	0.03627139	0.00501576
226.8	0.03627139	0.00501576
226.9	0.03627139	0.00501576
227	0.03627139	0.00501576
227.1	0.03627139	0.00501576
227.2	0.03627139	0.00501576
227.3	0.03627139	0.00501576
227.4	0.03534255	0.00510865
227.5	0.03534255	0.00510865
227.6	0.03534255	0.00510865
227.7	0.03608562	0.00566595
227.8	0.03608562	0.00566595
227.9	0.03608562	0.00566595
228	0.03608562	0.00566595
228.1	0.03608562	0.00566595
228.2	0.03608562	0.00566595
228.3	0.03608562	0.00566595
228.4	0.03608562	0.00566595
228.5	0.03608562	0.00529442
228.6	0.03608562	0.00529442
228.7	0.03608562	0.00529442
228.8	0.03608562	0.00529442
228.9	0.03608562	0.00529442
229	0.03608562	0.00501576
229.1	0.03608562	0.00492288
229.2	0.03608562	0.00492288
229.3	0.03608562	0.00492288
229.4	0.03599274	0.00445846
229.5	0.03599274	0.00445846
229.6	0.03599274	0.00445846
229.7	0.03599274	0.00445846
229.8	0.03599274	0.00427269
229.9	0.03599274	0.0041798
230	0.03599274	0.0041798
230.1	0.03552832	0.0041798
230.2	0.03534255	0.00427269
230.3	0.03534255	0.00436557
230.4	0.03552832	0.00455134
230.5	0.03534255	0.00455134
230.6	0.03534255	0.00445846
230.7	0.03506389	0.00436557
230.8	0.03506389	0.00436557
230.9	0.03506389	0.00436557
231	0.03506389	0.00436557
231.1	0.03506389	0.00436557
231.2	0.03524966	0.00436557
231.3	0.03450659	0.00455134
231.4	0.03450659	0.00455134
231.5	0.03450659	0.00455134
231.6	0.03385639	0.00455134
231.7	0.03385639	0.00455134
231.8	0.03385639	0.00455134
231.9	0.03404216	0.00464422
232	0.03413505	0.00473711
232.1	0.03432082	0.00473711
232.2	0.03459947	0.00510865
232.3	0.03459947	0.00510865
232.4	0.03459947	0.00510865
232.5	0.03459947	0.00510865
232.6	0.03459947	0.00510865
232.7	0.03459947	0.00510865
232.8	0.03459947	0.00510865
232.9	0.03459947	0.00510865
233	0.03459947	0.00510865
233.1	0.03459947	0.00510865
233.2	0.03469236	0.00482999
233.3	0.03469236	0.00482999
233.4	0.03469236	0.00482999
233.5	0.03469236	0.00482999
233.6	0.03469236	0.00482999
233.7	0.03469236	0.00482999
233.8	0.03469236	0.00482999
233.9	0.03469236	0.00464422
234	0.03450659	0.00455134
234.1	0.0344137	0.00445846
234.2	0.0344137	0.00445846
234.3	0.0344137	0.00445846
234.4	0.03422793	0.00445846
234.5	0.03422793	0.00445846
234.6	0.03422793	0.00445846
234.7	0.03404216	0.00445846
234.8	0.03385639	0.00455134
234.9	0.03385639	0.00455134
235	0.03348486	0.00473711
235.1	0.03348486	0.00501576
235.2	0.03348486	0.00501576
235.3	0.03348486	0.00501576
235.4	0.03348486	0.00501576
235.5	0.03357774	0.00510865
235.6	0.03357774	0.00510865
235.7	0.03357774	0.00510865
235.8	0.03311332	0.00482999
235.9	0.03302043	0.00473711
236	0.03302043	0.00473711
236.1	0.03302043	0.00473711
236.2	0.03274178	0.00455134
236.3	0.03255601	0.00445846
236.4	0.03246313	0.0041798
236.5	0.03237024	0.0041798
236.6	0.03237024	0.0041798
236.7	0.03237024	0.0041798
236.8	0.0326489	0.0041798
236.9	0.03329909	0.0041798
237	0.03329909	0.0041798
237.1	0.03376351	0.00445846
237.2	0.03376351	0.00455134
237.3	0.03376351	0.00455134
237.4	0.03376351	0.00455134
237.5	0.03376351	0.00455134
237.6	0.03376351	0.00455134
237.7	0.03367063	0.00473711
237.8	0.03367063	0.00473711
237.9	0.03367063	0.00473711
238	0.03367063	0.00473711
238.1	0.03367063	0.00473711
238.2	0.03367063	0.00473711
238.3	0.03367063	0.00473711
238.4	0.03367063	0.00473711
238.5	0.03367063	0.00473711
238.6	0.03367063	0.00473711
238.7	0.03357774	0.00473711
238.8	0.03357774	0.00473711
238.9	0.03357774	0.00473711
239	0.03357774	0.00473711
239.1	0.03357774	0.00436557
239.2	0.03357774	0.00436557
239.3	0.03357774	0.00436557
239.4	0.03376351	0.0041798
239.5	0.03422793	0.0041798
239.6	0.03506389	0.00371538
239.7	0.03487812	0.00334384
239.8	0.03432082	0.00315807
239.9	0.03422793	0.00315807
240	0.03404216	0.00315807
240.1	0.03385639	0.00334384
240.2	0.03404216	0.00352961
240.3	0.03404216	0.00352961
240.4	0.03422793	0.00352961
240.5	0.03422793	0.00348317
240.6	0.03422793	0.00343673
240.7	0.03422793	0.00343673
240.8	0.03432082	0.00343673
240.9	0.03432082	0.00343673
241	0.03422793	0.00334384
241.1	0.03422793	0.00334384
241.2	0.03404216	0.0029723
241.3	0.03422793	0.0029723
241.4	0.03376351	0.0029723
241.5	0.03376351	0.0029723
241.6	0.03376351	0.0029723
241.7	0.03348486	0.0029723
241.8	0.03348486	0.0029723
241.9	0.03348486	0.0029723
242	0.03348486	0.0029723
242.1	0.03348486	0.0029723
242.2	0.03348486	0.0029723
242.3	0.03348486	0.0029723
242.4	0.03348486	0.0029723
242.5	0.03348486	0.00260077
242.6	0.03348486	0.00232211
242.7	0.03357774	0.00204346
242.8	0.03348486	0.00185769
242.9	0.03376351	0.00185769
243	0.03376351	0.00185769
243.1	0.03385639	0.00139327
243.2	0.03385639	0.00092884
243.3	0.03432082	0.00102173
243.4	0.03385639	0.00083596
243.5	0.03413505	0.00065019
243.6	0.03413505	0.00380826
243.7	0.03427438	0.00394759
243.8	0.0344137	0.00408692
243.9	0.03394928	0.00157904
244	0.03413505	0.00148615
244.1	0.03404216	0.00139327
244.2	0.03302043	0.00102173
244.3	0.03302043	0.00102173
244.4	0.03348486	0.0012075
244.5	0.03376351	0.00167192
244.6	0.03404216	0.00102173
244.7	0.0332062	0.00092884
244.8	0.03348486	0.00148615
244.9	0.03385639	0.00148615
245	0.03329909	0.00111461
245.1	0.03329909	0.00139327
245.2	0.03339197	0.00148615
245.3	0.03339197	0.00148615
245.4	0.03339197	0.00148615
245.5	0.03339197	0.00148615
245.6	0.03339197	0.00148615
245.7	0.03339197	0.00148615
245.8	0.03339197	0.00148615
245.9	0.03329909	0.00148615
246	0.03329909	0.00148615
246.1	0.03329909	0.00037154
246.2	0.03329909	0.00027865
246.3	0.03478524	0.00083596
246.4	0.03367063	0.00083596
246.5	0.03357774	0.00083596
246.6	0.03357774	0.00083596
246.7	0.03487812	0.00139327
246.8	0.03469236	0.00148615
246.9	0.0344137	0.00185769
247	0.03459947	0.00139327
247.1	0.03534255	0.00027865
247.2	0.03497101	0.00009288
247.3	0.03497101	0.00009288
247.4	0.03497101	0.00009288
247.5	0.03497101	0
247.6	0.03515678	0.00009288
247.7	0.03478524	-0.00046442
247.8	0.03571408	-0.00037154
247.9	0.03552832	-0.00083596
248	0.03552832	-0.00083596
248.1	0.03552832	-0.00083596
248.2	0.03487812	-0.0012075
248.3	0.03497101	-0.00130038
248.4	0.03552832	-0.00157904
248.5	0.03552832	-0.00106817
248.6	0.03552832	-0.00055731
248.7	0.03543543	-0.00102173
248.8	0.03552832	-0.00176481
248.9	0.03534255	-0.00130038
249	0.03534255	-0.00130038
249.1	0.03524966	-0.00130038
249.2	0.03524966	-0.00130038
249.3	0.03524966	-0.00130038
249.4	0.03524966	-0.00130038
249.5	0.03524966	-0.00130038
249.6	0.03524966	-0.00130038
249.7	0.03524966	-0.00130038
249.8	0.03524966	-0.00130038
249.9	0.03524966	-0.00130038
250	0.03524966	-0.00130038
250.1	0.03524966	-0.00130038
250.2	0.03524966	-0.00130038
250.3	0.03524966	-0.00130038
250.4	0.03524966	-0.00130038
250.5	0.03524966	-0.00130038
250.6	0.03524966	-0.00130038
250.7	0.03524966	-0.00130038
250.8	0.03515678	-0.00260077
250.9	0.03515678	-0.00260077
251	0.03515678	-0.00260077
251.1	0.03515678	-0.00260077
251.2	0.03469236	-0.00232211
251.3	0.03469236	-0.00232211
251.4	0.0332062	-0.00204346
251.5	0.03385639	-0.00195057
251.6	0.03450659	-0.00195057
251.7	0.03450659	-0.00195057
251.8	0.03450659	-0.00185769
251.9	0.03311332	-0.00185769
252	0.0332062	-0.00232211
252.1	0.03357774	-0.002415
252.2	0.03367063	-0.002415
252.3	0.03348486	-0.00250788
252.4	0.03227736	-0.0036225
252.5	0.03227736	-0.0036225
252.6	0.03292755	-0.00343673
252.7	0.03357774	-0.00269365
252.8	0.03357774	-0.00260077
252.9	0.03329909	-0.00260077
253	0.03209159	-0.002415
253.1	0.03209159	-0.00232211
253.2	0.03218447	-0.00232211
253.3	0.03274178	-0.00232211
253.4	0.03274178	-0.00232211
253.5	0.03255601	-0.002415
253.6	0.03237024	-0.002415
253.7	0.03209159	-0.00260077
253.8	0.03199871	-0.00269365
253.9	0.03227736	-0.00315807
254	0.03227736	-0.00315807
254.1	0.03209159	-0.00325096
254.2	0.03209159	-0.00325096
254.3	0.03209159	-0.00315807
254.4	0.03227736	-0.00315807
254.5	0.03227736	-0.00315807
254.6	0.03227736	-0.00315807
254.7	0.03227736	-0.00315807
254.8	0.03227736	-0.00315807
254.9	0.03227736	-0.00315807
255	0.03227736	-0.00315807
255.1	0.03246313	-0.00315807
255.2	0.03339197	-0.00287942
255.3	0.03339197	-0.00287942
255.4	0.03339197	-0.00287942
255.5	0.03274178	-0.00269365
255.6	0.03209159	-0.00260077
255.7	0.03209159	-0.00260077
255.8	0.03153428	-0.00269365
255.9	0.03190582	-0.00278654
256	0.03218447	-0.00287942
256.1	0.03218447	-0.00287942
256.2	0.03218447	-0.00287942
256.3	0.03218447	-0.00287942
256.4	0.03218447	-0.00287942
256.5	0.03218447	-0.00352961
256.6	0.03218447	-0.00352961
256.7	0.03218447	-0.00352961
256.8	0.03218447	-0.00352961
256.9	0.03218447	-0.00352961
257	0.03218447	-0.00352961
257.1	0.03218447	-0.00352961
257.2	0.03218447	-0.00352961
257.3	0.03218447	-0.00352961
257.4	0.03218447	-0.00352961
257.5	0.03199871	-0.00352961
257.6	0.03032678	-0.00315807
257.7	0.03032678	-0.00315807
257.8	0.03041967	-0.00306519
257.9	0.03060544	-0.00306519
258	0.03032678	-0.00306519
258.1	0.0302339	-0.00306519
258.2	0.02958371	-0.00306519
258.3	0.02958371	-0.00306519
258.4	0.02958371	-0.00306519
258.5	0.03051255	-0.0029723
258.6	0.03051255	-0.0029723
258.7	0.03079121	-0.0029723
258.8	0.03079121	-0.0029723
258.9	0.03079121	-0.0029723
259	0.03079121	-0.00287942
259.1	0.03079121	-0.00287942
259.2	0.03051255	-0.00334384
259.3	0.03014102	-0.00315807
259.4	0.03014102	-0.00315807
259.5	0.03014102	-0.00315807
259.6	0.03014102	-0.00315807
259.7	0.03014102	-0.00315807
259.8	0.03014102	-0.00315807
259.9	0.03014102	-0.00315807
260	0.03014102	-0.00315807
260.1	0.03014102	-0.00315807
260.2	0.03014102	-0.00315807
260.3	0.0302339	-0.00390115
260.4	0.0302339	-0.00390115
260.5	0.02967659	-0.0036225
260.6	0.02884063	-0.00352961
260.7	0.02884063	-0.00352961
260.8	0.0290264	-0.00352961
260.9	0.02958371	-0.0036225
261	0.02995525	-0.00352961
261.1	0.02995525	-0.00352961
261.2	0.03032678	-0.00334384
261.3	0.03032678	-0.00334384
261.4	0.03032678	-0.00334384
261.5	0.03032678	-0.00343673
261.6	0.03032678	-0.00343673
261.7	0.03004813	-0.00390115
261.8	0.02967659	-0.00399403
261.9	0.02967659	-0.00408692
262	0.02967659	-0.00408692
262.1	0.03032678	-0.00427269
262.2	0.03032678	-0.00427269
262.3	0.03041967	-0.00408692
262.4	0.03097698	-0.00371538
262.5	0.03106986	-0.00371538
262.6	0.03106986	-0.00371538
262.7	0.03106986	-0.00371538
262.8	0.03106986	-0.00371538
262.9	0.03106986	-0.00371538
263	0.03106986	-0.00371538
263.1	0.03106986	-0.00371538
263.2	0.03106986	-0.00371538
263.3	0.03106986	-0.00371538
263.4	0.03106986	-0.00371538
263.5	0.03079121	-0.00334384
263.6	0.03079121	-0.00334384
263.7	0.03041967	-0.00325096
263.8	0.03041967	-0.00325096
263.9	0.03041967	-0.00325096
264	0.03004813	-0.00306519
264.1	0.03004813	-0.00278654
264.2	0.02995525	-0.002415
264.3	0.02995525	-0.002415
264.4	0.02976948	-0.00222923
264.5	0.02976948	-0.00222923
264.6	0.02976948	-0.00222923
264.7	0.03051255	-0.00195057
264.8	0.03051255	-0.00195057
264.9	0.03051255	-0.00195057
265	0.03097698	-0.00222923
265.1	0.03097698	-0.00222923
265.2	0.03097698	-0.00232211
265.3	0.03097698	-0.00232211
265.4	0.03097698	-0.00232211
265.5	0.03097698	-0.00232211
265.6	0.03097698	-0.00232211
265.7	0.03097698	-0.00232211
265.8	0.03097698	-0.00232211
265.9	0.03097698	-0.00232211
266	0.03097698	-0.00232211
266.1	0.03097698	-0.00232211
266.2	0.03097698	-0.00232211
266.3	0.03097698	-0.00232211
266.4	0.03097698	-0.00232211
266.5	0.03097698	-0.00232211
266.6	0.03097698	-0.00232211
266.7	0.03097698	-0.00232211
266.8	0.03097698	-0.00232211
266.9	0.03097698	-0.00232211
267	0.03079121	-0.00232211
267.1	0.02949082	-0.00232211
267.2	0.02949082	-0.00232211
267.3	0.02949082	-0.00232211
267.4	0.02949082	-0.00232211
267.5	0.02949082	-0.00232211
267.6	0.02949082	-0.00232211
267.7	0.02949082	-0.00232211
267.8	0.02949082	-0.00232211
267.9	0.02949082	-0.00232211
268	0.02949082	-0.00232211
268.1	0.02837621	-0.00250788
268.2	0.02856198	-0.00260077
268.3	0.02874775	-0.00260077
268.4	0.02874775	-0.00260077
268.5	0.02874775	-0.00260077
268.6	0.02874775	-0.00260077
268.7	0.02884063	-0.00260077
268.8	0.02884063	-0.00260077
268.9	0.02884063	-0.00260077
269	0.02939794	-0.00287942
269.1	0.02939794	-0.00287942
269.2	0.02939794	-0.00287942
269.3	0.02939794	-0.00287942
269.4	0.02939794	-0.00287942
269.5	0.02939794	-0.00287942
269.6	0.02949082	-0.00287942
269.7	0.02995525	-0.00269365
269.8	0.02995525	-0.00269365
269.9	0.02995525	-0.00269365
270	0.02995525	-0.00269365
270.1	0.02995525	-0.00269365
270.2	0.03032678	-0.00250788
270.3	0.03032678	-0.00250788
270.4	0.03032678	-0.00250788
270.5	0.03032678	-0.00250788
270.6	0.0302339	-0.00250788
270.7	0.02930506	-0.00250788
270.8	0.02930506	-0.00250788
270.9	0.02976948	-0.002415
271	0.0302339	-0.00232211
271.1	0.0302339	-0.00232211
271.2	0.0302339	-0.00232211
271.3	0.0302339	-0.00232211
271.4	0.0302339	-0.00232211
271.5	0.0302339	-0.00232211
271.6	0.0302339	-0.00232211
271.7	0.0302339	-0.00232211
271.8	0.0302339	-0.00232211
271.9	0.0302339	-0.00232211
272	0.0302339	-0.00232211
272.1	0.0302339	-0.00232211
272.2	0.0302339	-0.00232211
272.3	0.03041967	-0.0029723
272.4	0.03041967	-0.0029723
272.5	0.03041967	-0.0029723
272.6	0.03041967	-0.0029723
272.7	0.03069832	-0.0029723
272.8	0.03116274	-0.00287942
272.9	0.03181294	-0.00287942
273	0.03181294	-0.00287942
273.1	0.03181294	-0.00287942
273.2	0.03116274	-0.00269365
273.3	0.03116274	-0.00269365
273.4	0.03125563	-0.00269365
273.5	0.0314414	-0.00269365
273.6	0.0314414	-0.00269365
273.7	0.03041967	-0.00260077
273.8	0.03041967	-0.00260077
273.9	0.03069832	-0.00260077
274	0.03088409	-0.00260077
274.1	0.03088409	-0.00260077
274.2	0.03088409	-0.00260077
274.3	0.03088409	-0.00260077
274.4	0.02967659	-0.00260077
274.5	0.02986236	-0.00260077
274.6	0.02986236	-0.00260077
274.7	0.0302339	-0.00260077
274.8	0.03097698	-0.00269365
274.9	0.03125563	-0.00269365
275	0.03125563	-0.00269365
275.1	0.03125563	-0.00269365
275.2	0.03116274	-0.00269365
275.3	0.03079121	-0.00278654
275.4	0.03079121	-0.00278654
275.5	0.03079121	-0.00278654
275.6	0.03079121	-0.00278654
275.7	0.03079121	-0.00278654
275.8	0.03041967	-0.00287942
275.9	0.03069832	-0.00306519
276	0.03088409	-0.00334384
276.1	0.03004813	-0.00334384
276.2	0.03125563	-0.00334384
276.3	0.03153428	-0.00343673
276.4	0.0314414	-0.00399403
276.5	0.03051255	-0.00390115
276.6	0.03102342	-0.00380826
276.7	0.03153428	-0.00371538
276.8	0.03172005	-0.0036225
276.9	0.03172005	-0.00371538
277	0.03106986	-0.00371538
277.1	0.03079121	-0.00371538
277.2	0.03088409	-0.00371538
277.3	0.03088409	-0.00371538
277.4	0.03079121	-0.00390115
277.5	0.03069832	-0.00390115
277.6	0.03069832	-0.00390115
277.7	0.02958371	-0.00408692
277.8	0.0302339	-0.00427269
277.9	0.03051255	-0.00427269
278	0.03060544	-0.00427269
278.1	0.03060544	-0.00427269
278.2	0.03060544	-0.00427269
278.3	0.03060544	-0.00427269
278.4	0.02995525	-0.00427269
278.5	0.02995525	-0.00427269
278.6	0.03079121	-0.0041798
278.7	0.03079121	-0.0041798
278.8	0.03079121	-0.0041798
278.9	0.03060544	-0.0041798
279	0.03060544	-0.0041798
279.1	0.03060544	-0.0041798
279.2	0.03069832	-0.00427269
279.3	0.03125563	-0.00427269
279.4	0.03004813	-0.00520153
279.5	0.03004813	-0.00520153
279.6	0.03004813	-0.00520153
279.7	0.02949082	-0.00520153
279.8	0.02921217	-0.00520153
279.9	0.02921217	-0.00520153
280	0.02921217	-0.00520153
280.1	0.02921217	-0.00520153
280.2	0.02921217	-0.00520153
280.3	0.02939794	-0.00520153
280.4	0.02939794	-0.00520153
280.5	0.02939794	-0.00520153
280.6	0.02939794	-0.00520153
280.7	0.02939794	-0.00520153
280.8	0.02939794	-0.00520153
280.9	0.02939794	-0.00520153
281	0.02939794	-0.00520153
281.1	0.02939794	-0.00520153
281.2	0.02939794	-0.00520153
281.3	0.02939794	-0.00520153
281.4	0.02939794	-0.00520153
281.5	0.02939794	-0.00520153
281.6	0.02939794	-0.00520153
281.7	0.02939794	-0.00520153
281.8	0.02939794	-0.00520153
281.9	0.02939794	-0.00520153
282	0.02939794	-0.00520153
282.1	0.02939794	-0.00520153
282.2	0.02939794	-0.00520153
282.3	0.02911929	-0.00529442
282.4	0.02846909	-0.00548019
282.5	0.02846909	-0.00557307
282.6	0.02846909	-0.00557307
282.7	0.02846909	-0.00557307
282.8	0.02846909	-0.00557307
282.9	0.02856198	-0.00557307
283	0.02856198	-0.00557307
283.1	0.02856198	-0.00557307
283.2	0.02884063	-0.00557307
283.3	0.02884063	-0.00557307
283.4	0.02884063	-0.00557307
283.5	0.02884063	-0.00557307
283.6	0.02884063	-0.00557307
283.7	0.02884063	-0.00557307
283.8	0.02884063	-0.00557307
283.9	0.02884063	-0.00557307
284	0.02911929	-0.00529442
284.1	0.02911929	-0.00529442
284.2	0.02911929	-0.00529442
284.3	0.02911929	-0.00529442
284.4	0.02911929	-0.00529442
284.5	0.02911929	-0.00529442
284.6	0.02911929	-0.00473711
284.7	0.02911929	-0.00445846
284.8	0.02911929	-0.00445846
284.9	0.02911929	-0.00445846
285	0.02958371	-0.00427269
285.1	0.02995525	-0.00464422
285.2	0.02995525	-0.00464422
285.3	0.02995525	-0.00464422
285.4	0.02976948	-0.00464422
285.5	0.02930506	-0.00455134
285.6	0.02958371	-0.00445846
285.7	0.02995525	-0.00473711
285.8	0.03014102	-0.00510865
285.9	0.02930506	-0.00473711
286	0.03088409	-0.00445846
286.1	0.03116274	-0.00445846
286.2	0.0314414	-0.00445846
286.3	0.03116274	-0.00473711
286.4	0.03088409	-0.00482999
286.5	0.03060544	-0.00510865
286.6	0.03051255	-0.00501576
286.7	0.03051255	-0.00501576
286.8	0.03088409	-0.00492288
286.9	0.03088409	-0.00492288
287	0.03106986	-0.00492288
287.1	0.0314414	-0.00455134
287.2	0.03172005	-0.00455134
287.3	0.03172005	-0.00455134
287.4	0.03172005	-0.00455134
287.5	0.03172005	-0.00455134
287.6	0.03153428	-0.00455134
287.7	0.03116274	-0.00455134
287.8	0.03116274	-0.00455134
287.9	0.03116274	-0.00455134
288	0.03116274	-0.00455134
288.1	0.03116274	-0.00455134
288.2	0.03116274	-0.00455134
288.3	0.03116274	-0.00455134
288.4	0.03116274	-0.00455134
288.5	0.03116274	-0.00455134
288.6	0.03106986	-0.00529442
288.7	0.03106986	-0.00529442
288.8	0.03106986	-0.00529442
288.9	0.03106986	-0.00529442
289	0.0314414	-0.00557307
289.1	0.03125563	-0.00594461
289.2	0.03106986	-0.00603749
289.3	0.03088409	-0.00566595
289.4	0.03153428	-0.00529442
289.5	0.03181294	-0.00557307
289.6	0.03181294	-0.00613038
289.7	0.03181294	-0.00608393
289.8	0.03181294	-0.00603749
289.9	0.03209159	-0.00650191
290	0.03218447	-0.0065948
290.1	0.03218447	-0.00687345
290.2	0.03218447	-0.00687345
290.3	0.03218447	-0.00687345
290.4	0.03255601	-0.00696634
290.5	0.03274178	-0.00678057
290.6	0.03283467	-0.00650191
290.7	0.03311332	-0.00622326
290.8	0.03311332	-0.00622326
290.9	0.03311332	-0.00594461
291	0.03311332	-0.00594461
291.1	0.03292755	-0.00585172
291.2	0.03283467	-0.00557307
291.3	0.03292755	-0.00510865
291.4	0.03292755	-0.00510865
291.5	0.03209159	-0.00594461
291.6	0.03283467	-0.00622326
291.7	0.03302043	-0.00622326
291.8	0.03302043	-0.00622326
291.9	0.03302043	-0.00622326
292	0.03292755	-0.00622326
292.1	0.03237024	-0.00631615
292.2	0.03237024	-0.00678057
292.3	0.03302043	-0.00687345
292.4	0.03329909	-0.00668768
292.5	0.03329909	-0.00640903
292.6	0.03329909	-0.00631615
292.7	0.03329909	-0.00631615
292.8	0.03302043	-0.00613038
292.9	0.03274178	-0.00613038
293	0.03246313	-0.00631615
293.1	0.03209159	-0.00650191
293.2	0.03209159	-0.00650191
293.3	0.03190582	-0.00650191
293.4	0.0314414	-0.00640903
293.5	0.03172005	-0.00566595
293.6	0.03218447	-0.00529442
293.7	0.03227736	-0.00603749
293.8	0.03237024	-0.00631615
293.9	0.03209159	-0.00650191
294	0.03190582	-0.0065948
294.1	0.03172005	-0.0065948
294.2	0.03153428	-0.00575884
294.3	0.03218447	-0.00557307
294.4	0.03255601	-0.00594461
294.5	0.03255601	-0.00640903
294.6	0.03218447	-0.00668768
294.7	0.03162717	-0.00668768
294.8	0.03172005	-0.0065948
294.9	0.03181294	-0.00650191
295	0.03218447	-0.00650191
295.1	0.03218447	-0.00640903
295.2	0.03218447	-0.00640903
295.3	0.03162717	-0.00640903
295.4	0.03116274	-0.00640903
295.5	0.03106986	-0.00640903
295.6	0.03051255	-0.00640903
295.7	0.02995525	-0.00640903
295.8	0.02986236	-0.0065948
295.9	0.02986236	-0.00668768
296	0.0302339	-0.00678057
296.1	0.03032678	-0.00687345
296.2	0.03041967	-0.00687345
296.3	0.03041967	-0.00687345
296.4	0.02995525	-0.00687345
296.5	0.02930506	-0.00687345
296.6	0.0290264	-0.00687345
296.7	0.02856198	-0.00687345
296.8	0.02856198	-0.00687345
296.9	0.02856198	-0.00687345
297	0.02856198	-0.00687345
297.1	0.02874775	-0.00687345
297.2	0.02874775	-0.00687345
297.3	0.02874775	-0.00687345
297.4	0.02828333	-0.00678057
297.5	0.02809756	-0.00678057
297.6	0.02958371	-0.00650191
297.7	0.02958371	-0.00650191
297.8	0.02958371	-0.00650191
297.9	0.02995525	-0.00650191
298	0.03060544	-0.00640903
298.1	0.03181294	-0.00640903
298.2	0.03246313	-0.00631615
298.3	0.03246313	-0.00631615
298.4	0.03283467	-0.00622326
298.5	0.03348486	-0.00566595
298.6	0.03348486	-0.00566595
298.7	0.03348486	-0.00566595
298.8	0.03348486	-0.00566595
298.9	0.03348486	-0.00566595
299	0.03348486	-0.00566595
299.1	0.0332062	-0.00548019
299.2	0.0332062	-0.00548019
299.3	0.0332062	-0.00548019
299.4	0.0332062	-0.00548019
299.5	0.03311332	-0.00520153
299.6	0.03311332	-0.00520153
299.7	0.03311332	-0.00520153
299.8	0.03311332	-0.00520153
299.9	0.03311332	-0.00520153
