0	0.0142099	-0.0280347
0.1	0.0139868	-0.0280347
0.2	0.0128718	-0.0280347
0.3	0.0129833	-0.0280347
0.4	0.0130948	-0.0280347
0.5	0.0130948	-0.0274771
0.6	0.0132063	-0.0274771
0.7	0.0136523	-0.0274771
0.8	0.0139868	-0.0274771
0.9	0.0139868	-0.0274771
1	0.0135408	-0.0275887
1.1	0.0134293	-0.0277002
1.2	0.0127603	-0.0272541
1.3	0.0127603	-0.0272541
1.4	0.0133178	-0.0272541
1.5	0.0127603	-0.0272541
1.6	0.0127603	-0.0273656
1.7	0.0127603	-0.0274771
1.8	0.0129833	-0.0269196
1.9	0.0132063	-0.0269196
2	0.0138753	-0.0269196
2.1	0.0138753	-0.0269196
2.2	0.0138753	-0.0269196
2.3	0.0138753	-0.0270311
2.4	0.0139868	-0.0272541
2.5	0.0138753	-0.0271426
2.6	0.0138753	-0.0271426
2.7	0.0139868	-0.0271426
2.8	0.0139868	-0.0271426
2.9	0.0140984	-0.0271426
3	0.0136523	-0.0265851
3.1	0.0136523	-0.0265851
3.2	0.0139868	-0.0264736
3.3	0.0139868	-0.0264736
3.4	0.0140984	-0.0263621
3.5	0.0137638	-0.0262506
3.6	0.0134293	-0.0263621
3.7	0.0133178	-0.0270311
3.8	0.0133178	-0.0270311
3.9	0.0127603	-0.0281462
4	0.0127603	-0.0282577
4.1	0.0130948	-0.0282577
4.2	0.0135408	-0.0281462
4.3	0.0138753	-0.0281462
4.4	0.0138753	-0.0291497
4.5	0.0138753	-0.0291497
4.6	0.0136523	-0.0289267
4.7	0.0136523	-0.0288152
4.8	0.0136523	-0.0287037
4.9	0.0139868	-0.0285922
5	0.0139868	-0.0285922
5.1	0.0144329	-0.0284807
5.2	0.0139868	-0.0287037
5.3	0.0137638	-0.0289267
5.4	0.0137638	-0.0289267
5.5	0.0140984	-0.0289267
5.6	0.0134293	-0.0284807
5.7	0.0129833	-0.0285922
5.8	0.0129833	-0.0287037
5.9	0.0127603	-0.0294842
6	0.0129833	-0.0293727
6.1	0.0127603	-0.0289267
6.2	0.0130948	-0.0285922
6.3	0.0132063	-0.0288152
6.4	0.0135408	-0.0294842
6.5	0.0128718	-0.0297072
6.6	0.0126488	-0.0289267
6.7	0.0128718	-0.0287037
6.8	0.0135408	-0.0284807
6.9	0.0137638	-0.0288152
7	0.0136523	-0.0289267
7.1	0.0130948	-0.0289267
7.2	0.0132063	-0.0285922
7.3	0.0134293	-0.0294842
7.4	0.0136523	-0.0294842
7.5	0.0134293	-0.0290382
7.6	0.0134293	-0.0292612
7.7	0.0135408	-0.0292612
7.8	0.0135408	-0.0289267
7.9	0.0137638	-0.0289267
8	0.0143214	-0.0290382
8.1	0.0144329	-0.0290382
8.2	0.0144329	-0.0290382
8.3	0.0144329	-0.0291497
8.4	0.0143214	-0.0291497
8.5	0.0143214	-0.0291497
8.6	0.0143214	-0.0291497
8.7	0.0146559	-0.0291497
8.8	0.0149904	-0.0289267
8.9	0.0149904	-0.0289267
9	0.0151019	-0.0289267
9.1	0.0152134	-0.0284807
9.2	0.0152134	-0.0284807
9.3	0.0149904	-0.0280347
9.4	0.0149904	-0.0280347
9.5	0.0144329	-0.0280347
9.6	0.0143214	-0.0280347
9.7	0.0136523	-0.0280347
9.8	0.0135408	-0.0284807
9.9	0.0134293	-0.0287037
10	0.0134293	-0.0287037
10.1	0.0136523	-0.0287037
10.2	0.0140984	-0.0288152
10.3	0.0140984	-0.0287037
10.4	0.0140984	-0.0287037
10.5	0.0140984	-0.0281462
10.6	0.0138753	-0.0280347
10.7	0.0136523	-0.0280347
10.8	0.0133178	-0.0281462
10.9	0.0132063	-0.0281462
11	0.0132063	-0.0281462
11.1	0.0132063	-0.0281462
11.2	0.0132063	-0.0281462
11.3	0.0134293	-0.0281462
11.4	0.0140984	-0.0282577
11.5	0.0142099	-0.0284807
11.6	0.0140984	-0.0290382
11.7	0.0139868	-0.0291497
11.8	0.0134293	-0.0288152
11.9	0.0136523	-0.0285922
12	0.0140984	-0.0285922
12.1	0.0137638	-0.0284807
12.2	0.0137638	-0.0284807
12.3	0.0137638	-0.0284807
12.4	0.0137638	-0.0284807
12.5	0.0137638	-0.0282577
12.6	0.0137638	-0.0282577
12.7	0.0135408	-0.0282577
12.8	0.0135408	-0.0282577
12.9	0.0137638	-0.0283692
13	0.0137638	-0.0283692
13.1	0.0137638	-0.0282577
13.2	0.0137638	-0.0282577
13.3	0.0137638	-0.0282577
13.4	0.0136523	-0.0283692
13.5	0.0137638	-0.0284807
13.6	0.0137638	-0.0284807
13.7	0.0137638	-0.0284807
13.8	0.0138753	-0.0284807
13.9	0.0142099	-0.0284807
14	0.0144329	-0.0283692
14.1	0.0145444	-0.0278117
14.2	0.0145444	-0.0278117
14.3	0.0145444	-0.0278117
14.4	0.0142099	-0.0278117
14.5	0.0146559	-0.0275887
14.6	0.0145444	-0.0273656
14.7	0.0145444	-0.0272541
14.8	0.0143214	-0.0274771
14.9	0.0143214	-0.0274771
15	0.0143214	-0.0274771
15.1	0.0143214	-0.0274771
15.2	0.0143214	-0.0272541
15.3	0.0143214	-0.0272541
15.4	0.0133178	-0.0277002
15.5	0.0143214	-0.0285922
15.6	0.0147674	-0.0285922
15.7	0.0152134	-0.0280347
15.8	0.0152134	-0.0280347
15.9	0.0152134	-0.0280347
16	0.0156594	-0.0280347
16.1	0.0156594	-0.0280347
16.2	0.0156594	-0.0285922
16.3	0.0156594	-0.0287037
16.4	0.0157709	-0.0287037
16.5	0.0158824	-0.0285922
16.6	0.0159939	-0.0284807
16.7	0.0157709	-0.0282577
16.8	0.0155479	-0.0282577
16.9	0.0157709	-0.0282577
17	0.0157709	-0.0282577
17.1	0.0152134	-0.0283692
17.2	0.0151019	-0.0283692
17.3	0.0149904	-0.0283692
17.4	0.0149904	-0.0283692
17.5	0.0149904	-0.0283692
17.6	0.0148789	-0.0283692
17.7	0.0136523	-0.0280347
17.8	0.0136523	-0.0280347
17.9	0.0135408	-0.0282577
18	0.0135408	-0.0284807
18.1	0.0134293	-0.0284807
18.2	0.0134293	-0.0284807
18.3	0.0134293	-0.0284807
18.4	0.0134293	-0.0283692
18.5	0.0134293	-0.0279232
18.6	0.0134293	-0.0279232
18.7	0.0135408	-0.0279232
18.8	0.0133178	-0.0279232
18.9	0.0133178	-0.0277002
19	0.0132063	-0.0277002
19.1	0.0127603	-0.0279232
19.2	0.0127603	-0.0279232
19.3	0.0127603	-0.0279232
19.4	0.0127603	-0.0275887
19.5	0.0133178	-0.0274771
19.6	0.0134293	-0.0273656
19.7	0.0134293	-0.0273656
19.8	0.0134293	-0.0273656
19.9	0.0134293	-0.0273656
20	0.0134293	-0.0273656
20.1	0.0126488	-0.0281462
20.2	0.0126488	-0.0281462
20.3	0.0134293	-0.0280347
20.4	0.0134293	-0.0280347
20.5	0.0134293	-0.0280347
20.6	0.0134293	-0.0280347
20.7	0.0135408	-0.0277002
20.8	0.0137638	-0.0275887
20.9	0.0137638	-0.0275887
21	0.0139868	-0.0274771
21.1	0.0139868	-0.0274771
21.2	0.0139868	-0.0270311
21.3	0.0139868	-0.0270311
21.4	0.0139868	-0.0270311
21.5	0.0138753	-0.0266966
21.6	0.0138753	-0.0263621
21.7	0.0136523	-0.0260276
21.8	0.0134293	-0.0259161
21.9	0.0132063	-0.0258046
22	0.0132063	-0.0258046
22.1	0.0132063	-0.0258046
22.2	0.0136523	-0.0258046
22.3	0.0138753	-0.0256931
22.4	0.0138753	-0.0254701
22.5	0.0139868	-0.024355
22.6	0.0139868	-0.024355
22.7	0.0143214	-0.023686
22.8	0.0149904	-0.0237975
22.9	0.0144329	-0.0217904
23	0.0144329	-0.0235745
23.1	0.0151019	-0.0240205
23.2	0.0139868	-0.0242435
23.3	0.0139868	-0.0242435
23.4	0.0139868	-0.0242435
23.5	0.0139868	-0.0242435
23.6	0.0139868	-0.0242435
23.7	0.0139868	-0.0242435
23.8	0.0139868	-0.0235745
23.9	0.0139868	-0.0235745
24	0.0143214	-0.023017
24.1	0.0143214	-0.023017
24.2	0.0139868	-0.0235745
24.3	0.0139868	-0.0235745
24.4	0.0139868	-0.0235745
24.5	0.0130948	-0.023686
24.6	0.0130948	-0.023686
24.7	0.0129833	-0.023909
24.8	0.0139868	-0.0233515
24.9	0.0139868	-0.0233515
25	0.0139868	-0.0233515
25.1	0.0139868	-0.0229055
25.2	0.0139868	-0.0229055
25.3	0.0138753	-0.022794
25.4	0.0138753	-0.022794
25.5	0.0135408	-0.022794
25.6	0.0135408	-0.022794
25.7	0.0135408	-0.022794
25.8	0.0135408	-0.022794
25.9	0.0135408	-0.022794
26	0.0135408	-0.022794
26.1	0.0135408	-0.022794
26.2	0.0130948	-0.0229055
26.3	0.0124258	-0.0229055
26.4	0.0124258	-0.0229055
26.5	0.0130948	-0.02324
26.6	0.0133178	-0.02324
26.7	0.0135408	-0.0233515
26.8	0.0137638	-0.023686
26.9	0.0135408	-0.024132
27	0.0135408	-0.024132
27.1	0.0135408	-0.0237975
27.2	0.0134293	-0.023686
27.3	0.0133178	-0.0233515
27.4	0.0133178	-0.0233515
27.5	0.0133178	-0.0233515
27.6	0.0133178	-0.0233515
27.7	0.0129833	-0.0233515
27.8	0.0129833	-0.0233515
27.9	0.0129833	-0.0233515
28	0.0134293	-0.0231285
28.1	0.0134293	-0.0231285
28.2	0.0134293	-0.0231285
28.3	0.0134293	-0.0231285
28.4	0.0134293	-0.0231285
28.5	0.0134293	-0.0231285
28.6	0.0134293	-0.0231285
28.7	0.0134293	-0.0231285
28.8	0.0119798	-0.023017
28.9	0.0118683	-0.023017
29	0.0115337	-0.023017
29.1	0.0115337	-0.022794
29.2	0.0115337	-0.0225709
29.3	0.0117568	-0.0224594
29.4	0.0118683	-0.0223479
29.5	0.0130948	-0.0219019
29.6	0.0124258	-0.0215674
29.7	0.0124258	-0.0215674
29.8	0.0126488	-0.0214559
29.9	0.0126488	-0.0214559
30	0.0120913	-0.0216789
30.1	0.0120913	-0.0216789
30.2	0.0118683	-0.0217904
30.3	0.0118683	-0.0217904
30.4	0.0125373	-0.0219019
30.5	0.0125373	-0.0219019
30.6	0.0125373	-0.0206754
30.7	0.0119798	-0.0211214
30.8	0.0106417	-0.0211214
30.9	0.0107532	-0.0214559
31	0.0109762	-0.0214559
31.1	0.0113107	-0.0214559
31.2	0.0109762	-0.0215674
31.3	0.0109762	-0.0215674
31.4	0.0109762	-0.0222364
31.5	0.0109762	-0.0222364
31.6	0.0109762	-0.0222364
31.7	0.0109762	-0.0222364
31.8	0.0113107	-0.0223479
31.9	0.0113107	-0.0223479
32	0.0099727	-0.022794
32.1	0.0099727	-0.022794
32.2	0.0104187	-0.0231285
32.3	0.0093037	-0.0231285
32.4	0.0093037	-0.0231285
32.5	0.0090806	-0.0229055
32.6	0.0090806	-0.0229055
32.7	0.0093037	-0.0229055
32.8	0.0096382	-0.0233515
32.9	0.0096382	-0.0233515
33	0.0096382	-0.0233515
33.1	0.0096382	-0.02324
33.2	0.0099727	-0.0229055
33.3	0.0099727	-0.0229055
33.4	0.0091922	-0.023463
33.5	0.0090806	-0.023686
33.6	0.0090806	-0.0237975
33.7	0.0094152	-0.024132
33.8	0.0099727	-0.023909
33.9	0.0103072	-0.0235745
34	0.0103072	-0.0235745
34.1	0.0103072	-0.0235745
34.2	0.0097497	-0.023686
34.3	0.0096382	-0.023686
34.4	0.0099727	-0.024355
34.5	0.0100842	-0.024355
34.6	0.0100842	-0.024355
34.7	0.0099727	-0.0244665
34.8	0.0098612	-0.0244665
34.9	0.0094152	-0.024578
35	0.0090806	-0.0246895
35.1	0.0095267	-0.0246895
35.2	0.0095267	-0.0246895
35.3	0.0100842	-0.0246895
35.4	0.0100842	-0.024801
35.5	0.0100842	-0.024801
35.6	0.0101957	-0.024801
35.7	0.0107532	-0.024801
35.8	0.0107532	-0.024801
35.9	0.0107532	-0.024801
36	0.0107532	-0.024801
36.1	0.0107532	-0.0242435
36.2	0.0107532	-0.0242435
36.3	0.0108647	-0.0242435
36.4	0.0118683	-0.0249125
36.5	0.0123143	-0.025024
36.6	0.0116453	-0.025024
36.7	0.0116453	-0.025024
36.8	0.0116453	-0.0249125
36.9	0.0116453	-0.0249125
37	0.0116453	-0.0249125
37.1	0.0116453	-0.0249125
37.2	0.0118683	-0.0249125
37.3	0.0118683	-0.0249125
37.4	0.0118683	-0.0249125
37.5	0.0118683	-0.0249125
37.6	0.0115337	-0.0246895
37.7	0.0115337	-0.0246895
37.8	0.0115337	-0.0246895
37.9	0.0115337	-0.0242435
38	0.0108647	-0.0242435
38.1	0.0104187	-0.024578
38.2	0.0101957	-0.0246895
38.3	0.0101957	-0.0246895
38.4	0.0101957	-0.024801
38.5	0.0101957	-0.0249125
38.6	0.0104187	-0.025024
38.7	0.0105302	-0.025024
38.8	0.0105302	-0.0253586
38.9	0.0100842	-0.0254701
39	0.0100842	-0.0254701
39.1	0.0104187	-0.0254701
39.2	0.0105302	-0.0259161
39.3	0.0098612	-0.0258046
39.4	0.0098612	-0.0255816
39.5	0.0098612	-0.0254701
39.6	0.0101957	-0.0251356
39.7	0.0101957	-0.0251356
39.8	0.0101957	-0.0251356
39.9	0.0100842	-0.0251356
40	0.0100842	-0.0246895
40.1	0.0104187	-0.025024
40.2	0.0098612	-0.0254701
40.3	0.0097497	-0.0254701
40.4	0.0097497	-0.024801
40.5	0.0101957	-0.0252471
40.6	0.0103072	-0.0253586
40.7	0.0103072	-0.0256931
40.8	0.0095267	-0.0256931
40.9	0.0095267	-0.0258046
41	0.0100842	-0.0258046
41.1	0.0100842	-0.0258046
41.2	0.0100842	-0.0253586
41.3	0.0099727	-0.0251356
41.4	0.0099727	-0.0251356
41.5	0.0098612	-0.0246895
41.6	0.0098612	-0.0246895
41.7	0.0104187	-0.0246895
41.8	0.0106417	-0.0246895
41.9	0.0106417	-0.0246895
42	0.0105302	-0.0246895
42.1	0.0090806	-0.0242435
42.2	0.0090806	-0.0246895
42.3	0.0098612	-0.0246895
42.4	0.0101957	-0.0240205
42.5	0.0104187	-0.0240205
42.6	0.0107532	-0.024132
42.7	0.0107532	-0.024132
42.8	0.0105302	-0.024578
42.9	0.0105302	-0.024578
43	0.0108647	-0.0242435
43.1	0.0105302	-0.0246895
43.2	0.0101957	-0.025024
43.3	0.0104187	-0.0252471
43.4	0.0107532	-0.0253586
43.5	0.0109762	-0.0252471
43.6	0.0113107	-0.0246895
43.7	0.0108647	-0.0246895
43.8	0.0107532	-0.024801
43.9	0.0108647	-0.025024
44	0.0109762	-0.0246895
44.1	0.0109762	-0.0246895
44.2	0.0113107	-0.024578
44.3	0.0113107	-0.0244665
44.4	0.0113107	-0.0244665
44.5	0.0116453	-0.0237975
44.6	0.0115337	-0.0237975
44.7	0.0114222	-0.0240205
44.8	0.0113107	-0.0249125
44.9	0.0114222	-0.025024
45	0.0122028	-0.025024
45.1	0.0122028	-0.025024
45.2	0.0122028	-0.025024
45.3	0.0122028	-0.025024
45.4	0.0115337	-0.025024
45.5	0.0115337	-0.0251356
45.6	0.0116453	-0.0253586
45.7	0.0123143	-0.0253586
45.8	0.0123143	-0.0253586
45.9	0.0118683	-0.0255816
46	0.0119798	-0.0258046
46.1	0.0124258	-0.0259161
46.2	0.0126488	-0.0253586
46.3	0.0126488	-0.0253586
46.4	0.0118683	-0.0251356
46.5	0.0118683	-0.0252471
46.6	0.0118683	-0.0251356
46.7	0.0118683	-0.025024
46.8	0.0117568	-0.0246895
46.9	0.0124258	-0.0246895
47	0.0127603	-0.024578
47.1	0.0126488	-0.0242435
47.2	0.0115337	-0.0242435
47.3	0.0115337	-0.0242435
47.4	0.0115337	-0.0242435
47.5	0.0115337	-0.0240205
47.6	0.0109762	-0.024355
47.7	0.0116453	-0.0246895
47.8	0.0122028	-0.0249125
47.9	0.0128718	-0.0246895
48	0.0128718	-0.0246895
48.1	0.0125373	-0.0246895
48.2	0.0125373	-0.0249125
48.3	0.0117568	-0.0246895
48.4	0.0114222	-0.0246895
48.5	0.0119798	-0.024355
48.6	0.0120913	-0.024355
48.7	0.0117568	-0.024578
48.8	0.0116453	-0.024578
48.9	0.0122028	-0.023909
49	0.0122028	-0.023909
49.1	0.0122028	-0.0237975
49.2	0.0122028	-0.0237975
49.3	0.0123143	-0.023463
49.4	0.0123143	-0.0235745
49.5	0.0120913	-0.023686
49.6	0.0115337	-0.023686
49.7	0.0122028	-0.023909
49.8	0.0126488	-0.024132
49.9	0.0129833	-0.024132
50	0.0129833	-0.024132
50.1	0.0129833	-0.024132
50.2	0.0128718	-0.024355
50.3	0.0128718	-0.024355
50.4	0.0127603	-0.024355
50.5	0.0119798	-0.0242435
50.6	0.0119798	-0.024578
50.7	0.0122028	-0.0246895
50.8	0.0125373	-0.024801
50.9	0.0125373	-0.025024
51	0.0124258	-0.025024
51.1	0.0124258	-0.025024
51.2	0.0123143	-0.0251356
51.3	0.0114222	-0.0254701
51.4	0.0114222	-0.0254701
51.5	0.0117568	-0.025024
51.6	0.0117568	-0.025024
51.7	0.0114222	-0.025024
51.8	0.0116453	-0.025024
51.9	0.0117568	-0.025024
52	0.0117568	-0.0251356
52.1	0.0122028	-0.0254701
52.2	0.0125373	-0.0254701
52.3	0.0125373	-0.0254701
52.4	0.0125373	-0.0254701
52.5	0.0125373	-0.0254701
52.6	0.0125373	-0.0254701
52.7	0.0122028	-0.0255816
52.8	0.0117568	-0.0259161
52.9	0.0113107	-0.0262506
53	0.0109762	-0.0262506
53.1	0.0109762	-0.0262506
53.2	0.0109762	-0.0263621
53.3	0.0109762	-0.0264736
53.4	0.0109762	-0.0264736
53.5	0.0109762	-0.0264736
53.6	0.0115337	-0.0265851
53.7	0.0118683	-0.0265851
53.8	0.0109762	-0.0264736
53.9	0.0109762	-0.0264736
54	0.0109762	-0.0264736
54.1	0.0109762	-0.0264736
54.2	0.0109762	-0.0264736
54.3	0.0109762	-0.0264736
54.4	0.0106417	-0.0266966
54.5	0.0098612	-0.0272541
54.6	0.0104187	-0.0273656
54.7	0.0104187	-0.0274771
54.8	0.0111992	-0.0275887
54.9	0.0111992	-0.0275887
55	0.0111992	-0.0270311
55.1	0.0110877	-0.0270311
55.2	0.0109762	-0.0270311
55.3	0.0106417	-0.0270311
55.4	0.0106417	-0.0269196
55.5	0.0098612	-0.0270311
55.6	0.0098612	-0.0270311
55.7	0.0114222	-0.0268081
55.8	0.0111992	-0.0268081
55.9	0.0101957	-0.0268081
56	0.0101957	-0.0268081
56.1	0.0101957	-0.0268081
56.2	0.0104187	-0.0268081
56.3	0.0114222	-0.0263621
56.4	0.0116453	-0.0263621
56.5	0.0116453	-0.0263621
56.6	0.0116453	-0.0263621
56.7	0.0116453	-0.0263621
56.8	0.0116453	-0.0260276
56.9	0.0116453	-0.0260276
57	0.0116453	-0.0265851
57.1	0.0115337	-0.0271426
57.2	0.0122028	-0.0272541
57.3	0.0125373	-0.0272541
57.4	0.0125373	-0.0268081
57.5	0.0123143	-0.0268081
57.6	0.0118683	-0.0268081
57.7	0.0118683	-0.0268081
57.8	0.0120913	-0.0268081
57.9	0.0116453	-0.0265851
58	0.0114222	-0.0268081
58.1	0.0114222	-0.0275887
58.2	0.0116453	-0.0275887
58.3	0.0120913	-0.0272541
58.4	0.0119798	-0.0269196
58.5	0.0117568	-0.0269196
58.6	0.0117568	-0.0269196
58.7	0.0119798	-0.0268081
58.8	0.0119798	-0.0263621
58.9	0.0122028	-0.0260276
59	0.0122028	-0.0260276
59.1	0.0122028	-0.0260276
59.2	0.0122028	-0.0260276
59.3	0.0122028	-0.0260276
59.4	0.0122028	-0.0260276
59.5	0.0119798	-0.0259161
59.6	0.0119798	-0.0259161
59.7	0.0118683	-0.0256931
59.8	0.0118683	-0.0256931
59.9	0.0118683	-0.0256931
60	0.0118683	-0.0256931
60.1	0.0118683	-0.0256931
60.2	0.0118683	-0.0256931
60.3	0.0110877	-0.0255816
60.4	0.0110877	-0.0255816
60.5	0.0109762	-0.0255816
60.6	0.0109762	-0.0255816
60.7	0.0096382	-0.0251356
60.8	0.0096382	-0.0251356
60.9	0.0097497	-0.0251356
61	0.0097497	-0.0251356
61.1	0.0097497	-0.0251356
61.2	0.0097497	-0.0259161
61.3	0.0097497	-0.0259161
61.4	0.0099727	-0.0259161
61.5	0.0099727	-0.0259161
61.6	0.0099727	-0.0262506
61.7	0.0099727	-0.0262506
61.8	0.0099727	-0.0262506
61.9	0.0096382	-0.0262506
62	0.0096382	-0.0262506
62.1	0.0096382	-0.0262506
62.2	0.0096382	-0.0262506
62.3	0.0096382	-0.0262506
62.4	0.0096382	-0.0262506
62.5	0.0096382	-0.0262506
62.6	0.0096382	-0.0262506
62.7	0.0093037	-0.0266966
62.8	0.0093037	-0.0266966
62.9	0.0093037	-0.0266966
63	0.0094152	-0.0264736
63.1	0.0095267	-0.0263621
63.2	0.0095267	-0.0263621
63.3	0.0095267	-0.0263621
63.4	0.0095267	-0.0263621
63.5	0.0091922	-0.0266966
63.6	0.0091922	-0.0266966
63.7	0.0089691	-0.0266966
63.8	0.0086346	-0.0265851
63.9	0.0086346	-0.0265851
64	0.0091922	-0.0269196
64.1	0.0091922	-0.0269196
64.2	0.0091922	-0.0269196
64.3	0.0091922	-0.0269196
64.4	0.0091922	-0.0269196
64.5	0.0091922	-0.0269196
64.6	0.0091922	-0.0269196
64.7	0.0086346	-0.0275887
64.8	0.0086346	-0.0279232
64.9	0.0090806	-0.0281462
65	0.0089691	-0.0284807
65.1	0.0083001	-0.0287037
65.2	0.0083001	-0.0287037
65.3	0.0095267	-0.0287037
65.4	0.0095267	-0.0287037
65.5	0.0093037	-0.0287037
65.6	0.0093037	-0.0287037
65.7	0.0093037	-0.0287037
65.8	0.0093037	-0.0287037
65.9	0.0086346	-0.0288152
66	0.0086346	-0.0289267
66.1	0.0087461	-0.0289267
66.2	0.0090806	-0.0291497
66.3	0.0095267	-0.0291497
66.4	0.0095267	-0.0291497
66.5	0.0095267	-0.0291497
66.6	0.0095267	-0.0291497
66.7	0.0095267	-0.0293727
66.8	0.0098612	-0.0294842
66.9	0.0103072	-0.0294842
67	0.0108647	-0.0291497
67.1	0.0096382	-0.0293727
67.2	0.0103072	-0.0293727
67.3	0.0104187	-0.0290382
67.4	0.0104187	-0.0290382
67.5	0.0104187	-0.0290382
67.6	0.0104187	-0.0290382
67.7	0.0104187	-0.0290382
67.8	0.0104187	-0.0293727
67.9	0.0100842	-0.0293727
68	0.0101957	-0.0293727
68.1	0.0106417	-0.0291497
68.2	0.0101957	-0.0294842
68.3	0.0108647	-0.0292612
68.4	0.0108647	-0.0291497
68.5	0.0108647	-0.0290382
68.6	0.0108647	-0.0288152
68.7	0.0108647	-0.0288152
68.8	0.0108647	-0.0287037
68.9	0.0108647	-0.0281462
69	0.0110877	-0.0281462
69.1	0.0110877	-0.0283692
69.2	0.0110877	-0.0283692
69.3	0.0105302	-0.0284807
69.4	0.0104187	-0.0284807
69.5	0.0100842	-0.0298187
69.6	0.0100842	-0.0298187
69.7	0.0104187	-0.0294842
69.8	0.0110877	-0.0290382
69.9	0.0110877	-0.0290382
70	0.0107532	-0.0290382
70.1	0.0108647	-0.0294842
70.2	0.0108647	-0.0294842
70.3	0.0101957	-0.0297072
70.4	0.0101957	-0.0297072
70.5	0.0101957	-0.0297072
70.6	0.0101957	-0.0297072
70.7	0.0104187	-0.0295957
70.8	0.0110877	-0.0293727
70.9	0.0110877	-0.0292612
71	0.0108647	-0.0298187
71.1	0.0105302	-0.0300417
71.2	0.0096382	-0.0299302
71.3	0.0100842	-0.0297072
71.4	0.0103072	-0.0294842
71.5	0.0103072	-0.0294842
71.6	0.0103072	-0.0292612
71.7	0.0100842	-0.0290382
71.8	0.0100842	-0.0285922
71.9	0.0100842	-0.0285922
72	0.0100842	-0.0289267
72.1	0.0101957	-0.0290382
72.2	0.0113107	-0.0291497
72.3	0.0113107	-0.0291497
72.4	0.0113107	-0.0292612
72.5	0.0113107	-0.0293727
72.6	0.0111992	-0.0294842
72.7	0.0113107	-0.0299302
72.8	0.0113107	-0.0300417
72.9	0.0103072	-0.0299302
73	0.0103072	-0.0299302
73.1	0.0106417	-0.0299302
73.2	0.0106417	-0.0299302
73.3	0.0109762	-0.0295957
73.4	0.0109762	-0.0295957
73.5	0.0109762	-0.0295957
73.6	0.0103072	-0.0292612
73.7	0.0103072	-0.0292612
73.8	0.0103072	-0.0292612
73.9	0.0101957	-0.0290382
74	0.0103072	-0.0284807
74.1	0.0103072	-0.0283692
74.2	0.0103072	-0.0283692
74.3	0.0113107	-0.0284807
74.4	0.0118683	-0.0284807
74.5	0.0109762	-0.0282577
74.6	0.0105302	-0.0280347
74.7	0.0105302	-0.0280347
74.8	0.0114222	-0.0282577
74.9	0.0111992	-0.0283692
75	0.0109762	-0.0284807
75.1	0.0109762	-0.0284807
75.2	0.0109762	-0.0282577
75.3	0.0109762	-0.0280347
75.4	0.0113107	-0.0278117
75.5	0.0100842	-0.0273656
75.6	0.0100842	-0.0273656
75.7	0.0100842	-0.0273656
75.8	0.0100842	-0.0273656
75.9	0.0096382	-0.0279232
76	0.0099727	-0.0279232
76.1	0.0104187	-0.0279232
76.2	0.0106417	-0.0277002
76.3	0.0108647	-0.0272541
76.4	0.0106417	-0.0278117
76.5	0.0103072	-0.0280347
76.6	0.0099727	-0.0284807
76.7	0.0099727	-0.0284807
76.8	0.0099727	-0.0284807
76.9	0.0103072	-0.0285922
77	0.0108647	-0.0287037
77.1	0.0110877	-0.0285922
77.2	0.0110877	-0.0285922
77.3	0.0110877	-0.0285922
77.4	0.0110877	-0.0285922
77.5	0.0105302	-0.0289267
77.6	0.0105302	-0.0289267
77.7	0.0110877	-0.0289267
77.8	0.0110877	-0.0289267
77.9	0.0111992	-0.0289267
78	0.0111992	-0.0285922
78.1	0.0111992	-0.0289267
78.2	0.0111992	-0.0289267
78.3	0.0111992	-0.0289267
78.4	0.0111992	-0.0289267
78.5	0.0111992	-0.0289267
78.6	0.0105302	-0.0292612
78.7	0.0104187	-0.0292612
78.8	0.0113107	-0.0291497
78.9	0.0113107	-0.0291497
79	0.0110877	-0.0283692
79.1	0.0109762	-0.0281462
79.2	0.0108647	-0.0281462
79.3	0.0108647	-0.0281462
79.4	0.0108647	-0.0281462
79.5	0.0108647	-0.0283692
79.6	0.0108647	-0.0284807
79.7	0.0108647	-0.0284807
79.8	0.0110877	-0.0284807
79.9	0.0110877	-0.0284807
80	0.0113107	-0.0284807
80.1	0.0113107	-0.0279232
80.2	0.0115337	-0.0278117
80.3	0.0115337	-0.0278117
80.4	0.0115337	-0.0278117
80.5	0.0115337	-0.0278117
80.6	0.0109762	-0.0283692
80.7	0.0109762	-0.0283692
80.8	0.0109762	-0.0283692
80.9	0.0109762	-0.0283692
81	0.0114222	-0.0283692
81.1	0.0114222	-0.0281462
81.2	0.0114222	-0.0281462
81.3	0.0114222	-0.0281462
81.4	0.0114222	-0.0281462
81.5	0.0114222	-0.0281462
81.6	0.0114222	-0.0278117
81.7	0.0114222	-0.0278117
81.8	0.0114222	-0.0278117
81.9	0.0114222	-0.0278117
82	0.0114222	-0.0278117
82.1	0.0114222	-0.0278117
82.2	0.0111992	-0.0279232
82.3	0.0105302	-0.0281462
82.4	0.0106417	-0.0289267
82.5	0.0111992	-0.0289267
82.6	0.0114222	-0.0289267
82.7	0.0114222	-0.0289267
82.8	0.0114222	-0.0289267
82.9	0.0114222	-0.0289267
83	0.0114222	-0.0289267
83.1	0.0109762	-0.0289267
83.2	0.0109762	-0.0293727
83.3	0.0120913	-0.0294842
83.4	0.0118683	-0.0294842
83.5	0.0117568	-0.0292612
83.6	0.0117568	-0.0292612
83.7	0.0117568	-0.0292612
83.8	0.0114222	-0.0293727
83.9	0.0105302	-0.0293727
84	0.0105302	-0.0293727
84.1	0.0100842	-0.0295957
84.2	0.0111992	-0.0302648
84.3	0.0113107	-0.0302648
84.4	0.0108647	-0.0294842
84.5	0.0098612	-0.0295957
84.6	0.0101957	-0.0298187
84.7	0.0104187	-0.0297072
84.8	0.0106417	-0.0294842
84.9	0.0106417	-0.0294842
85	0.0106417	-0.0297072
85.1	0.0108647	-0.0297072
85.2	0.0108647	-0.0297072
85.3	0.0116453	-0.0294842
85.4	0.0114222	-0.0294842
85.5	0.0110877	-0.0294842
85.6	0.0109762	-0.0289267
85.7	0.0109762	-0.0289267
85.8	0.0109762	-0.0289267
85.9	0.0109762	-0.0289267
86	0.0109762	-0.0289267
86.1	0.0105302	-0.0284807
86.2	0.0103072	-0.0284807
86.3	0.0103072	-0.0284807
86.4	0.0101957	-0.0285922
86.5	0.0101957	-0.0285922
86.6	0.0101957	-0.0288152
86.7	0.0100842	-0.0289267
86.8	0.0097497	-0.0291497
86.9	0.0097497	-0.0291497
87	0.0097497	-0.0291497
87.1	0.0096382	-0.0293727
87.2	0.0093037	-0.0297072
87.3	0.0093037	-0.0297072
87.4	0.0093037	-0.0297072
87.5	0.0093037	-0.0297072
87.6	0.0093037	-0.0297072
87.7	0.0093037	-0.0298187
87.8	0.0099727	-0.0298187
87.9	0.0099727	-0.0298187
88	0.0099727	-0.0298187
88.1	0.0099727	-0.0298187
88.2	0.0095267	-0.0301533
88.3	0.0091922	-0.0303763
88.4	0.0091922	-0.0303763
88.5	0.0091922	-0.0304878
88.6	0.0091922	-0.0304878
88.7	0.0091922	-0.0304878
88.8	0.0091922	-0.0304878
88.9	0.0095267	-0.0303763
89	0.0095267	-0.0303763
89.1	0.0095267	-0.0303763
89.2	0.0095267	-0.0303763
89.3	0.0095267	-0.0303763
89.4	0.0094152	-0.0304878
89.5	0.0093037	-0.0304878
89.6	0.0091922	-0.0307108
89.7	0.0087461	-0.0310453
89.8	0.0087461	-0.0310453
89.9	0.0087461	-0.0310453
90	0.0087461	-0.0310453
90.1	0.0087461	-0.0310453
90.2	0.0094152	-0.0311568
90.3	0.0094152	-0.0311568
90.4	0.0094152	-0.0311568
90.5	0.0094152	-0.0311568
90.6	0.0094152	-0.0311568
90.7	0.0094152	-0.0311568
90.8	0.0094152	-0.0311568
90.9	0.0094152	-0.0311568
91	0.0094152	-0.0311568
91.1	0.0095267	-0.0317143
91.2	0.0095267	-0.0317143
91.3	0.0095267	-0.0317143
91.4	0.0095267	-0.0317143
91.5	0.0095267	-0.0317143
91.6	0.0095267	-0.0317143
91.7	0.0095267	-0.0317143
91.8	0.0095267	-0.0317143
91.9	0.0095267	-0.0317143
92	0.0094152	-0.0317143
92.1	0.0094152	-0.0317143
92.2	0.0094152	-0.0317143
92.3	0.0094152	-0.0317143
92.4	0.0088576	-0.0309338
92.5	0.0087461	-0.0309338
92.6	0.0084116	-0.0312683
92.7	0.0084116	-0.0312683
92.8	0.0084116	-0.0312683
92.9	0.0084116	-0.0312683
93	0.0084116	-0.0312683
93.1	0.0084116	-0.0312683
93.2	0.0084116	-0.0312683
93.3	0.0084116	-0.0317143
93.4	0.0084116	-0.0317143
93.5	0.0084116	-0.0317143
93.6	0.0084116	-0.0317143
93.7	0.0084116	-0.0317143
93.8	0.0084116	-0.0317143
93.9	0.0084116	-0.0311568
94	0.0084116	-0.0309338
94.1	0.0084116	-0.0309338
94.2	0.0084116	-0.0309338
94.3	0.0084116	-0.0310453
94.4	0.0079656	-0.0311568
94.5	0.0079656	-0.0316028
94.6	0.0080771	-0.0316028
94.7	0.0083001	-0.0316028
94.8	0.0083001	-0.0316028
94.9	0.0083001	-0.0313798
95	0.0083001	-0.0313798
95.1	0.0083001	-0.0313798
95.2	0.0084116	-0.0312683
95.3	0.0084116	-0.0311568
95.4	0.0084116	-0.0311568
95.5	0.0084116	-0.0311568
95.6	0.0084116	-0.0311568
95.7	0.0084116	-0.0311568
95.8	0.0084116	-0.0311568
95.9	0.0084116	-0.0311568
96	0.0084116	-0.0311568
96.1	0.0084116	-0.0311568
96.2	0.0084116	-0.0311568
96.3	0.0095267	-0.0298187
96.4	0.0095267	-0.0298187
96.5	0.0089691	-0.0299302
96.6	0.0084116	-0.0301533
96.7	0.0084116	-0.0301533
96.8	0.0075196	-0.0304878
96.9	0.0075196	-0.0304878
97	0.0078541	-0.0307108
97.1	0.0081886	-0.0305993
97.2	0.0081886	-0.0303763
97.3	0.0081886	-0.0303763
97.4	0.0081886	-0.0303763
97.5	0.0081886	-0.0303763
97.6	0.0076311	-0.0292612
97.7	0.0075196	-0.0302648
97.8	0.0075196	-0.0302648
97.9	0.0075196	-0.0302648
98	0.0075196	-0.0302648
98.1	0.0077426	-0.0302648
98.2	0.0077426	-0.0302648
98.3	0.0077426	-0.0302648
98.4	0.0077426	-0.0302648
98.5	0.0077426	-0.0302648
98.6	0.0077426	-0.0302648
98.7	0.0071851	-0.0310453
98.8	0.0072966	-0.0310453
98.9	0.0074081	-0.0310453
99	0.0074081	-0.0310453
99.1	0.0070736	-0.0308223
99.2	0.0068506	-0.0308223
99.3	0.0068506	-0.0308223
99.4	0.006293	-0.0311568
99.5	0.0064045	-0.0311568
99.6	0.0074081	-0.0312683
99.7	0.0084116	-0.0313798
99.8	0.0084116	-0.0313798
99.9	0.0083001	-0.0313798
100	0.0081886	-0.0311568
100.1	0.0081886	-0.0311568
100.2	0.0081886	-0.0311568
100.3	0.0081886	-0.0311568
100.4	0.0081886	-0.0311568
100.5	0.0080771	-0.0311568
100.6	0.0078541	-0.0311568
100.7	0.0071851	-0.0311568
100.8	0.0071851	-0.0311568
100.9	0.0071851	-0.0311568
101	0.0071851	-0.0311568
101.1	0.0071851	-0.0311568
101.2	0.0071851	-0.0314913
101.3	0.0071851	-0.0314913
101.4	0.0071851	-0.0314913
101.5	0.0071851	-0.0314913
101.6	0.0074081	-0.0319373
101.7	0.0081886	-0.0321603
101.8	0.0081886	-0.0321603
101.9	0.0086346	-0.0320488
102	0.0086346	-0.0320488
102.1	0.0074081	-0.0313798
102.2	0.0074081	-0.0313798
102.3	0.0074081	-0.0313798
102.4	0.0074081	-0.0313798
102.5	0.0074081	-0.0313798
102.6	0.0074081	-0.0313798
102.7	0.0074081	-0.0313798
102.8	0.0081886	-0.0314913
102.9	0.0081886	-0.0314913
103	0.0081886	-0.0314913
103.1	0.0081886	-0.0314913
103.2	0.0081886	-0.0314913
103.3	0.0081886	-0.0314913
103.4	0.0079656	-0.0317143
103.5	0.0079656	-0.0317143
103.6	0.0079656	-0.0319373
103.7	0.0081886	-0.0320488
103.8	0.0081886	-0.0320488
103.9	0.0081886	-0.0320488
104	0.0081886	-0.0320488
104.1	0.0081886	-0.0320488
104.2	0.0081886	-0.0320488
104.3	0.0085231	-0.0320488
104.4	0.0085231	-0.0320488
104.5	0.0085231	-0.0313798
104.6	0.0078541	-0.0316028
104.7	0.0078541	-0.0320488
104.8	0.0076311	-0.0320488
104.9	0.0072966	-0.0321603
105	0.0076311	-0.0332754
105.1	0.0076311	-0.0332754
105.2	0.0086346	-0.0322718
105.3	0.0086346	-0.0323833
105.4	0.0087461	-0.0328294
105.5	0.0078541	-0.0331639
105.6	0.0080771	-0.0327179
105.7	0.0085231	-0.0328294
105.8	0.0086346	-0.0331639
105.9	0.0086346	-0.0332754
106	0.0086346	-0.0332754
106.1	0.0086346	-0.0331639
106.2	0.0086346	-0.0331639
106.3	0.0086346	-0.0331639
106.4	0.0086346	-0.0331639
106.5	0.0086346	-0.0331639
106.6	0.0086346	-0.0330524
106.7	0.0086346	-0.0330524
106.8	0.0086346	-0.0330524
106.9	0.0086346	-0.0330524
107	0.0070736	-0.0333869
107.1	0.0067391	-0.0334984
107.2	0.0057355	-0.0338329
107.3	0.0057355	-0.0339444
107.4	0.0057355	-0.0339444
107.5	0.0064045	-0.0338329
107.6	0.006516	-0.0338329
107.7	0.006516	-0.0337214
107.8	0.0068506	-0.0336099
107.9	0.0068506	-0.0338329
108	0.0067391	-0.0346134
108.1	0.0061815	-0.0346134
108.2	0.0061815	-0.0346134
108.3	0.0066275	-0.0345019
108.4	0.0067391	-0.0345019
108.5	0.0067391	-0.0345019
108.6	0.0067391	-0.0346134
108.7	0.0071851	-0.035171
108.8	0.0076311	-0.0350595
108.9	0.0079656	-0.0347249
109	0.0079656	-0.0345019
109.1	0.0071851	-0.0346134
109.2	0.0077426	-0.0346134
109.3	0.0077426	-0.0346134
109.4	0.0070736	-0.0348364
109.5	0.0070736	-0.0349479
109.6	0.0067391	-0.0352825
109.7	0.0064045	-0.0352825
109.8	0.0064045	-0.035394
109.9	0.0064045	-0.035394
110	0.0064045	-0.035394
110.1	0.0066275	-0.035171
110.2	0.006516	-0.035617
110.3	0.0059585	-0.0359515
110.4	0.0055125	-0.0359515
110.5	0.0048435	-0.0357285
110.6	0.004732	-0.0355055
110.7	0.004732	-0.035171
110.8	0.005401	-0.0350595
110.9	0.0052895	-0.0355055
111	0.0050665	-0.03584
111.1	0.0035054	-0.0359515
111.2	0.004286	-0.0355055
111.3	0.005178	-0.035394
111.4	0.005624	-0.035617
111.5	0.005624	-0.03584
111.6	0.0055125	-0.03584
111.7	0.0055125	-0.0355055
111.8	0.0055125	-0.0355055
111.9	0.0055125	-0.0355055
112	0.0055125	-0.0355055
112.1	0.0055125	-0.0355055
112.2	0.005178	-0.036063
112.3	0.0050665	-0.0361745
112.4	0.004732	-0.036286
112.5	0.004732	-0.036286
112.6	0.004732	-0.036286
112.7	0.004732	-0.036286
112.8	0.004732	-0.036063
112.9	0.004732	-0.036063
113	0.0048435	-0.036063
113.1	0.0048435	-0.0363975
113.2	0.0048435	-0.036509
113.3	0.0048435	-0.036732
113.4	0.004286	-0.037178
113.5	0.004732	-0.0376241
113.6	0.004732	-0.0376241
113.7	0.005178	-0.0376241
113.8	0.005624	-0.0376241
113.9	0.0057355	-0.0376241
114	0.0039514	-0.0378471
114.1	0.0038399	-0.0377356
114.2	0.0033939	-0.0366205
114.3	0.004509	-0.0363975
114.4	0.0048435	-0.0361745
114.5	0.0048435	-0.036286
114.6	0.0048435	-0.036286
114.7	0.0035054	-0.036063
114.8	0.0035054	-0.036063
114.9	0.0043975	-0.0359515
115	0.0043975	-0.0359515
115.1	0.0043975	-0.0359515
115.2	0.0043975	-0.0359515
115.3	0.0043975	-0.0359515
115.4	0.0043975	-0.03584
115.5	0.0041744	-0.035617
115.6	0.004286	-0.0359515
115.7	0.004286	-0.036286
115.8	0.0037284	-0.036509
115.9	0.0037284	-0.036509
116	0.0035054	-0.036509
116.1	0.0035054	-0.036509
116.2	0.0035054	-0.036509
116.3	0.0035054	-0.036509
116.4	0.0046205	-0.036732
116.5	0.0046205	-0.0368435
116.6	0.0046205	-0.0368435
116.7	0.0046205	-0.0370665
116.8	0.0046205	-0.0370665
116.9	0.004732	-0.0368435
117	0.004732	-0.0368435
117.1	0.004732	-0.0368435
117.2	0.004732	-0.0368435
117.3	0.004732	-0.036955
117.4	0.005178	-0.0368435
117.5	0.005178	-0.036286
117.6	0.005178	-0.036286
117.7	0.005624	-0.036063
117.8	0.005624	-0.036063
117.9	0.005624	-0.036063
118	0.005624	-0.0359515
118.1	0.005401	-0.0359515
118.2	0.005178	-0.036286
118.3	0.005178	-0.0363975
118.4	0.0055125	-0.0363975
118.5	0.005624	-0.0363975
118.6	0.00607	-0.036063
118.7	0.00607	-0.0357285
118.8	0.0059585	-0.0357285
118.9	0.005178	-0.03584
119	0.005178	-0.0359515
119.1	0.005624	-0.0359515
119.2	0.005847	-0.0355055
119.3	0.0055125	-0.0355055
119.4	0.005401	-0.0355055
119.5	0.0048435	-0.0359515
119.6	0.005401	-0.036063
119.7	0.005624	-0.036063
119.8	0.0059585	-0.036063
119.9	0.00607	-0.035617
120	0.00607	-0.0355055
120.1	0.0057355	-0.0359515
120.2	0.006293	-0.036286
120.3	0.0068506	-0.0363975
120.4	0.0074081	-0.035617
120.5	0.0072966	-0.035617
120.6	0.0066275	-0.035617
120.7	0.0066275	-0.0366205
120.8	0.0061258	-0.0366763
120.9	0.005624	-0.036732
121	0.006516	-0.037401
121.1	0.006516	-0.037401
121.2	0.0061815	-0.037401
121.3	0.0061815	-0.0375125
121.4	0.006516	-0.0372895
121.5	0.0066275	-0.037401
121.6	0.0066275	-0.037401
121.7	0.0066275	-0.037401
121.8	0.0066275	-0.0375125
121.9	0.0066275	-0.0377356
122	0.0066275	-0.0377356
122.1	0.0061815	-0.0380701
122.2	0.0061815	-0.0380701
122.3	0.0061815	-0.0382931
122.4	0.006516	-0.0381816
122.5	0.006516	-0.0381816
122.6	0.006516	-0.0381816
122.7	0.006516	-0.0381816
122.8	0.006516	-0.0375125
122.9	0.0064045	-0.0375125
123	0.0061815	-0.0376241
123.1	0.00607	-0.0375125
123.2	0.005847	-0.037401
123.3	0.005847	-0.037401
123.4	0.0057355	-0.0372895
123.5	0.0057355	-0.0372895
123.6	0.0057355	-0.0372895
123.7	0.0057355	-0.0372895
123.8	0.0057355	-0.0372895
123.9	0.0057355	-0.0372895
124	0.0057355	-0.0372895
124.1	0.0057355	-0.0372895
124.2	0.00607	-0.0372895
124.3	0.0059585	-0.0372895
124.4	0.0059585	-0.0372895
124.5	0.005847	-0.0372895
124.6	0.005847	-0.0372895
124.7	0.005847	-0.0372895
124.8	0.006516	-0.036955
124.9	0.006293	-0.037178
125	0.0059585	-0.0372895
125.1	0.0059585	-0.0372895
125.2	0.005847	-0.037178
125.3	0.005847	-0.037178
125.4	0.005847	-0.037178
125.5	0.005847	-0.037178
125.6	0.005847	-0.037178
125.7	0.005847	-0.0370665
125.8	0.005847	-0.0370665
125.9	0.005847	-0.0370665
126	0.005847	-0.0370665
126.1	0.005847	-0.0370665
126.2	0.005847	-0.0370665
126.3	0.00607	-0.036955
126.4	0.006516	-0.0368435
126.5	0.006516	-0.0368435
126.6	0.006516	-0.036732
126.7	0.006516	-0.036509
126.8	0.006516	-0.036509
126.9	0.006293	-0.036509
127	0.005847	-0.0363975
127.1	0.006293	-0.036286
127.2	0.006516	-0.0357285
127.3	0.0067391	-0.035171
127.4	0.0075196	-0.035171
127.5	0.0078541	-0.0350595
127.6	0.0078541	-0.0350595
127.7	0.0078541	-0.0350595
127.8	0.0075196	-0.035617
127.9	0.0077426	-0.0366205
128	0.0079656	-0.0366205
128.1	0.0084116	-0.0363975
128.2	0.0084116	-0.0363975
128.3	0.0081886	-0.036955
128.4	0.0084116	-0.037178
128.5	0.0089691	-0.0375125
128.6	0.0089691	-0.0375125
128.7	0.0087461	-0.0368435
128.8	0.0086346	-0.0368435
128.9	0.0086346	-0.036286
129	0.0080771	-0.0359515
129.1	0.0080771	-0.036063
129.2	0.0080771	-0.036063
129.3	0.0084116	-0.036063
129.4	0.0084116	-0.036063
129.5	0.0084116	-0.0361745
129.6	0.0079656	-0.0361745
129.7	0.0078541	-0.036509
129.8	0.0070736	-0.036509
129.9	0.0077426	-0.0370665
130	0.0084116	-0.037178
130.1	0.0077426	-0.036732
130.2	0.0070736	-0.0366205
130.3	0.0077426	-0.0363975
130.4	0.0077426	-0.036063
130.5	0.0079656	-0.0368435
130.6	0.0084116	-0.036955
130.7	0.0085231	-0.036955
130.8	0.0085231	-0.0368435
130.9	0.0081886	-0.036732
131	0.0081886	-0.036732
131.1	0.0083001	-0.0368435
131.2	0.0087461	-0.0368435
131.3	0.0087461	-0.0368435
131.4	0.0079656	-0.036509
131.5	0.0078541	-0.036509
131.6	0.0078541	-0.036286
131.7	0.0072966	-0.0363975
131.8	0.0074081	-0.036509
131.9	0.0077426	-0.0372895
132	0.0085231	-0.0372895
132.1	0.0078541	-0.036509
132.2	0.0077426	-0.0370665
132.3	0.0077426	-0.0370665
132.4	0.0076311	-0.037178
132.5	0.0075196	-0.0370665
132.6	0.0079656	-0.037178
132.7	0.0076311	-0.036955
132.8	0.0076311	-0.036955
132.9	0.0076311	-0.036955
133	0.0078541	-0.0363975
133.1	0.0077426	-0.0366205
133.2	0.0076311	-0.0366205
133.3	0.0075196	-0.0361745
133.4	0.0075196	-0.036286
133.5	0.0077426	-0.036509
133.6	0.0079656	-0.036509
133.7	0.0077426	-0.036063
133.8	0.0075196	-0.036286
133.9	0.0079656	-0.036286
134	0.0079656	-0.035617
134.1	0.0079656	-0.03584
134.2	0.0079656	-0.0357285
134.3	0.0079656	-0.0357285
134.4	0.0079656	-0.035617
134.5	0.0081886	-0.0355055
134.6	0.0086346	-0.0355055
134.7	0.0086346	-0.03584
134.8	0.0078541	-0.036063
134.9	0.0076311	-0.0361745
135	0.0086346	-0.036955
135.1	0.0087461	-0.0370665
135.2	0.0079656	-0.036732
135.3	0.0079656	-0.036509
135.4	0.0079656	-0.036509
135.5	0.0079656	-0.036509
135.6	0.0076311	-0.036509
135.7	0.0076311	-0.036509
135.8	0.0078541	-0.0363975
135.9	0.0078541	-0.0361745
136	0.0077426	-0.036286
136.1	0.0074081	-0.0361187
136.2	0.0070736	-0.0359515
136.3	0.0070736	-0.0359515
136.4	0.0070736	-0.0359515
136.5	0.0070736	-0.0357285
136.6	0.0070736	-0.0357285
136.7	0.0070736	-0.0357285
136.8	0.0069621	-0.0357285
136.9	0.0064045	-0.0357285
137	0.006293	-0.0357285
137.1	0.006293	-0.0357285
137.2	0.006293	-0.0357285
137.3	0.006293	-0.0357285
137.4	0.0061815	-0.0357285
137.5	0.0061815	-0.0357285
137.6	0.0061815	-0.0357285
137.7	0.006516	-0.0363975
137.8	0.006516	-0.0363975
137.9	0.006516	-0.0366205
138	0.006516	-0.036732
138.1	0.006516	-0.036955
138.2	0.0064045	-0.037178
138.3	0.0064045	-0.037178
138.4	0.0066275	-0.0372895
138.5	0.0068506	-0.0372895
138.6	0.0069621	-0.0372895
138.7	0.0074081	-0.037401
138.8	0.0077426	-0.0376241
138.9	0.0078541	-0.0375125
139	0.0080771	-0.0368435
139.1	0.0077426	-0.0366205
139.2	0.0075196	-0.036732
139.3	0.0076311	-0.036732
139.4	0.0080771	-0.0368435
139.5	0.0083001	-0.0368435
139.6	0.0079656	-0.0363975
139.7	0.0079656	-0.0363975
139.8	0.0076311	-0.0378471
139.9	0.0076311	-0.0381816
140	0.0076311	-0.0381816
140.1	0.0072966	-0.0372895
140.2	0.0072966	-0.0372895
140.3	0.0072966	-0.0372895
140.4	0.006516	-0.0372895
140.5	0.0064045	-0.0372895
140.6	0.0064045	-0.036955
140.7	0.0071851	-0.0370665
140.8	0.0077426	-0.037178
140.9	0.0077426	-0.037178
141	0.0077426	-0.037178
141.1	0.0077426	-0.037178
141.2	0.0077426	-0.037178
141.3	0.0076311	-0.036955
141.4	0.0074081	-0.036732
141.5	0.0074081	-0.036063
141.6	0.0066275	-0.0357285
141.7	0.0068506	-0.03584
141.8	0.0074081	-0.0359515
141.9	0.0061815	-0.036063
142	0.0064045	-0.036063
142.1	0.0068506	-0.03584
142.2	0.0070736	-0.035617
142.3	0.0069621	-0.0355055
142.4	0.0066275	-0.0355055
142.5	0.006516	-0.0355055
142.6	0.0068506	-0.0355055
142.7	0.0068506	-0.0355055
142.8	0.0066275	-0.0350595
142.9	0.0071851	-0.0350595
143	0.0074081	-0.035171
143.1	0.0069621	-0.0355055
143.2	0.0059585	-0.0352825
143.3	0.006516	-0.0348364
143.4	0.006516	-0.0349479
143.5	0.006293	-0.0350595
143.6	0.0066275	-0.0350595
143.7	0.0066275	-0.0349479
143.8	0.0066275	-0.0350037
143.9	0.0066275	-0.0350595
144	0.006516	-0.0350595
144.1	0.0059585	-0.0350595
144.2	0.0059585	-0.0350595
144.3	0.00607	-0.0350595
144.4	0.0059585	-0.0343904
144.5	0.0055125	-0.0342789
144.6	0.005401	-0.0346134
144.7	0.00607	-0.0347249
144.8	0.006516	-0.0345019
144.9	0.0061815	-0.0342789
145	0.005847	-0.0342789
145.1	0.00607	-0.0341674
145.2	0.006516	-0.0341674
145.3	0.006516	-0.0341674
145.4	0.0074081	-0.0341674
145.5	0.0074081	-0.0341674
145.6	0.0069621	-0.0341674
145.7	0.0068506	-0.0341674
145.8	0.0068506	-0.0342789
145.9	0.0069621	-0.0343904
146	0.0074081	-0.0343904
146.1	0.0074081	-0.0343904
146.2	0.0072966	-0.0342789
146.3	0.0072966	-0.0343904
146.4	0.0070736	-0.0346134
146.5	0.0070736	-0.0350595
146.6	0.0077426	-0.0352825
146.7	0.0077426	-0.0352825
146.8	0.0075196	-0.035171
146.9	0.0074081	-0.0349479
147	0.0070736	-0.0350595
147.1	0.0077426	-0.0350595
147.2	0.0077426	-0.0346134
147.3	0.0070736	-0.0342789
147.4	0.0070736	-0.0343904
147.5	0.0070736	-0.0345019
147.6	0.0074081	-0.0345019
147.7	0.0076311	-0.0345019
147.8	0.0076311	-0.0345019
147.9	0.0076311	-0.0345019
148	0.0076311	-0.0345019
148.1	0.0075196	-0.0345019
148.2	0.0074081	-0.0345019
148.3	0.0070736	-0.0345019
148.4	0.0070736	-0.0345019
148.5	0.0068506	-0.0345019
148.6	0.0068506	-0.0346134
148.7	0.0068506	-0.0346134
148.8	0.0068506	-0.0346134
148.9	0.0068506	-0.0346134
149	0.0068506	-0.0346134
149.1	0.0061815	-0.0346134
149.2	0.0061815	-0.0346134
149.3	0.0061815	-0.0346134
149.4	0.0061815	-0.0346134
149.5	0.0061815	-0.0346134
149.6	0.0066275	-0.035171
149.7	0.0066275	-0.035171
149.8	0.0066275	-0.035171
149.9	0.0061815	-0.035171
150	0.00607	-0.0348364
150.1	0.005847	-0.0341674
150.2	0.005847	-0.0341674
150.3	0.005847	-0.0341674
150.4	0.005847	-0.0341674
150.5	0.005847	-0.0341674
150.6	0.005847	-0.0341674
150.7	0.00607	-0.0338329
150.8	0.0067391	-0.0336099
150.9	0.0067391	-0.0336099
151	0.0064045	-0.0333869
151.1	0.0064045	-0.0333869
151.2	0.006293	-0.0333869
151.3	0.006293	-0.0333869
151.4	0.006293	-0.0333869
151.5	0.006293	-0.0339444
151.6	0.0064045	-0.0343904
151.7	0.0064045	-0.0343904
151.8	0.0061815	-0.0343904
151.9	0.0061815	-0.0342789
152	0.00607	-0.0342789
152.1	0.00607	-0.0342789
152.2	0.00607	-0.0342789
152.3	0.00607	-0.0342789
152.4	0.00607	-0.0342789
152.5	0.00607	-0.0342789
152.6	0.00607	-0.0339444
152.7	0.00607	-0.0338329
152.8	0.00607	-0.0337214
152.9	0.0061815	-0.0334984
153	0.0061815	-0.0334984
153.1	0.0061815	-0.0334984
153.2	0.0061815	-0.0334984
153.3	0.0061815	-0.0334984
153.4	0.0061815	-0.0334984
153.5	0.006516	-0.0333869
153.6	0.0066275	-0.0333869
153.7	0.0066275	-0.0333869
153.8	0.006516	-0.0331639
153.9	0.006516	-0.0330524
154	0.006516	-0.0330524
154.1	0.006516	-0.0329409
154.2	0.0064045	-0.0329409
154.3	0.005624	-0.0324948
154.4	0.005624	-0.0326064
154.5	0.0059585	-0.0327179
154.6	0.0059585	-0.0327179
154.7	0.0059585	-0.0327179
154.8	0.0057355	-0.0330524
154.9	0.0057355	-0.0330524
155	0.0057355	-0.0330524
155.1	0.0064045	-0.0330524
155.2	0.0064045	-0.0330524
155.3	0.0064045	-0.0330524
155.4	0.0064045	-0.0330524
155.5	0.0064045	-0.0330524
155.6	0.0064045	-0.0330524
155.7	0.0064045	-0.0330524
155.8	0.0064045	-0.0330524
155.9	0.0057355	-0.0330524
156	0.0057355	-0.0331639
156.1	0.0057355	-0.0331639
156.2	0.0057355	-0.0331639
156.3	0.0057355	-0.0331639
156.4	0.0057355	-0.0331639
156.5	0.0057355	-0.0331639
156.6	0.005624	-0.0329409
156.7	0.005624	-0.0329409
156.8	0.005624	-0.0329409
156.9	0.005624	-0.0330524
157	0.0055125	-0.0331639
157.1	0.0052895	-0.0331639
157.2	0.004955	-0.0332754
157.3	0.0048435	-0.0336099
157.4	0.0048435	-0.0337214
157.5	0.004955	-0.0338329
157.6	0.0050665	-0.0339444
157.7	0.0050665	-0.0340559
157.8	0.0050665	-0.0340559
157.9	0.0043975	-0.0336099
158	0.0043975	-0.0336099
158.1	0.0046205	-0.0334984
158.2	0.0050665	-0.0333869
158.3	0.0050665	-0.0333869
158.4	0.0050665	-0.0330524
158.5	0.0050665	-0.0330524
158.6	0.0055125	-0.0333869
158.7	0.0055125	-0.0333869
158.8	0.0055125	-0.0333869
158.9	0.0055125	-0.0333869
159	0.0055125	-0.0333869
159.1	0.0055125	-0.0333869
159.2	0.0055125	-0.0333869
159.3	0.0055125	-0.0333869
159.4	0.0055125	-0.0333869
159.5	0.0055125	-0.0333869
159.6	0.0048435	-0.0333869
159.7	0.0048435	-0.0333869
159.8	0.005178	-0.0331639
159.9	0.005178	-0.0331639
160	0.005178	-0.0331639
160.1	0.005178	-0.0332754
160.2	0.005178	-0.0332754
160.3	0.005178	-0.0332754
160.4	0.004286	-0.0329409
160.5	0.004286	-0.0324948
160.6	0.004509	-0.0323833
160.7	0.004732	-0.0326064
160.8	0.005178	-0.0328294
160.9	0.0043975	-0.0330524
161	0.0043975	-0.0330524
161.1	0.004509	-0.0330524
161.2	0.0048435	-0.0324948
161.3	0.0048435	-0.0322718
161.4	0.004509	-0.0321603
161.5	0.0040629	-0.0320488
161.6	0.0040629	-0.0324948
161.7	0.0041744	-0.0327179
161.8	0.0043975	-0.0328294
161.9	0.0043975	-0.0328294
162	0.0043975	-0.0328294
162.1	0.0043975	-0.0328294
162.2	0.0043975	-0.0328294
162.3	0.0043975	-0.0328294
162.4	0.004286	-0.0328294
162.5	0.004286	-0.0328294
162.6	0.004286	-0.0328294
162.7	0.004286	-0.0328294
162.8	0.004286	-0.0324948
162.9	0.0043975	-0.0322718
163	0.0052895	-0.0320488
163.1	0.0052895	-0.0320488
163.2	0.0039514	-0.0319373
163.3	0.0043975	-0.0321603
163.4	0.004509	-0.0321603
163.5	0.004732	-0.0320488
163.6	0.0050665	-0.0318258
163.7	0.0050665	-0.0318258
163.8	0.0050665	-0.0318258
163.9	0.0043975	-0.0316028
164	0.0043975	-0.0316028
164.1	0.0043975	-0.0316028
164.2	0.004286	-0.0314913
164.3	0.0039514	-0.0314913
164.4	0.0039514	-0.0314913
164.5	0.0039514	-0.0314913
164.6	0.0038399	-0.0314913
164.7	0.0038399	-0.0314913
164.8	0.0036169	-0.0316028
164.9	0.0036169	-0.0316028
165	0.0036169	-0.0316028
165.1	0.0039514	-0.0317143
165.2	0.0039514	-0.0317143
165.3	0.0039514	-0.0317143
165.4	0.004286	-0.0316028
165.5	0.004286	-0.0316028
165.6	0.004286	-0.0316028
165.7	0.004286	-0.0316028
165.8	0.004286	-0.0316028
165.9	0.004286	-0.0316028
166	0.004286	-0.0316028
166.1	0.004286	-0.0316028
166.2	0.005401	-0.0318258
166.3	0.005401	-0.0318258
166.4	0.005401	-0.0318258
166.5	0.005401	-0.0318258
166.6	0.0055125	-0.0318258
166.7	0.0055125	-0.0318258
166.8	0.0055125	-0.0318258
166.9	0.0055125	-0.0318258
167	0.0055125	-0.0318258
167.1	0.0055125	-0.0318258
167.2	0.0055125	-0.0318258
167.3	0.0055125	-0.0318258
167.4	0.0055125	-0.0318258
167.5	0.0055125	-0.0318258
167.6	0.0055125	-0.0318258
167.7	0.0055125	-0.0318258
167.8	0.0055125	-0.0318258
167.9	0.0055125	-0.0318258
168	0.0055125	-0.0318258
168.1	0.0055125	-0.0318258
168.2	0.0055125	-0.0318258
168.3	0.0055125	-0.0318258
168.4	0.0055125	-0.0318258
168.5	0.0055125	-0.0318258
168.6	0.0055125	-0.0318258
168.7	0.0055125	-0.0318258
168.8	0.0055125	-0.0318258
168.9	0.0055125	-0.0318258
169	0.0055125	-0.0318258
169.1	0.005624	-0.0319373
169.2	0.005624	-0.0319373
169.3	0.00607	-0.0317143
169.4	0.006516	-0.0312683
169.5	0.006516	-0.0312683
169.6	0.0061815	-0.0312683
169.7	0.0059585	-0.0313798
169.8	0.0059585	-0.0313798
169.9	0.0059585	-0.0313798
170	0.0059585	-0.0313798
170.1	0.0059585	-0.0313798
170.2	0.0059585	-0.0314913
170.3	0.005847	-0.0314913
170.4	0.0055125	-0.0319373
170.5	0.0055125	-0.0319373
170.6	0.006293	-0.0320488
170.7	0.006293	-0.0320488
170.8	0.006293	-0.0320488
170.9	0.0061815	-0.0322718
171	0.006516	-0.0328294
171.1	0.0067391	-0.0328294
171.2	0.0067391	-0.0328294
171.3	0.0067391	-0.0328294
171.4	0.0067391	-0.0328294
171.5	0.0067391	-0.0328294
171.6	0.0067391	-0.0330524
171.7	0.0066275	-0.0331639
171.8	0.0066275	-0.0328294
171.9	0.0066275	-0.0324948
172	0.00607	-0.0324948
172.1	0.006516	-0.0326064
172.2	0.0068506	-0.0324948
172.3	0.0069621	-0.0324948
172.4	0.0070736	-0.0324948
172.5	0.0070736	-0.0324948
172.6	0.0070736	-0.0324948
172.7	0.0070736	-0.0322718
172.8	0.0070736	-0.0322718
172.9	0.0070736	-0.0322718
173	0.0070736	-0.0322718
173.1	0.0070736	-0.0322718
173.2	0.0070736	-0.0322718
173.3	0.0070736	-0.0322718
173.4	0.0070736	-0.0320488
173.5	0.0071851	-0.0320488
173.6	0.0071851	-0.0319373
173.7	0.0071851	-0.0319373
173.8	0.0071851	-0.0319373
173.9	0.0071851	-0.0319373
174	0.0071851	-0.0319373
174.1	0.0071851	-0.0319373
174.2	0.0071851	-0.0319373
174.3	0.0071851	-0.0319373
174.4	0.0071851	-0.0319373
174.5	0.0079656	-0.0318258
174.6	0.0079656	-0.0317143
174.7	0.0083001	-0.0316028
174.8	0.0086346	-0.0314913
174.9	0.0095267	-0.0323833
175	0.0095267	-0.0323833
175.1	0.0096382	-0.0328294
175.2	0.0096382	-0.0331639
175.3	0.0096382	-0.0332754
175.4	0.0095267	-0.0329409
175.5	0.0097497	-0.0328294
175.6	0.0104187	-0.0324948
175.7	0.0104187	-0.0324948
175.8	0.0104187	-0.0327179
175.9	0.0105302	-0.0327179
176	0.0108647	-0.0327179
176.1	0.0113107	-0.0328294
176.2	0.0106417	-0.0326064
176.3	0.0099727	-0.0324948
176.4	0.0099727	-0.0320488
176.5	0.0099727	-0.0320488
176.6	0.0091922	-0.0319373
176.7	0.0091922	-0.0319373
176.8	0.0091922	-0.0319373
176.9	0.0078541	-0.0314913
177	0.0079656	-0.0313798
177.1	0.0081886	-0.0309338
177.2	0.0087461	-0.0310453
177.3	0.0087461	-0.0310453
177.4	0.0087461	-0.0312683
177.5	0.0086346	-0.0316028
177.6	0.0083001	-0.0316028
177.7	0.0079656	-0.0322718
177.8	0.0074081	-0.0322718
177.9	0.0075196	-0.0317143
178	0.0075196	-0.0316028
178.1	0.0078541	-0.0316028
178.2	0.0078541	-0.0316028
178.3	0.0078541	-0.0316028
178.4	0.0078541	-0.0318258
178.5	0.0078541	-0.0318258
178.6	0.0081886	-0.0318258
178.7	0.0084116	-0.0318258
178.8	0.0083001	-0.0318258
178.9	0.0076311	-0.0319373
179	0.0076311	-0.0319373
179.1	0.0075196	-0.0318258
179.2	0.0075196	-0.0318258
179.3	0.0075196	-0.0318258
179.4	0.0075196	-0.0318258
179.5	0.0070736	-0.0319373
179.6	0.0070736	-0.0319373
179.7	0.0070736	-0.0319373
179.8	0.0070736	-0.0319373
179.9	0.0070736	-0.0318258
180	0.0071851	-0.0317143
180.1	0.0072966	-0.0317143
180.2	0.0076311	-0.0316028
180.3	0.0076311	-0.0316028
180.4	0.0076311	-0.0316028
180.5	0.0076311	-0.0314913
180.6	0.0076311	-0.0314913
180.7	0.0076311	-0.0314913
180.8	0.0076311	-0.0314913
180.9	0.0076311	-0.0314913
181	0.0076311	-0.0314913
181.1	0.0076311	-0.0314913
181.2	0.0076311	-0.0314913
181.3	0.0077426	-0.0314913
181.4	0.0078541	-0.0313798
181.5	0.0078541	-0.0313798
181.6	0.0078541	-0.0313798
181.7	0.0078541	-0.0313798
181.8	0.0078541	-0.0313798
181.9	0.0078541	-0.0313798
182	0.0078541	-0.0313798
182.1	0.0078541	-0.0313798
182.2	0.0078541	-0.0313798
182.3	0.0078541	-0.0313798
182.4	0.0078541	-0.0314913
182.5	0.0079656	-0.0316028
182.6	0.0079656	-0.0316028
182.7	0.0079656	-0.0316028
182.8	0.0079656	-0.0316028
182.9	0.0079656	-0.0316028
183	0.0079656	-0.0316028
183.1	0.0079656	-0.0316028
183.2	0.0079656	-0.0316028
183.3	0.0079656	-0.0316028
183.4	0.0079656	-0.0316028
183.5	0.0079656	-0.0316028
183.6	0.0079656	-0.0316028
183.7	0.0079656	-0.0316028
183.8	0.0079656	-0.0317143
183.9	0.0079656	-0.0323833
184	0.0079656	-0.0323833
184.1	0.0079656	-0.0323833
184.2	0.0079656	-0.0323833
184.3	0.0079656	-0.0323833
184.4	0.0079656	-0.0323833
184.5	0.0079656	-0.0323833
184.6	0.0079656	-0.0323833
184.7	0.0079656	-0.0323833
184.8	0.0079656	-0.0323833
184.9	0.0079656	-0.0323833
185	0.0079656	-0.0323833
185.1	0.0079656	-0.0323833
185.2	0.0079656	-0.0323833
185.3	0.0079656	-0.0323833
185.4	0.0079656	-0.0323833
185.5	0.0079656	-0.0323833
185.6	0.0079656	-0.0323833
185.7	0.0079656	-0.0323833
185.8	0.0079656	-0.0323833
185.9	0.0079656	-0.0323833
186	0.0079656	-0.0319373
186.1	0.0079656	-0.0319373
186.2	0.0079656	-0.0319373
186.3	0.0079656	-0.0319373
186.4	0.0079656	-0.0319373
186.5	0.0077426	-0.0323833
186.6	0.0076311	-0.0326064
186.7	0.0074081	-0.0332754
186.8	0.0074081	-0.0332754
186.9	0.0074081	-0.0332754
187	0.0070736	-0.0337214
187.1	0.0069621	-0.0337214
187.2	0.0069621	-0.0337214
187.3	0.0069621	-0.0337214
187.4	0.0068506	-0.0340559
187.5	0.0066275	-0.0331639
187.6	0.0066275	-0.0331639
187.7	0.0066275	-0.0331639
187.8	0.0066275	-0.0331639
187.9	0.0066275	-0.0331639
188	0.0066275	-0.0331639
188.1	0.0066275	-0.0331639
188.2	0.0066275	-0.0332754
188.3	0.0066275	-0.0333869
188.4	0.0066275	-0.0333869
188.5	0.0069621	-0.0339444
188.6	0.0074081	-0.0346134
188.7	0.0074081	-0.0346134
188.8	0.0074081	-0.0346134
188.9	0.0074081	-0.0346134
189	0.0074081	-0.0346134
189.1	0.0074081	-0.0346134
189.2	0.0072966	-0.0346134
189.3	0.0071851	-0.0346134
189.4	0.0071851	-0.0346134
189.5	0.0071851	-0.0346134
189.6	0.0071851	-0.0346134
189.7	0.0071851	-0.0345019
189.8	0.0071851	-0.0345019
189.9	0.0071851	-0.0345019
190	0.0080771	-0.0346134
190.1	0.0080771	-0.0346134
190.2	0.0077426	-0.0352825
190.3	0.0077426	-0.0352825
190.4	0.0077426	-0.0352825
190.5	0.0075196	-0.0357285
190.6	0.0075196	-0.03584
190.7	0.0075196	-0.03584
190.8	0.0075196	-0.03584
190.9	0.0075196	-0.03584
191	0.0072966	-0.0359515
191.1	0.0072966	-0.0359515
191.2	0.0077426	-0.03584
191.3	0.0077426	-0.0359515
191.4	0.0075196	-0.036286
191.5	0.0075196	-0.036286
191.6	0.0075196	-0.036286
191.7	0.0075196	-0.036286
191.8	0.0075196	-0.0363975
191.9	0.0075196	-0.0366205
192	0.0075196	-0.036955
192.1	0.0075196	-0.036955
192.2	0.0075196	-0.036955
192.3	0.0071851	-0.0368435
192.4	0.0069621	-0.0368435
192.5	0.0069621	-0.0363975
192.6	0.0069621	-0.0363975
192.7	0.0069621	-0.0363975
192.8	0.0069621	-0.0363975
192.9	0.0070736	-0.0363975
193	0.0070736	-0.0363975
193.1	0.0070736	-0.0363975
193.2	0.0070736	-0.036732
193.3	0.0070736	-0.036732
193.4	0.0070736	-0.036732
193.5	0.0070736	-0.036732
193.6	0.0070736	-0.036732
193.7	0.0070736	-0.036732
193.8	0.0070736	-0.0368435
193.9	0.0067391	-0.0368435
194	0.006293	-0.035617
194.1	0.006293	-0.035617
194.2	0.0061815	-0.035617
194.3	0.0061815	-0.035617
194.4	0.0061815	-0.0361745
194.5	0.0061815	-0.0361745
194.6	0.0066275	-0.036063
194.7	0.0066275	-0.036063
194.8	0.0066275	-0.036063
194.9	0.0066275	-0.036063
195	0.0066275	-0.0361745
195.1	0.0066275	-0.036286
195.2	0.0066275	-0.036286
195.3	0.0066275	-0.036286
195.4	0.0068506	-0.0363975
195.5	0.0077426	-0.036509
195.6	0.0077426	-0.036509
195.7	0.0074081	-0.0366205
195.8	0.0071851	-0.0366205
195.9	0.0071851	-0.0366205
196	0.0071851	-0.0366205
196.1	0.0071851	-0.0366205
196.2	0.0070736	-0.0366205
196.3	0.0070736	-0.0366205
196.4	0.0070736	-0.0366205
196.5	0.0070736	-0.0366205
196.6	0.0070736	-0.0366205
196.7	0.0070736	-0.0366205
196.8	0.0070736	-0.0366205
196.9	0.0070736	-0.0366205
197	0.0070736	-0.0366205
197.1	0.0070736	-0.0366205
197.2	0.0070736	-0.0366205
197.3	0.0070736	-0.0366205
197.4	0.0070736	-0.0366205
197.5	0.0070736	-0.0366205
197.6	0.0070736	-0.0366205
197.7	0.0070736	-0.0366205
197.8	0.0070736	-0.0366205
197.9	0.0072966	-0.0363975
198	0.0072966	-0.0363975
198.1	0.0072966	-0.0363975
198.2	0.0072966	-0.0363975
198.3	0.0074081	-0.0370665
198.4	0.0074081	-0.037178
198.5	0.0074081	-0.037178
198.6	0.0077426	-0.037178
198.7	0.0077426	-0.037178
198.8	0.0075196	-0.0368435
198.9	0.0075196	-0.036732
199	0.0075196	-0.036732
199.1	0.0075196	-0.036732
199.2	0.0075196	-0.036732
199.3	0.0067391	-0.0370665
199.4	0.0067391	-0.0370665
199.5	0.0067391	-0.0370665
199.6	0.0069621	-0.037178
199.7	0.0069621	-0.037178
199.8	0.0069621	-0.037178
199.9	0.0069621	-0.037178
200	0.0070736	-0.037178
200.1	0.0075196	-0.037178
200.2	0.0076311	-0.037178
200.3	0.0076311	-0.037178
200.4	0.0076311	-0.037178
200.5	0.0077426	-0.0372895
200.6	0.0081886	-0.0379586
200.7	0.0081886	-0.0380701
200.8	0.0083001	-0.0380701
200.9	0.0087461	-0.0389621
201	0.0087461	-0.0389621
201.1	0.0083001	-0.0381816
201.2	0.0080771	-0.0379586
201.3	0.0078541	-0.0376241
201.4	0.0075196	-0.037401
201.5	0.0075196	-0.037401
201.6	0.0075196	-0.037401
201.7	0.0075196	-0.037401
201.8	0.0075196	-0.0376241
201.9	0.0075196	-0.0376241
202	0.0072966	-0.0376241
202.1	0.0072966	-0.0376241
202.2	0.0072966	-0.0376241
202.3	0.0072966	-0.0376241
202.4	0.0072966	-0.0376241
202.5	0.0075196	-0.0376241
202.6	0.0076311	-0.0376241
202.7	0.0077426	-0.0376241
202.8	0.0077426	-0.0377356
202.9	0.0078541	-0.0380701
203	0.0075196	-0.0381816
203.1	0.0077426	-0.0381816
203.2	0.0077426	-0.0381816
203.3	0.0074081	-0.0377356
203.4	0.0074081	-0.0377356
203.5	0.0077426	-0.0378471
203.6	0.0080771	-0.0378471
203.7	0.0078541	-0.0378471
203.8	0.0078541	-0.0378471
203.9	0.0078541	-0.0378471
204	0.0078541	-0.0378471
204.1	0.0078541	-0.0378471
204.2	0.0078541	-0.0378471
204.3	0.0077426	-0.037401
204.4	0.0077426	-0.037401
204.5	0.0077426	-0.037401
204.6	0.0077426	-0.037401
204.7	0.0077426	-0.037401
204.8	0.0078541	-0.0378471
204.9	0.0078541	-0.0379586
205	0.0078541	-0.0379586
205.1	0.0081886	-0.0381816
205.2	0.0081886	-0.0382931
205.3	0.0081886	-0.0381816
205.4	0.0081886	-0.0381816
205.5	0.0079656	-0.0381816
205.6	0.0069621	-0.0377356
205.7	0.0069621	-0.0377356
205.8	0.0077426	-0.0375125
205.9	0.0078541	-0.0375125
206	0.0081886	-0.0372895
206.1	0.0083001	-0.0372895
206.2	0.0085231	-0.037401
206.3	0.0077426	-0.0372895
206.4	0.0080771	-0.0372895
206.5	0.0080771	-0.0372895
206.6	0.0075196	-0.0376241
206.7	0.0077426	-0.0376241
206.8	0.0079656	-0.0379586
206.9	0.0079656	-0.0380701
207	0.0079656	-0.0380701
207.1	0.0090806	-0.0378471
207.2	0.0085231	-0.0380701
207.3	0.0085231	-0.0380701
207.4	0.0079656	-0.0380701
207.5	0.0078541	-0.0381816
207.6	0.0078541	-0.0379586
207.7	0.0076311	-0.0377356
207.8	0.0077426	-0.0377356
207.9	0.0079656	-0.0376241
208	0.0079656	-0.0376241
208.1	0.0079656	-0.0376241
208.2	0.0079656	-0.0378471
208.3	0.0081886	-0.0385161
208.4	0.0079656	-0.0386276
208.5	0.0077426	-0.0381816
208.6	0.0077426	-0.0381816
208.7	0.0067391	-0.0377356
208.8	0.0071851	-0.0376241
208.9	0.0072966	-0.0376241
209	0.0071851	-0.0376241
209.1	0.0070736	-0.0380701
209.2	0.0069621	-0.0380701
209.3	0.0061815	-0.0380701
209.4	0.0076311	-0.0376241
209.5	0.0077426	-0.0377356
209.6	0.0085231	-0.0381816
209.7	0.0084116	-0.0381816
209.8	0.0080771	-0.0379586
209.9	0.0076311	-0.0380701
210	0.0076311	-0.0380701
210.1	0.0068506	-0.0382931
210.2	0.0068506	-0.0385161
210.3	0.0072966	-0.0386276
210.4	0.0072966	-0.0381816
210.5	0.0074081	-0.0377356
210.6	0.0074081	-0.0377356
210.7	0.0077426	-0.0377356
210.8	0.0077426	-0.0377356
210.9	0.0087461	-0.0380701
211	0.0087461	-0.0380701
211.1	0.0086346	-0.0381816
211.2	0.0079656	-0.0382931
211.3	0.0079656	-0.0385161
211.4	0.0079656	-0.0385161
211.5	0.0079656	-0.0389621
211.6	0.0079656	-0.0389621
211.7	0.0079656	-0.0391851
211.8	0.0081886	-0.0392966
211.9	0.0083001	-0.0390736
212	0.0083001	-0.0390736
212.1	0.0083001	-0.0389621
212.2	0.0083001	-0.0389621
212.3	0.0083001	-0.0389621
212.4	0.0083001	-0.0388506
212.5	0.0079656	-0.0388506
212.6	0.0078541	-0.0388506
212.7	0.0077426	-0.0388506
212.8	0.0077426	-0.0389621
212.9	0.0078541	-0.0389621
213	0.0077426	-0.0390736
213.1	0.0077426	-0.0395196
213.2	0.0079656	-0.0398541
213.3	0.0086346	-0.0398541
213.4	0.0080771	-0.0395196
213.5	0.0076311	-0.0395196
213.6	0.0074081	-0.0395196
213.7	0.0069621	-0.0395196
213.8	0.0070736	-0.0389621
213.9	0.0075196	-0.0392966
214	0.0072966	-0.0400772
214.1	0.0071851	-0.0400772
214.2	0.0070736	-0.0399656
214.3	0.0079656	-0.0398541
214.4	0.0077426	-0.0399656
214.5	0.0072966	-0.0398541
214.6	0.0075196	-0.0395196
214.7	0.0078541	-0.0395196
214.8	0.0079656	-0.0398541
214.9	0.0079656	-0.0398541
215	0.0079656	-0.0398541
215.1	0.0077426	-0.0391851
215.2	0.0078541	-0.0390736
215.3	0.0076311	-0.0388506
215.4	0.0077426	-0.0388506
215.5	0.0087461	-0.0390736
215.6	0.0089691	-0.0390736
215.7	0.0089691	-0.0394081
215.8	0.0089691	-0.0395196
215.9	0.0089691	-0.0395196
216	0.0089691	-0.0395196
216.1	0.0089691	-0.0395196
216.2	0.0085231	-0.0392966
216.3	0.0088576	-0.0390736
216.4	0.0083001	-0.0391851
216.5	0.0083001	-0.0392409
216.6	0.0083001	-0.0392966
216.7	0.0075196	-0.0396311
216.8	0.0079656	-0.0398541
216.9	0.0088576	-0.0398541
217	0.0094152	-0.0398541
217.1	0.0088576	-0.0395196
217.2	0.0088576	-0.0399656
217.3	0.0087461	-0.0399656
217.4	0.0086346	-0.0401887
217.5	0.0085231	-0.0403002
217.6	0.0085231	-0.0403002
217.7	0.0085231	-0.0403002
217.8	0.0085231	-0.0403002
217.9	0.0085231	-0.0403002
218	0.0085231	-0.0403002
218.1	0.0085231	-0.0400772
218.2	0.0085231	-0.0400772
218.3	0.0077426	-0.0401887
218.4	0.0077426	-0.0401887
218.5	0.0075196	-0.0403002
218.6	0.0070736	-0.0405232
218.7	0.0070736	-0.0404117
218.8	0.0069621	-0.0404117
218.9	0.0069621	-0.0400772
219	0.0074081	-0.0399656
219.1	0.0075196	-0.0398541
219.2	0.0076311	-0.0403002
219.3	0.0077426	-0.0404117
219.4	0.0078541	-0.0404117
219.5	0.0078541	-0.0404117
219.6	0.0086346	-0.0400772
219.7	0.0089691	-0.0399656
219.8	0.0089691	-0.0399656
219.9	0.0087461	-0.0396311
220	0.0086346	-0.0395196
220.1	0.0086346	-0.0395196
220.2	0.0086346	-0.0396311
220.3	0.0079656	-0.0398541
220.4	0.0077426	-0.0397426
220.5	0.0075196	-0.0395196
220.6	0.0075196	-0.0390736
220.7	0.0075196	-0.0389621
220.8	0.0077426	-0.0389621
220.9	0.0078541	-0.0388506
221	0.0081886	-0.0389621
221.1	0.0081886	-0.0389621
221.2	0.0081886	-0.0389621
221.3	0.0081886	-0.0388506
221.4	0.0081886	-0.0388506
221.5	0.0081886	-0.0388506
221.6	0.0081886	-0.0388506
221.7	0.0084116	-0.0388506
221.8	0.0083001	-0.0389621
221.9	0.0078541	-0.0388506
222	0.0076311	-0.0384046
222.1	0.0081886	-0.0382931
222.2	0.0083001	-0.0382931
222.3	0.0083001	-0.0385161
222.4	0.0084116	-0.0385161
222.5	0.0084116	-0.0385161
222.6	0.0087461	-0.0381816
222.7	0.0087461	-0.0381816
222.8	0.0087461	-0.0381816
222.9	0.0081886	-0.0381816
223	0.0083001	-0.0381816
223.1	0.0083001	-0.0381816
223.2	0.0084116	-0.0379586
223.3	0.0084116	-0.0379586
223.4	0.0084116	-0.0379586
223.5	0.0084116	-0.0379586
223.6	0.0081886	-0.0382931
223.7	0.0081886	-0.0382373
223.8	0.0081886	-0.0381816
223.9	0.0084116	-0.0378471
224	0.0084116	-0.0376241
224.1	0.0084116	-0.0380701
224.2	0.0084116	-0.0382931
224.3	0.0084116	-0.0382931
224.4	0.0078541	-0.0378471
224.5	0.0080771	-0.0377356
224.6	0.0084116	-0.037178
224.7	0.0084116	-0.0376241
224.8	0.0085231	-0.0377356
224.9	0.0085231	-0.0377356
225	0.0087461	-0.0377356
225.1	0.0087461	-0.0376241
225.2	0.0087461	-0.0376241
225.3	0.0088576	-0.0376241
225.4	0.0088576	-0.0378471
225.5	0.0087461	-0.0384046
225.6	0.0087461	-0.0384046
225.7	0.0081886	-0.0384046
225.8	0.0079656	-0.0378471
225.9	0.0087461	-0.0376241
226	0.0089691	-0.0380701
226.1	0.0089691	-0.0380701
226.2	0.0089691	-0.0381816
226.3	0.0088576	-0.0381816
226.4	0.0088576	-0.0381816
226.5	0.0088576	-0.0382931
226.6	0.0088576	-0.0382931
226.7	0.0088576	-0.0384046
226.8	0.0087461	-0.0388506
226.9	0.0080771	-0.0392966
227	0.0078541	-0.0392966
227.1	0.0078541	-0.0390736
227.2	0.0084116	-0.0382931
227.3	0.0086346	-0.0386276
227.4	0.0086346	-0.0390736
227.5	0.0086346	-0.0392966
227.6	0.0086346	-0.0392966
227.7	0.0086346	-0.0391851
227.8	0.0088576	-0.0390736
227.9	0.0091922	-0.0394081
228	0.0095267	-0.0394081
228.1	0.0087461	-0.0389621
228.2	0.0087461	-0.0390736
228.3	0.0086346	-0.0394081
228.4	0.0086346	-0.0394081
228.5	0.0086346	-0.0394081
228.6	0.0091922	-0.0389621
228.7	0.0091922	-0.0389621
228.8	0.0091922	-0.0389621
228.9	0.0091922	-0.0390736
229	0.0090806	-0.0391851
229.1	0.0090806	-0.0392966
229.2	0.0090806	-0.0392966
229.3	0.0090806	-0.0392966
229.4	0.0093037	-0.0392966
229.5	0.0096382	-0.0389621
229.6	0.0097497	-0.0389621
229.7	0.0097497	-0.0389621
229.8	0.0097497	-0.0389621
229.9	0.0096382	-0.0389621
230	0.0096382	-0.0389621
230.1	0.0096382	-0.0389621
230.2	0.0096382	-0.0389621
230.3	0.0096382	-0.0389621
230.4	0.0096382	-0.0388506
230.5	0.0096382	-0.0388506
230.6	0.0096382	-0.0388506
230.7	0.0096382	-0.0388506
230.8	0.0095267	-0.0398541
230.9	0.0095267	-0.0398541
231	0.0094152	-0.0401887
231.1	0.0089691	-0.0405232
231.2	0.0089691	-0.0405232
231.3	0.0086346	-0.0406347
231.4	0.0086346	-0.0406347
231.5	0.0086346	-0.0407462
231.6	0.0086346	-0.0407462
231.7	0.0086346	-0.0407462
231.8	0.0086346	-0.0407462
231.9	0.0086346	-0.0406347
232	0.0086346	-0.0406347
232.1	0.0086346	-0.0406347
232.2	0.0086346	-0.0406347
232.3	0.0084116	-0.0409692
232.4	0.0086346	-0.0411922
232.5	0.0086346	-0.0411922
232.6	0.0086346	-0.0411922
232.7	0.0086346	-0.0411922
232.8	0.0086346	-0.0411922
232.9	0.0086346	-0.0411922
233	0.0086346	-0.0411922
233.1	0.0086346	-0.0411922
233.2	0.0086346	-0.0411922
233.3	0.0086346	-0.0413037
233.4	0.0086346	-0.0415267
233.5	0.0085231	-0.0418612
233.6	0.0085231	-0.0419727
233.7	0.0085231	-0.0419727
233.8	0.0086346	-0.0420842
233.9	0.0086346	-0.0420842
234	0.0086346	-0.0420842
234.1	0.0086346	-0.0423072
234.2	0.0085231	-0.0427533
234.3	0.0085231	-0.0428648
234.4	0.0084116	-0.0428648
234.5	0.0084116	-0.0428648
234.6	0.0081886	-0.0428648
234.7	0.0087461	-0.0429763
234.8	0.0089691	-0.0429763
234.9	0.0093037	-0.0425302
235	0.0093037	-0.0425302
235.1	0.0093037	-0.0425302
235.2	0.0093037	-0.0425302
235.3	0.0086346	-0.0424187
235.4	0.0083001	-0.0420842
235.5	0.0083001	-0.0417497
235.6	0.0083001	-0.0418612
235.7	0.0083001	-0.0419727
235.8	0.0083001	-0.0419727
235.9	0.0083001	-0.0419727
236	0.0083001	-0.0423072
236.1	0.0085231	-0.0424187
236.2	0.0087461	-0.0418612
236.3	0.0089691	-0.0417497
236.4	0.0093037	-0.0417497
236.5	0.0093037	-0.0420842
236.6	0.0091922	-0.0424187
236.7	0.0080771	-0.0420842
236.8	0.0086346	-0.0416382
236.9	0.0095267	-0.0417497
237	0.0097497	-0.0417497
237.1	0.0084116	-0.0416382
237.2	0.0083001	-0.0413037
237.3	0.0083001	-0.0411922
237.4	0.0083001	-0.0415267
237.5	0.0077426	-0.0411922
237.6	0.0080771	-0.0410807
237.7	0.0084116	-0.0410807
237.8	0.0084116	-0.0413037
237.9	0.0083001	-0.0416382
238	0.0083001	-0.0416382
238.1	0.0088576	-0.0418612
238.2	0.0090806	-0.0419727
238.3	0.0090806	-0.0419727
238.4	0.0090806	-0.0417497
238.5	0.0087461	-0.0411922
238.6	0.0090806	-0.0417497
238.7	0.0089691	-0.0418612
238.8	0.0080771	-0.0416382
238.9	0.0079656	-0.0416382
239	0.0075196	-0.0418612
239.1	0.0072966	-0.0421957
239.2	0.0074081	-0.0417497
239.3	0.0079656	-0.0410807
239.4	0.0081886	-0.0416382
239.5	0.0079656	-0.0418612
239.6	0.0075196	-0.0419727
239.7	0.0075196	-0.0417497
239.8	0.0077426	-0.0417497
239.9	0.0081886	-0.0417497
240	0.0081886	-0.0413037
240.1	0.0083001	-0.0413037
240.2	0.0083001	-0.0417497
240.3	0.0083001	-0.0420842
240.4	0.0089691	-0.0423072
240.5	0.0090806	-0.0424187
240.6	0.0085231	-0.0420842
240.7	0.0071851	-0.0420842
240.8	0.0071851	-0.0420842
240.9	0.0070736	-0.0418612
241	0.0070736	-0.0415267
241.1	0.0066275	-0.0415267
241.2	0.0069621	-0.0415267
241.3	0.0074081	-0.0415267
241.4	0.0075196	-0.0419727
241.5	0.0075196	-0.0421957
241.6	0.0075196	-0.0423072
241.7	0.0075196	-0.0413037
241.8	0.0078541	-0.0410807
241.9	0.0075196	-0.0411922
242	0.0069621	-0.0405232
242.1	0.0077426	-0.0404117
242.2	0.0077426	-0.0403002
242.3	0.0077426	-0.0397426
242.4	0.0081886	-0.0396311
242.5	0.0086346	-0.0395196
242.6	0.0081886	-0.0395196
242.7	0.0078541	-0.0395196
242.8	0.0079656	-0.0401887
242.9	0.0083001	-0.0399656
243	0.0081886	-0.0394081
243.1	0.0079656	-0.0397426
243.2	0.0083001	-0.0397426
243.3	0.0083001	-0.0396311
243.4	0.0081886	-0.0396311
243.5	0.0086346	-0.0398541
243.6	0.0087461	-0.0398541
243.7	0.0088576	-0.0400772
243.8	0.0089691	-0.0401887
243.9	0.0087461	-0.0403002
244	0.0086346	-0.0403002
244.1	0.0085231	-0.0401887
244.2	0.0088576	-0.0398541
244.3	0.0099727	-0.0394081
244.4	0.0106417	-0.0394081
244.5	0.0107532	-0.0392966
244.6	0.0106417	-0.0386276
244.7	0.0105302	-0.0388506
244.8	0.0105302	-0.0392966
244.9	0.0104187	-0.0395196
245	0.0113107	-0.0403002
245.1	0.0115337	-0.0399656
245.2	0.0106417	-0.0391851
245.3	0.0106417	-0.0390736
245.4	0.0106417	-0.0387391
245.5	0.0107532	-0.0388506
245.6	0.0098612	-0.0387391
245.7	0.0095267	-0.0386276
245.8	0.0095267	-0.0389621
245.9	0.0104187	-0.0390736
246	0.0110877	-0.0390736
246.1	0.0113107	-0.0390736
246.2	0.0110877	-0.0386276
246.3	0.0104187	-0.0388506
246.4	0.0100842	-0.0395196
246.5	0.0107532	-0.0397426
246.6	0.0108647	-0.0392966
246.7	0.0108647	-0.0390736
246.8	0.0114222	-0.0392966
246.9	0.0118683	-0.0396311
247	0.0118683	-0.0397426
247.1	0.0114222	-0.0390736
247.2	0.0105302	-0.0394081
247.3	0.0105302	-0.0395196
247.4	0.0105302	-0.0395196
247.5	0.0110877	-0.0395196
247.6	0.0109762	-0.0394081
247.7	0.0109762	-0.0394081
247.8	0.0107532	-0.0390736
247.9	0.0107532	-0.0392966
248	0.0105302	-0.0396311
248.1	0.0105302	-0.0398541
248.2	0.0113107	-0.0399656
248.3	0.0114222	-0.0399656
248.4	0.0111992	-0.0395196
248.5	0.0103072	-0.0394081
248.6	0.0095267	-0.0396311
248.7	0.0101957	-0.0398541
248.8	0.0103072	-0.0394081
248.9	0.0099727	-0.0394081
249	0.0099727	-0.0397426
249.1	0.0106417	-0.0401887
249.2	0.0113107	-0.0401887
249.3	0.0107532	-0.0396311
249.4	0.0104187	-0.0395196
249.5	0.0103072	-0.0395196
249.6	0.0098612	-0.0396311
249.7	0.0097497	-0.0397426
249.8	0.0100842	-0.0397426
249.9	0.0108647	-0.0399656
250	0.0109762	-0.0399656
250.1	0.0109762	-0.0398541
250.2	0.0109762	-0.0398541
250.3	0.0109762	-0.0396311
250.4	0.0108647	-0.0396311
250.5	0.0108647	-0.0396311
250.6	0.0107532	-0.0396311
250.7	0.0105302	-0.0396311
250.8	0.0098612	-0.0397426
250.9	0.0098612	-0.0397426
251	0.0098612	-0.0397426
251.1	0.0096382	-0.0397426
251.2	0.0096382	-0.0397426
251.3	0.0091922	-0.0398541
251.4	0.0094152	-0.0397426
251.5	0.0091922	-0.0398541
251.6	0.0080771	-0.0396311
251.7	0.0081886	-0.0396311
251.8	0.0081886	-0.0395196
251.9	0.0081886	-0.0394081
252	0.0081886	-0.0394081
252.1	0.0081886	-0.0397426
252.2	0.0079656	-0.0398541
252.3	0.0081886	-0.0398541
252.4	0.0081886	-0.0400772
252.5	0.0078541	-0.0403002
252.6	0.0074081	-0.0404117
252.7	0.0074081	-0.0404117
252.8	0.0071851	-0.0404117
252.9	0.0070736	-0.0404117
253	0.0070736	-0.0404117
253.1	0.0081886	-0.0405232
253.2	0.0081886	-0.0401887
253.3	0.0083001	-0.0396311
253.4	0.0083001	-0.0396311
253.5	0.0083001	-0.0396311
253.6	0.0083001	-0.0397426
253.7	0.0083001	-0.0398541
253.8	0.0086346	-0.0401887
253.9	0.0086346	-0.0401887
254	0.0086346	-0.0401887
254.1	0.0080771	-0.0400772
254.2	0.0080771	-0.0400772
254.3	0.0080771	-0.0400772
254.4	0.0080771	-0.0400772
254.5	0.0080771	-0.0403002
254.6	0.0084116	-0.0407462
254.7	0.0084116	-0.0407462
254.8	0.0081886	-0.0409692
254.9	0.0079656	-0.0410807
255	0.0078541	-0.0410807
255.1	0.0075196	-0.0415267
255.2	0.0075196	-0.0415267
255.3	0.0077426	-0.0414152
255.4	0.0077426	-0.0410807
255.5	0.0076311	-0.0410807
255.6	0.0072966	-0.0410807
255.7	0.0070736	-0.0410807
255.8	0.0071851	-0.0415267
255.9	0.0074081	-0.0415267
256	0.0076311	-0.0415267
256.1	0.0075196	-0.0415267
256.2	0.0070736	-0.0415267
256.3	0.0070736	-0.0415267
256.4	0.0070736	-0.0411922
256.5	0.0074081	-0.0414152
256.6	0.0074081	-0.0418612
256.7	0.0072966	-0.0424187
256.8	0.0072966	-0.0425302
256.9	0.0072966	-0.0425302
257	0.0072966	-0.0425302
257.1	0.0072966	-0.0425302
257.2	0.0066275	-0.0425302
257.3	0.0066275	-0.0420842
257.4	0.0069621	-0.0420842
257.5	0.0072966	-0.0420842
257.6	0.0074081	-0.0421957
257.7	0.0074081	-0.0424187
257.8	0.0071851	-0.0426418
257.9	0.0071851	-0.0425302
258	0.0071851	-0.0426418
258.1	0.0071851	-0.0426418
258.2	0.0074081	-0.0427533
258.3	0.0076311	-0.0425302
258.4	0.0077426	-0.0419727
258.5	0.0071851	-0.0419727
258.6	0.0068506	-0.0421957
258.7	0.0067391	-0.0425302
258.8	0.0074081	-0.0427533
258.9	0.0080771	-0.0423072
259	0.0077426	-0.0419727
259.1	0.0074081	-0.0416382
259.2	0.0072966	-0.0419727
259.3	0.0071851	-0.0421957
259.4	0.0071851	-0.0424187
259.5	0.0071851	-0.0424187
259.6	0.0071851	-0.0424187
259.7	0.0070736	-0.0421957
259.8	0.0067391	-0.0421957
259.9	0.0066275	-0.0421957
260	0.0069621	-0.0424187
260.1	0.0077426	-0.0424187
260.2	0.0077426	-0.0423072
260.3	0.0078541	-0.0423072
260.4	0.0084116	-0.0423072
260.5	0.0086346	-0.0426418
260.6	0.0086346	-0.0428648
260.7	0.0085231	-0.0429763
260.8	0.0078541	-0.0427533
260.9	0.0079656	-0.0425302
261	0.0084116	-0.0424187
261.1	0.0085231	-0.0429763
261.2	0.0079656	-0.0433108
261.3	0.0075196	-0.0434223
261.4	0.0075196	-0.0430878
261.5	0.0077426	-0.0430878
261.6	0.0077426	-0.0431993
261.7	0.0078541	-0.0431993
261.8	0.0078541	-0.0433108
261.9	0.0083001	-0.0428648
262	0.0086346	-0.0425302
262.1	0.0086346	-0.0425302
262.2	0.0086346	-0.0428648
262.3	0.0093037	-0.0436453
262.4	0.0096382	-0.0437568
262.5	0.0088576	-0.0437568
262.6	0.0078541	-0.0430878
262.7	0.0081886	-0.0425302
262.8	0.0086346	-0.0425302
262.9	0.0086346	-0.0427533
263	0.0081886	-0.0429763
263.1	0.0093037	-0.0436453
263.2	0.0093037	-0.0436453
263.3	0.0093037	-0.0434223
263.4	0.0086346	-0.0431993
263.5	0.0080771	-0.0428648
263.6	0.0075196	-0.0429763
263.7	0.0061815	-0.0425302
263.8	0.0074081	-0.0423072
263.9	0.0080771	-0.0421957
264	0.0072966	-0.0427533
264.1	0.0068506	-0.0425302
264.2	0.0070736	-0.0420842
264.3	0.0083001	-0.0419727
264.4	0.0083001	-0.0424187
264.5	0.0071851	-0.0428648
264.6	0.0066275	-0.0420842
264.7	0.0074081	-0.0416382
264.8	0.0080771	-0.0419727
264.9	0.0079656	-0.0424187
265	0.0067391	-0.0425302
265.1	0.006516	-0.0418612
265.2	0.0075196	-0.0416382
265.3	0.0079656	-0.0418612
265.4	0.0079656	-0.0421957
265.5	0.0071851	-0.0418612
265.6	0.0067391	-0.0414152
265.7	0.0074081	-0.0416382
265.8	0.0074081	-0.0419727
265.9	0.0070736	-0.0419727
266	0.0059585	-0.0419727
266.1	0.0059585	-0.0419727
266.2	0.0068506	-0.0418612
266.3	0.0077426	-0.0416382
266.4	0.0077426	-0.0416382
266.5	0.0077426	-0.0416382
266.6	0.0074081	-0.0415267
266.7	0.0066275	-0.0415267
266.8	0.0064045	-0.0418612
266.9	0.0059585	-0.0416382
267	0.0061815	-0.0415267
267.1	0.0076311	-0.0415267
267.2	0.0072966	-0.0415267
267.3	0.0071851	-0.0419727
267.4	0.0070736	-0.0419727
267.5	0.0069621	-0.0418612
267.6	0.0069621	-0.0419727
267.7	0.0069621	-0.0419727
267.8	0.0069621	-0.0419727
267.9	0.0066275	-0.0423072
268	0.006516	-0.0423072
268.1	0.0066275	-0.0423072
268.2	0.005847	-0.0419727
268.3	0.0067391	-0.0420842
268.4	0.0071851	-0.0420842
268.5	0.0071851	-0.0424187
268.6	0.0071851	-0.0424187
268.7	0.0070736	-0.0426418
268.8	0.0070736	-0.0426418
268.9	0.0069621	-0.0418612
269	0.0072966	-0.0418612
269.1	0.006293	-0.0418612
269.2	0.0068506	-0.0418612
269.3	0.0069621	-0.0419727
269.4	0.0069621	-0.0424187
269.5	0.0070736	-0.0424187
269.6	0.0070736	-0.0424187
269.7	0.0070736	-0.0424187
269.8	0.0071851	-0.0424187
269.9	0.0071851	-0.0424187
270	0.0071851	-0.0424187
270.1	0.0071851	-0.0424187
270.2	0.0071851	-0.0424187
270.3	0.0071851	-0.0424187
270.4	0.0071851	-0.0424187
270.5	0.0071851	-0.0424187
270.6	0.0071851	-0.0424187
270.7	0.0071851	-0.0424187
270.8	0.0071851	-0.0424187
270.9	0.0071851	-0.0424187
271	0.0071851	-0.0424187
271.1	0.0071851	-0.0424187
271.2	0.0071851	-0.0424187
271.3	0.0070736	-0.0426418
271.4	0.0067391	-0.0431993
271.5	0.006293	-0.0434223
271.6	0.006293	-0.0434223
271.7	0.00607	-0.0434223
271.8	0.005847	-0.0434223
271.9	0.005847	-0.0434223
272	0.0057355	-0.0436453
272.1	0.0057355	-0.0437568
272.2	0.005401	-0.0444258
272.3	0.0052895	-0.0446488
272.4	0.0052895	-0.0446488
272.5	0.005624	-0.0435338
272.6	0.005624	-0.0436453
272.7	0.005624	-0.0437568
272.8	0.005624	-0.0437568
272.9	0.004955	-0.0437568
273	0.004955	-0.0438683
273.1	0.004955	-0.0438683
273.2	0.005178	-0.0437568
273.3	0.0055125	-0.0431993
273.4	0.0055125	-0.0431993
273.5	0.0055125	-0.0431993
273.6	0.0055125	-0.0431993
273.7	0.005624	-0.0431993
273.8	0.005624	-0.0431993
273.9	0.004732	-0.0437568
274	0.0046205	-0.0438683
274.1	0.004509	-0.0438683
274.2	0.004286	-0.0434223
274.3	0.0040629	-0.0434223
274.4	0.004509	-0.0431993
274.5	0.004509	-0.0431993
274.6	0.004509	-0.0433108
274.7	0.004509	-0.0433108
274.8	0.0039514	-0.0430878
274.9	0.0039514	-0.0430878
275	0.0041744	-0.0433108
275.1	0.0041744	-0.0433108
275.2	0.0041744	-0.0433108
275.3	0.0041744	-0.0433108
275.4	0.0032824	-0.0433108
275.5	0.0032824	-0.0433108
275.6	0.0032824	-0.0433108
275.7	0.0032824	-0.0433108
275.8	0.0032824	-0.0433108
275.9	0.0032824	-0.0433108
276	0.0032824	-0.0433108
276.1	0.0036169	-0.0433108
276.2	0.004509	-0.0437568
276.3	0.004509	-0.0437568
276.4	0.0046205	-0.0440913
276.5	0.0043975	-0.0442028
276.6	0.0043975	-0.0442028
276.7	0.0052895	-0.0439798
276.8	0.0052895	-0.0439798
276.9	0.004955	-0.0439798
277	0.004732	-0.0439798
277.1	0.0041744	-0.0439798
277.2	0.0041744	-0.0439798
277.3	0.0043975	-0.0438683
277.4	0.0043975	-0.0438683
277.5	0.004509	-0.0438683
277.6	0.004509	-0.0438683
277.7	0.004286	-0.0438683
277.8	0.0041744	-0.0439798
277.9	0.0041744	-0.0439798
278	0.0041744	-0.0439798
278.1	0.0041744	-0.0439798
278.2	0.0041744	-0.0439798
278.3	0.0038399	-0.0439798
278.4	0.0038399	-0.0439798
278.5	0.0037284	-0.0439798
278.6	0.0040629	-0.0439798
278.7	0.004509	-0.0439798
278.8	0.004509	-0.0439798
278.9	0.004509	-0.0442028
279	0.004509	-0.0442028
279.1	0.004509	-0.0442028
279.2	0.0039514	-0.0446488
279.3	0.0023904	-0.0444258
279.4	0.0023904	-0.0444258
279.5	0.0023904	-0.0443143
279.6	0.0025019	-0.0443143
279.7	0.0027249	-0.0443143
279.8	0.0027249	-0.0443143
279.9	0.0027249	-0.0443143
280	0.0027249	-0.0447603
280.1	0.0027249	-0.0453179
280.2	0.0027249	-0.0454294
280.3	0.0018329	-0.0455409
280.4	0.0010523	-0.0455409
280.5	0.0031709	-0.0450949
280.6	0.0043975	-0.0455409
280.7	0.0038957	-0.0455409
280.8	0.0033939	-0.0455409
280.9	0.0031709	-0.0455409
281	0.0033939	-0.0455409
281.1	0.0035054	-0.0455409
281.2	0.0035054	-0.0456524
281.3	0.0030594	-0.0457639
281.4	0.0030594	-0.0458754
281.5	0.0030594	-0.0457639
281.6	0.0030594	-0.0457639
281.7	0.0030594	-0.0457639
281.8	0.0030594	-0.0457639
281.9	0.0030594	-0.0459869
282	0.0027249	-0.0460984
282.1	0.0027249	-0.0460984
282.2	0.0027249	-0.0460984
282.3	0.0027249	-0.0460984
282.4	0.0027249	-0.0460984
282.5	0.0027249	-0.0460984
282.6	0.0019444	-0.0462099
282.7	0.0021674	-0.0465444
282.8	0.0021674	-0.0466559
282.9	0.0018329	-0.0469904
283	0.0021674	-0.0476595
283.1	0.0026134	-0.047548
283.2	0.0020559	-0.047548
283.3	0.0020559	-0.047548
283.4	0.0020559	-0.047548
283.5	0.0018329	-0.0476595
283.6	0.0014983	-0.0476595
283.7	0.0011638	-0.0481055
283.8	0.0012753	-0.048217
283.9	0.0018329	-0.0478825
284	0.0018329	-0.047771
284.1	0.0018329	-0.047771
284.2	0.0002718	-0.0485515
284.3	0.0004948	-0.04844
284.4	0.0007178	-0.0483285
284.5	0.0013868	-0.04844
284.6	0.0017214	-0.04844
284.7	0.0017214	-0.04844
284.8	0.0019444	-0.0483285
284.9	0.0019444	-0.048217
285	0.0013868	-0.0485515
285.1	0.0017214	-0.048663
285.2	0.0019444	-0.0487745
285.3	0.0019444	-0.048663
285.4	0.0017214	-0.048663
285.5	0.0016098	-0.048886
285.6	0.0013868	-0.049332
285.7	0.0009408	-0.0489975
285.8	0.0009408	-0.049109
285.9	0.0009408	-0.049109
286	0.0008293	-0.0494435
286.1	0.0004948	-0.049332
286.2	0.0004948	-0.0492205
286.3	0.0004948	-0.0492205
286.4	0.0004948	-0.0492205
286.5	0.0004948	-0.0492205
286.6	0.0004948	-0.0492205
286.7	0.0004948	-0.0492205
286.8	0.0004948	-0.0492205
286.9	0.0004948	-0.0492205
287	0.0004948	-0.0492205
287.1	0.0009408	-0.0494435
287.2	0.0012753	-0.0494435
287.3	0.0012753	-0.050001
287.4	0.0012753	-0.050001
287.5	0.0055125	-0.0498895
287.6	0.004955	-0.049778
287.7	0.0048435	-0.0494435
287.8	0.0030594	-0.049555
287.9	0.0018329	-0.049332
288	0.0028364	-0.049778
288.1	0.0038399	-0.0494435
288.2	0.0041744	-0.049109
288.3	0.004732	-0.0487745
288.4	0.004732	-0.04844
288.5	0.004732	-0.0483285
288.6	0.0052895	-0.0481055
288.7	0.0052895	-0.0481055
288.8	0.0052895	-0.0481055
288.9	0.005847	-0.0487745
289	0.006293	-0.0489975
289.1	0.0059585	-0.048663
289.2	0.005178	-0.0483285
289.3	0.00607	-0.048217
289.4	0.005624	-0.047771
289.5	0.005847	-0.0478825
289.6	0.004732	-0.0489975
289.7	0.0050665	-0.0481055
289.8	0.0059028	-0.0485515
289.9	0.0067391	-0.0489975
290	0.0068506	-0.0489975
290.1	0.006293	-0.0494435
290.2	0.0059585	-0.049109
290.3	0.0069621	-0.048886
290.4	0.0072966	-0.0496665
290.5	0.0061815	-0.049555
290.6	0.0059585	-0.049109
290.7	0.0057355	-0.0510046
290.8	0.006516	-0.0512276
290.9	0.0066275	-0.0506701
291	0.005178	-0.0507816
291.1	0.00607	-0.0516736
291.2	0.0069621	-0.0516736
291.3	0.0052895	-0.0510046
291.4	0.0066275	-0.0520081
291.5	0.0075196	-0.0515621
291.6	0.006293	-0.0504471
291.7	0.0076311	-0.0517851
291.8	0.0069621	-0.0507816
291.9	0.0065718	-0.0506701
292	0.0061815	-0.0505586
292.1	0.0064045	-0.0504471
292.2	0.0064045	-0.0504471
292.3	0.0064045	-0.0504471
292.4	0.0064045	-0.0504471
292.5	0.0064045	-0.0504471
292.6	0.0064045	-0.0504471
292.7	0.0064045	-0.0504471
292.8	0.0064045	-0.0504471
292.9	0.006516	-0.0504471
293	0.006516	-0.0504471
293.1	0.006516	-0.0504471
293.2	0.006516	-0.0504471
293.3	0.006516	-0.0504471
293.4	0.006516	-0.0503356
293.5	0.006516	-0.0503356
293.6	0.006516	-0.0503356
293.7	0.006516	-0.0503356
293.8	0.0064045	-0.0503356
293.9	0.0061815	-0.0503356
294	0.0061815	-0.0502241
294.1	0.0061815	-0.0502241
294.2	0.0061815	-0.0502241
294.3	0.0061815	-0.0502241
294.4	0.0061815	-0.0502241
294.5	0.0061815	-0.0502241
294.6	0.0061815	-0.0502241
294.7	0.0061815	-0.0502241
294.8	0.0061815	-0.0502241
294.9	0.0061815	-0.0502241
295	0.0061815	-0.0502241
295.1	0.0061815	-0.0502241
295.2	0.0061815	-0.0502241
295.3	0.0061815	-0.0502241
295.4	0.0061815	-0.0502241
295.5	0.0061815	-0.0503356
295.6	0.0059585	-0.0503356
295.7	0.005847	-0.0503356
295.8	0.00607	-0.0511161
295.9	0.00607	-0.0508931
296	0.00607	-0.0508931
296.1	0.00607	-0.0508931
296.2	0.0057355	-0.0513391
296.3	0.0057355	-0.0513391
296.4	0.0057355	-0.0513391
296.5	0.0048435	-0.0514506
296.6	0.0048435	-0.0514506
296.7	0.004732	-0.0515621
296.8	0.0041744	-0.0520081
296.9	0.0039514	-0.0521196
297	0.0035054	-0.0524541
297.1	0.0032824	-0.0524541
297.2	0.0032824	-0.0524541
297.3	0.0032824	-0.0524541
297.4	0.0031709	-0.0521196
297.5	0.0031709	-0.0521196
297.6	0.0031709	-0.0521196
297.7	0.0031709	-0.0521196
297.8	0.004286	-0.0523426
297.9	0.004732	-0.0521196
298	0.005178	-0.0521196
298.1	0.005178	-0.0521196
298.2	0.005178	-0.0521196
298.3	0.005624	-0.0518966
298.4	0.005624	-0.0517851
298.5	0.0057355	-0.0516736
298.6	0.006293	-0.0514506
298.7	0.0061815	-0.0512276
298.8	0.0061815	-0.0512276
298.9	0.006293	-0.0512276
299	0.006293	-0.0514506
299.1	0.006293	-0.0514506
299.2	0.0069621	-0.0517851
299.3	0.0069621	-0.0517851
299.4	0.0070736	-0.0517851
299.5	0.0076311	-0.0518966
299.6	0.0076311	-0.0518966
299.7	0.0071851	-0.0517851
299.8	0.0071851	-0.0517851
299.9	0.0069621	-0.0516736
