0	-0.00803451	0.01188921
0.1	-0.0074772	0.01226075
0.2	-0.0074772	0.01226075
0.3	-0.0074772	0.01226075
0.4	-0.0074772	0.01244652
0.5	-0.00710566	0.01300383
0.6	-0.00710566	0.01300383
0.7	-0.00710566	0.01300383
0.8	-0.00710566	0.01300383
0.9	-0.00710566	0.01300383
1	-0.00719855	0.01309671
1.1	-0.00719855	0.01309671
1.2	-0.00719855	0.01309671
1.3	-0.00719855	0.01309671
1.4	-0.00701278	0.01309671
1.5	-0.00701278	0.01309671
1.6	-0.00701278	0.01309671
1.7	-0.00701278	0.01309671
1.8	-0.00701278	0.0137469
1.9	-0.00701278	0.0137469
2	-0.00701278	0.0137469
2.1	-0.00701278	0.0137469
2.2	-0.00803451	0.0137469
2.3	-0.00784874	0.0137469
2.4	-0.0074772	0.01383979
2.5	-0.00738432	0.01393267
2.6	-0.00738432	0.01393267
2.7	-0.00701278	0.01421133
2.8	-0.00701278	0.01421133
2.9	-0.00701278	0.01421133
3	-0.00701278	0.01421133
3.1	-0.00701278	0.01421133
3.2	-0.00682701	0.01263229
3.3	-0.00682701	0.01263229
3.4	-0.00673413	0.01337537
3.5	-0.00673413	0.01337537
3.6	-0.00673413	0.01337537
3.7	-0.00673413	0.01337537
3.8	-0.00673413	0.01337537
3.9	-0.00664124	0.01337537
4	-0.00664124	0.01346825
4.1	-0.00654836	0.01356113
4.2	-0.00654836	0.01356113
4.3	-0.00654836	0.01356113
4.4	-0.00654836	0.01356113
4.5	-0.00654836	0.01356113
4.6	-0.00654836	0.01356113
4.7	-0.00636259	0.01291094
4.8	-0.00636259	0.01291094
4.9	-0.00636259	0.01281806
5	-0.0057124	0.01281806
5.1	-0.00561951	0.01281806
5.2	-0.00561951	0.01281806
5.3	-0.00561951	0.01253941
5.4	-0.00561951	0.01253941
5.5	-0.00561951	0.01253941
5.6	-0.0062697	0.01179633
5.7	-0.0062697	0.01123902
5.8	-0.0062697	0.01114614
5.9	-0.0062697	0.01114614
6	-0.00599105	0.01123902
6.1	-0.00599105	0.01170345
6.2	-0.00599105	0.01235364
6.3	-0.00599105	0.01235364
6.4	-0.00599105	0.01235364
6.5	-0.00599105	0.01235364
6.6	-0.0062697	0.01281806
6.7	-0.0062697	0.01281806
6.8	-0.00682701	0.01309671
6.9	-0.00682701	0.01309671
7	-0.00673413	0.01309671
7.1	-0.00673413	0.01300383
7.2	-0.00654836	0.01300383
7.3	-0.00654836	0.01300383
7.4	-0.00654836	0.01300383
7.5	-0.00599105	0.01291094
7.6	-0.00599105	0.01291094
7.7	-0.00599105	0.01291094
7.8	-0.00599105	0.01291094
7.9	-0.00599105	0.01291094
8	-0.0062697	0.01309671
8.1	-0.0062697	0.01309671
8.2	-0.00589817	0.01346825
8.3	-0.00561951	0.01346825
8.4	-0.00552663	0.01346825
8.5	-0.00552663	0.01346825
8.6	-0.00524797	0.01346825
8.7	-0.00524797	0.01346825
8.8	-0.00524797	0.01346825
8.9	-0.00524797	0.01346825
9	-0.00524797	0.01346825
9.1	-0.00524797	0.01346825
9.2	-0.00543374	0.01263229
9.3	-0.00543374	0.01263229
9.4	-0.00543374	0.01263229
9.5	-0.00552663	0.01263229
9.6	-0.00552663	0.01263229
9.7	-0.00552663	0.01263229
9.8	-0.00515509	0.01328248
9.9	-0.00496932	0.0137469
10	-0.00496932	0.0137469
10.1	-0.00496932	0.01309671
10.2	-0.00496932	0.01309671
10.3	-0.00496932	0.01309671
10.4	-0.00496932	0.01309671
10.5	-0.00496932	0.01309671
10.6	-0.00496932	0.01291094
10.7	-0.00496932	0.01291094
10.8	-0.00496932	0.01291094
10.9	-0.00496932	0.01291094
11	-0.00561951	0.01291094
11.1	-0.00561951	0.01291094
11.2	-0.00561951	0.01291094
11.3	-0.00561951	0.01291094
11.4	-0.00561951	0.01291094
11.5	-0.00561951	0.01291094
11.6	-0.00617682	0.01281806
11.7	-0.00599105	0.01263229
11.8	-0.0057124	0.01253941
11.9	-0.00552663	0.01244652
12	-0.00552663	0.01244652
12.1	-0.00552663	0.01244652
12.2	-0.00552663	0.01244652
12.3	-0.00552663	0.01170345
12.4	-0.00524797	0.01151768
12.5	-0.0050622	0.01188921
12.6	-0.00515509	0.01207498
12.7	-0.00515509	0.01226075
12.8	-0.00515509	0.01226075
12.9	-0.00515509	0.01226075
13	-0.00515509	0.01235364
13.1	-0.00515509	0.01235364
13.2	-0.00524797	0.01235364
13.3	-0.00524797	0.01235364
13.4	-0.00524797	0.01235364
13.5	-0.00524797	0.01235364
13.6	-0.00524797	0.01244652
13.7	-0.00524797	0.01235364
13.8	-0.00524797	0.01235364
13.9	-0.00524797	0.01235364
14	-0.00524797	0.01235364
14.1	-0.00487644	0.01244652
14.2	-0.0050622	0.01244652
14.3	-0.00515509	0.01253941
14.4	-0.00515509	0.01253941
14.5	-0.00515509	0.01253941
14.6	-0.00515509	0.01253941
14.7	-0.00487644	0.01253941
14.8	-0.00487644	0.01253941
14.9	-0.00469067	0.01263229
15	-0.00441201	0.01263229
15.1	-0.00441201	0.01263229
15.2	-0.0050622	0.01244652
15.3	-0.0050622	0.01235364
15.4	-0.0050622	0.01216787
15.5	-0.00515509	0.01142479
15.6	-0.00515509	0.01142479
15.7	-0.00524797	0.01096037
15.8	-0.00524797	0.01133191
15.9	-0.00524797	0.01133191
16	-0.00487644	0.01142479
16.1	-0.00422624	0.01142479
16.2	-0.00422624	0.01142479
16.3	-0.00422624	0.01142479
16.4	-0.00431913	0.01123902
16.5	-0.00431913	0.01105325
16.6	-0.00413336	0.01105325
16.7	-0.00413336	0.01105325
16.8	-0.00441201	0.01086748
16.9	-0.00422624	0.01096037
17	-0.00413336	0.01151768
17.1	-0.00404048	0.01170345
17.2	-0.00357605	0.01170345
17.3	-0.00320452	0.01161056
17.4	-0.00311163	0.01170345
17.5	-0.00311163	0.01170345
17.6	-0.00357605	0.01151768
17.7	-0.00366894	0.01133191
17.8	-0.00366894	0.01133191
17.9	-0.00376182	0.01133191
18	-0.00376182	0.01133191
18.1	-0.00376182	0.01133191
18.2	-0.00376182	0.01133191
18.3	-0.00376182	0.01133191
18.4	-0.00376182	0.01133191
18.5	-0.00385471	0.01133191
18.6	-0.00385471	0.01133191
18.7	-0.00385471	0.01133191
18.8	-0.00394759	0.01170345
18.9	-0.00394759	0.01170345
19	-0.00385471	0.0119821
19.1	-0.00385471	0.0119821
19.2	-0.00404048	0.01207498
19.3	-0.00404048	0.01207498
19.4	-0.00376182	0.01216787
19.5	-0.0032974	0.01207498
19.6	-0.00311163	0.01179633
19.7	-0.00311163	0.01179633
19.8	-0.00311163	0.01179633
19.9	-0.00339028	0.01179633
20	-0.00357605	0.01179633
20.1	-0.00339028	0.01179633
20.2	-0.00311163	0.01179633
20.3	-0.00301875	0.01179633
20.4	-0.00301875	0.01188921
20.5	-0.00264721	0.01207498
20.6	-0.00255432	0.01207498
20.7	-0.00246144	0.01207498
20.8	-0.00199702	0.01161056
20.9	-0.00199702	0.01151768
21	-0.00255432	0.01161056
21.1	-0.00255432	0.01161056
21.2	-0.00255432	0.01170345
21.3	-0.00255432	0.01170345
21.4	-0.00255432	0.01170345
21.5	-0.00255432	0.01170345
21.6	-0.00264721	0.01179633
21.7	-0.00283298	0.01179633
21.8	-0.00301875	0.0119821
21.9	-0.00320452	0.0119821
22	-0.00320452	0.0119821
22.1	-0.00320452	0.01207498
22.2	-0.00301875	0.01207498
22.3	-0.00292586	0.01207498
22.4	-0.00292586	0.01207498
22.5	-0.00292586	0.01207498
22.6	-0.00292586	0.01207498
22.7	-0.00236855	0.01207498
22.8	-0.00236855	0.01207498
22.9	-0.00236855	0.01207498
23	-0.00236855	0.01207498
23.1	-0.00236855	0.01207498
23.2	-0.00236855	0.01207498
23.3	-0.00236855	0.01207498
23.4	-0.00236855	0.01207498
23.5	-0.00181125	0.01253941
23.6	-0.00190413	0.01281806
23.7	-0.00190413	0.01281806
23.8	-0.00190413	0.01281806
23.9	-0.00199702	0.01300383
24	-0.00199702	0.01300383
24.1	-0.00199702	0.01309671
24.2	-0.00199702	0.01309671
24.3	-0.0020899	0.01309671
24.4	-0.00227567	0.01309671
24.5	-0.00227567	0.01309671
24.6	-0.00227567	0.01309671
24.7	-0.00227567	0.01309671
24.8	-0.00227567	0.01309671
24.9	-0.00227567	0.01309671
25	-0.00264721	0.01291094
25.1	-0.00264721	0.01291094
25.2	-0.00264721	0.01291094
25.3	-0.00274009	0.01281806
25.4	-0.00301875	0.01253941
25.5	-0.00301875	0.01253941
25.6	-0.00301875	0.01253941
25.7	-0.0032974	0.01253941
25.8	-0.00366894	0.01253941
25.9	-0.00366894	0.01253941
26	-0.00366894	0.01253941
26.1	-0.00422624	0.01281806
26.2	-0.00422624	0.01281806
26.3	-0.00413336	0.01281806
26.4	-0.00413336	0.01281806
26.5	-0.00366894	0.01263229
26.6	-0.00366894	0.01263229
26.7	-0.00366894	0.01263229
26.8	-0.00357605	0.01263229
26.9	-0.00357605	0.01263229
27	-0.00357605	0.01263229
27.1	-0.00357605	0.01263229
27.2	-0.00357605	0.01263229
27.3	-0.00357605	0.01263229
27.4	-0.00366894	0.01300383
27.5	-0.00404048	0.01346825
27.6	-0.00385471	0.01467575
27.7	-0.00385471	0.01467575
27.8	-0.00385471	0.01467575
27.9	-0.00385471	0.01467575
28	-0.00385471	0.01467575
28.1	-0.00385471	0.01467575
28.2	-0.00376182	0.01467575
28.3	-0.00339028	0.01467575
28.4	-0.00339028	0.01467575
28.5	-0.00339028	0.01467575
28.6	-0.00366894	0.01467575
28.7	-0.00366894	0.01467575
28.8	-0.00366894	0.01421133
28.9	-0.00366894	0.01421133
29	-0.00366894	0.01421133
29.1	-0.00357605	0.01421133
29.2	-0.00357605	0.01421133
29.3	-0.00357605	0.01421133
29.4	-0.00357605	0.01421133
29.5	-0.00357605	0.01411844
29.6	-0.00339028	0.01411844
29.7	-0.00339028	0.01411844
29.8	-0.00311163	0.01402556
29.9	-0.00274009	0.01402556
30	-0.00255432	0.01411844
30.1	-0.00255432	0.01402556
30.2	-0.00255432	0.01402556
30.3	-0.00264721	0.01402556
30.4	-0.00274009	0.01402556
30.5	-0.00274009	0.01402556
30.6	-0.00274009	0.01467575
30.7	-0.00301875	0.01467575
30.8	-0.00301875	0.01476863
30.9	-0.00311163	0.01476863
31	-0.00311163	0.01486152
31.1	-0.00311163	0.01486152
31.2	-0.00339028	0.0149544
31.3	-0.00348317	0.01532594
31.4	-0.00348317	0.01532594
31.5	-0.00366894	0.01551171
31.6	-0.00366894	0.01551171
31.7	-0.00394759	0.01551171
31.8	-0.00394759	0.01551171
31.9	-0.0032974	0.01551171
32	-0.00320452	0.01560459
32.1	-0.00320452	0.01579036
32.2	-0.00320452	0.01588325
32.3	-0.00320452	0.01588325
32.4	-0.0032974	0.01588325
32.5	-0.00311163	0.01588325
32.6	-0.00301875	0.01579036
32.7	-0.00301875	0.01579036
32.8	-0.00274009	0.01588325
32.9	-0.00255432	0.01606902
33	-0.00255432	0.01606902
33.1	-0.00274009	0.01569748
33.2	-0.00274009	0.01569748
33.3	-0.00274009	0.01569748
33.4	-0.00255432	0.01588325
33.5	-0.00255432	0.01551171
33.6	-0.00255432	0.01532594
33.7	-0.00255432	0.01523306
33.8	-0.00274009	0.01523306
33.9	-0.00292586	0.01532594
34	-0.0032974	0.01504729
34.1	-0.0032974	0.01504729
34.2	-0.0032974	0.01504729
34.3	-0.0032974	0.01467575
34.4	-0.0032974	0.01458286
34.5	-0.0032974	0.01448998
34.6	-0.00348317	0.01448998
34.7	-0.00376182	0.01448998
34.8	-0.00385471	0.01448998
34.9	-0.00404048	0.01467575
35	-0.00404048	0.01486152
35.1	-0.00422624	0.0149544
35.2	-0.00422624	0.0149544
35.3	-0.00422624	0.0149544
35.4	-0.00441201	0.0149544
35.5	-0.00441201	0.0149544
35.6	-0.0045049	0.0149544
35.7	-0.0045049	0.0149544
35.8	-0.0045049	0.0149544
35.9	-0.0045049	0.0149544
36	-0.0045049	0.0149544
36.1	-0.0045049	0.0149544
36.2	-0.00422624	0.01486152
36.3	-0.00422624	0.01486152
36.4	-0.0045049	0.0149544
36.5	-0.0045049	0.0149544
36.6	-0.0045049	0.0149544
36.7	-0.0045049	0.0149544
36.8	-0.00441201	0.01430421
36.9	-0.00441201	0.01430421
37	-0.00441201	0.01430421
37.1	-0.00441201	0.01430421
37.2	-0.00441201	0.01430421
37.3	-0.0045049	0.01402556
37.4	-0.00478355	0.01393267
37.5	-0.00478355	0.01393267
37.6	-0.00496932	0.01393267
37.7	-0.00534086	0.01383979
37.8	-0.00543374	0.01383979
37.9	-0.00515509	0.01383979
38	-0.00478355	0.01383979
38.1	-0.00487644	0.01383979
38.2	-0.00487644	0.01383979
38.3	-0.00487644	0.01383979
38.4	-0.00496932	0.01383979
38.5	-0.00496932	0.01383979
38.6	-0.00496932	0.0137469
38.7	-0.00478355	0.0137469
38.8	-0.0045049	0.0137469
38.9	-0.00459778	0.0137469
39	-0.00515509	0.01383979
39.1	-0.00534086	0.01383979
39.2	-0.00534086	0.01383979
39.3	-0.00534086	0.01383979
39.4	-0.0050622	0.0137469
39.5	-0.00487644	0.01383979
39.6	-0.00487644	0.01383979
39.7	-0.00487644	0.01383979
39.8	-0.00496932	0.01383979
39.9	-0.00496932	0.01383979
40	-0.00496932	0.01383979
40.1	-0.00561951	0.01383979
40.2	-0.00561951	0.01383979
40.3	-0.00589817	0.01383979
40.4	-0.00599105	0.01383979
40.5	-0.00636259	0.01365402
40.6	-0.00617682	0.01356113
40.7	-0.0057124	0.01356113
40.8	-0.00589817	0.01365402
40.9	-0.00589817	0.01383979
41	-0.00589817	0.01383979
41.1	-0.00580528	0.01383979
41.2	-0.00617682	0.01383979
41.3	-0.00617682	0.01383979
41.4	-0.00617682	0.01383979
41.5	-0.00599105	0.01337537
41.6	-0.00599105	0.01337537
41.7	-0.00599105	0.01328248
41.8	-0.00599105	0.01291094
41.9	-0.00599105	0.01291094
42	-0.00599105	0.01291094
42.1	-0.00645547	0.0131896
42.2	-0.00645547	0.0131896
42.3	-0.00617682	0.0131896
42.4	-0.00552663	0.01291094
42.5	-0.00552663	0.01281806
42.6	-0.00599105	0.01281806
42.7	-0.00524797	0.01300383
42.8	-0.00515509	0.01291094
42.9	-0.00543374	0.01291094
43	-0.00524797	0.01356113
43.1	-0.00515509	0.01383979
43.2	-0.00543374	0.01383979
43.3	-0.00589817	0.01411844
43.4	-0.00599105	0.01411844
43.5	-0.00608393	0.01402556
43.6	-0.00608393	0.01393267
43.7	-0.00580528	0.01383979
43.8	-0.00636259	0.01365402
43.9	-0.00645547	0.01365402
44	-0.00561951	0.01365402
44.1	-0.00561951	0.01365402
44.2	-0.00580528	0.01383979
44.3	-0.00589817	0.01383979
44.4	-0.00589817	0.01383979
44.5	-0.00589817	0.01393267
44.6	-0.00589817	0.01393267
44.7	-0.00580528	0.01383979
44.8	-0.00589817	0.01365402
44.9	-0.00589817	0.01365402
45	-0.00599105	0.01365402
45.1	-0.0062697	0.01328248
45.2	-0.0062697	0.0131896
45.3	-0.0062697	0.0131896
45.4	-0.0062697	0.01300383
45.5	-0.0062697	0.01300383
45.6	-0.0062697	0.01300383
45.7	-0.00599105	0.01291094
45.8	-0.00599105	0.01309671
45.9	-0.00599105	0.01291094
46	-0.00561951	0.01281806
46.1	-0.00524797	0.01328248
46.2	-0.00580528	0.0131896
46.3	-0.00524797	0.01300383
46.4	-0.00524797	0.01300383
46.5	-0.00524797	0.01281806
46.6	-0.00561951	0.01272517
46.7	-0.0057124	0.01281806
46.8	-0.0062697	0.01291094
46.9	-0.0062697	0.01300383
47	-0.0062697	0.01300383
47.1	-0.00608393	0.01300383
47.2	-0.00636259	0.01281806
47.3	-0.00589817	0.01309671
47.4	-0.00589817	0.01309671
47.5	-0.00617682	0.01328248
47.6	-0.00636259	0.01328248
47.7	-0.00710566	0.01337537
47.8	-0.00710566	0.01337537
47.9	-0.00691989	0.01337537
48	-0.00701278	0.01337537
48.1	-0.00701278	0.01337537
48.2	-0.00654836	0.01356113
48.3	-0.00636259	0.01365402
48.4	-0.00608393	0.01402556
48.5	-0.0057124	0.01346825
48.6	-0.00589817	0.01272517
48.7	-0.00636259	0.01272517
48.8	-0.00729143	0.01291094
48.9	-0.00738432	0.01291094
49	-0.00757009	0.01337537
49.1	-0.00775586	0.01337537
49.2	-0.00812739	0.01300383
49.3	-0.00812739	0.01300383
49.4	-0.00766297	0.01281806
49.5	-0.0074772	0.01226075
49.6	-0.00794162	0.01207498
49.7	-0.00803451	0.01226075
49.8	-0.00784874	0.01226075
49.9	-0.00831316	0.01226075
50	-0.00849893	0.01226075
50.1	-0.00849893	0.01226075
50.2	-0.00849893	0.01226075
50.3	-0.00784874	0.01235364
50.4	-0.00729143	0.01281806
50.5	-0.00682701	0.01272517
50.6	-0.00673413	0.01291094
50.7	-0.00673413	0.01291094
50.8	-0.00654836	0.01291094
50.9	-0.00617682	0.01300383
51	-0.00617682	0.01300383
51.1	-0.0050622	0.0131896
51.2	-0.00534086	0.01365402
51.3	-0.00552663	0.01365402
51.4	-0.00580528	0.01393267
51.5	-0.00673413	0.01421133
51.6	-0.00636259	0.01411844
51.7	-0.00636259	0.01411844
51.8	-0.00636259	0.01411844
51.9	-0.0062697	0.01383979
52	-0.00617682	0.0137469
52.1	-0.00617682	0.0137469
52.2	-0.00636259	0.01346825
52.3	-0.00636259	0.01346825
52.4	-0.00636259	0.01337537
52.5	-0.00654836	0.0137469
52.6	-0.00673413	0.0137469
52.7	-0.00645547	0.0137469
52.8	-0.00636259	0.01356113
52.9	-0.00636259	0.01346825
53	-0.00664124	0.01346825
53.1	-0.00682701	0.01365402
53.2	-0.00673413	0.01365402
53.3	-0.00673413	0.01356113
53.4	-0.00673413	0.01346825
53.5	-0.00729143	0.01309671
53.6	-0.00691989	0.01309671
53.7	-0.00691989	0.01309671
53.8	-0.00691989	0.01309671
53.9	-0.00701278	0.0131896
54	-0.00710566	0.01337537
54.1	-0.00691989	0.01337537
54.2	-0.00691989	0.01309671
54.3	-0.00691989	0.01309671
54.4	-0.00719855	0.01309671
54.5	-0.00719855	0.01300383
54.6	-0.00738432	0.01272517
54.7	-0.00738432	0.01272517
54.8	-0.00738432	0.01272517
54.9	-0.00766297	0.01272517
55	-0.00812739	0.01272517
55.1	-0.00784874	0.01263229
55.2	-0.00784874	0.01263229
55.3	-0.00849893	0.01263229
55.4	-0.00849893	0.01263229
55.5	-0.00859182	0.01263229
55.6	-0.00859182	0.01263229
55.7	-0.00970643	0.01226075
55.8	-0.00970643	0.01226075
55.9	-0.01026374	0.01226075
56	-0.01035662	0.01226075
56.1	-0.01035662	0.01226075
56.2	-0.01054239	0.01263229
56.3	-0.01063527	0.01291094
56.4	-0.00998508	0.01328248
56.5	-0.00979931	0.01328248
56.6	-0.00979931	0.01328248
56.7	-0.00979931	0.01356113
56.8	-0.00979931	0.01356113
56.9	-0.00998508	0.01365402
57	-0.01026374	0.0137469
57.1	-0.01026374	0.0137469
57.2	-0.01026374	0.0137469
57.3	-0.01007797	0.01365402
57.4	-0.0098922	0.01365402
57.5	-0.0098922	0.01365402
57.6	-0.0098922	0.0137469
57.7	-0.00998508	0.01393267
57.8	-0.00998508	0.01393267
57.9	-0.00998508	0.01393267
58	-0.00998508	0.01393267
58.1	-0.00970643	0.01393267
58.2	-0.00970643	0.01393267
58.3	-0.0098922	0.01448998
58.4	-0.00979931	0.01467575
58.5	-0.00979931	0.01486152
58.6	-0.01035662	0.0149544
58.7	-0.01017085	0.01356113
58.8	-0.00979931	0.01402556
58.9	-0.0098922	0.01402556
59	-0.01017085	0.01514017
59.1	-0.01017085	0.01514017
59.2	-0.01017085	0.01514017
59.3	-0.01017085	0.01514017
59.4	-0.01017085	0.01504729
59.5	-0.01017085	0.01504729
59.6	-0.01017085	0.01504729
59.7	-0.01017085	0.01504729
59.8	-0.01026374	0.01504729
59.9	-0.01026374	0.01504729
60	-0.01082104	0.01514017
60.1	-0.01082104	0.01514017
60.2	-0.01082104	0.01514017
60.3	-0.01082104	0.01514017
60.4	-0.01082104	0.01514017
60.5	-0.01137835	0.01532594
60.6	-0.01137835	0.01532594
60.7	-0.01137835	0.01532594
60.8	-0.0104495	0.0149544
60.9	-0.01054239	0.0149544
61	-0.01063527	0.01504729
61.1	-0.01091393	0.01514017
61.2	-0.01091393	0.01514017
61.3	-0.01091393	0.01514017
61.4	-0.01091393	0.01514017
61.5	-0.0104495	0.01579036
61.6	-0.0104495	0.01579036
61.7	-0.01100681	0.01560459
61.8	-0.01100681	0.01551171
61.9	-0.01091393	0.01541882
62	-0.01082104	0.01486152
62.1	-0.01082104	0.01486152
62.2	-0.01082104	0.01486152
62.3	-0.01082104	0.01486152
62.4	-0.01082104	0.01486152
62.5	-0.01082104	0.01486152
62.6	-0.01082104	0.01486152
62.7	-0.01082104	0.01486152
62.8	-0.01082104	0.0149544
62.9	-0.01147123	0.01523306
63	-0.01147123	0.01523306
63.1	-0.01193566	0.01532594
63.2	-0.01212143	0.01551171
63.3	-0.01212143	0.01551171
63.4	-0.01091393	0.01634767
63.5	-0.011657	0.01634767
63.6	-0.011657	0.01634767
63.7	-0.01174989	0.01606902
63.8	-0.01174989	0.01532594
63.9	-0.01184277	0.01541882
64	-0.01184277	0.01541882
64.1	-0.01184277	0.01560459
64.2	-0.01147123	0.01597613
64.3	-0.01147123	0.01597613
64.4	-0.0110997	0.01588325
64.5	-0.0110997	0.01532594
64.6	-0.01100681	0.01514017
64.7	-0.01100681	0.01523306
64.8	-0.01091393	0.01560459
64.9	-0.01091393	0.01560459
65	-0.01091393	0.01551171
65.1	-0.01119258	0.01541882
65.2	-0.01119258	0.01560459
65.3	-0.01119258	0.01560459
65.4	-0.01091393	0.01541882
65.5	-0.0104495	0.01569748
65.6	-0.01054239	0.01555815
65.7	-0.01063527	0.01541882
65.8	-0.01091393	0.01504729
65.9	-0.01072816	0.01523306
66	-0.01072816	0.01523306
66.1	-0.01072816	0.01523306
66.2	-0.01091393	0.01467575
66.3	-0.01091393	0.01467575
66.4	-0.01119258	0.01476863
66.5	-0.01137835	0.0149544
66.6	-0.01137835	0.01560459
66.7	-0.01119258	0.01541882
66.8	-0.01119258	0.0149544
66.9	-0.01119258	0.01486152
67	-0.01119258	0.01486152
67.1	-0.01054239	0.01467575
67.2	-0.01026374	0.01486152
67.3	-0.01026374	0.0143971
67.4	-0.01091393	0.01365402
67.5	-0.01091393	0.01356113
67.6	-0.01147123	0.01356113
67.7	-0.01230719	0.01421133
67.8	-0.01212143	0.0143971
67.9	-0.011657	0.01365402
68	-0.011657	0.01365402
68.1	-0.01230719	0.01365402
68.2	-0.01137835	0.0137469
68.3	-0.0104495	0.01383979
68.4	-0.01082104	0.01346825
68.5	-0.01082104	0.01346825
68.6	-0.01100681	0.01346825
68.7	-0.01100681	0.01346825
68.8	-0.01100681	0.01346825
68.9	-0.01100681	0.01346825
69	-0.01100681	0.01337537
69.1	-0.01100681	0.01337537
69.2	-0.01100681	0.01337537
69.3	-0.01119258	0.01337537
69.4	-0.01119258	0.01337537
69.5	-0.01137835	0.01300383
69.6	-0.01156412	0.01300383
69.7	-0.01156412	0.01300383
69.8	-0.011657	0.01300383
69.9	-0.011657	0.01300383
70	-0.011657	0.01300383
70.1	-0.01174989	0.01300383
70.2	-0.01184277	0.01309671
70.3	-0.01184277	0.01309671
70.4	-0.01184277	0.01309671
70.5	-0.01184277	0.01309671
70.6	-0.011657	0.01309671
70.7	-0.01128546	0.01309671
70.8	-0.01082104	0.01337537
70.9	-0.01017085	0.01346825
71	-0.01035662	0.01346825
71.1	-0.0104495	0.01309671
71.2	-0.01054239	0.01309671
71.3	-0.01054239	0.0131896
71.4	-0.01054239	0.0131896
71.5	-0.01035662	0.01309671
71.6	-0.00998508	0.0131896
71.7	-0.00998508	0.01309671
71.8	-0.00998508	0.01281806
71.9	-0.0104495	0.01272517
72	-0.0104495	0.01263229
72.1	-0.01017085	0.0119821
72.2	-0.01026374	0.01151768
72.3	-0.01026374	0.01161056
72.4	-0.01026374	0.01161056
72.5	-0.01026374	0.01161056
72.6	-0.01026374	0.01188921
72.7	-0.01026374	0.01216787
72.8	-0.01026374	0.01216787
72.9	-0.01026374	0.01226075
73	-0.01063527	0.01300383
73.1	-0.01063527	0.01300383
73.2	-0.01063527	0.01300383
73.3	-0.01063527	0.01300383
73.4	-0.01063527	0.01300383
73.5	-0.01063527	0.0131896
73.6	-0.01063527	0.0131896
73.7	-0.01054239	0.01337537
73.8	-0.01054239	0.01337537
73.9	-0.01054239	0.01337537
74	-0.01063527	0.01356113
74.1	-0.01063527	0.01356113
74.2	-0.01063527	0.01356113
74.3	-0.01063527	0.01356113
74.4	-0.01063527	0.01356113
74.5	-0.01063527	0.01356113
74.6	-0.01063527	0.01356113
74.7	-0.01063527	0.01356113
74.8	-0.01091393	0.01411844
74.9	-0.01091393	0.01411844
75	-0.01091393	0.01411844
75.1	-0.01091393	0.01411844
75.2	-0.01091393	0.01411844
75.3	-0.01091393	0.01411844
75.4	-0.01091393	0.01411844
75.5	-0.01091393	0.01411844
75.6	-0.01091393	0.01411844
75.7	-0.01091393	0.01411844
75.8	-0.01091393	0.01411844
75.9	-0.01091393	0.01411844
76	-0.01091393	0.01411844
76.1	-0.01091393	0.01411844
76.2	-0.01091393	0.01411844
76.3	-0.01054239	0.0149544
76.4	-0.01054239	0.0149544
76.5	-0.01054239	0.0149544
76.6	-0.01082104	0.01467575
76.7	-0.01082104	0.01458286
76.8	-0.01072816	0.01448998
76.9	-0.01072816	0.01448998
77	-0.01063527	0.01448998
77.1	-0.01054239	0.01430421
77.2	-0.01007797	0.01383979
77.3	-0.00998508	0.01365402
77.4	-0.00998508	0.01365402
77.5	-0.00998508	0.0137469
77.6	-0.01007797	0.01383979
77.7	-0.01007797	0.01383979
77.8	-0.01007797	0.0137469
77.9	-0.00998508	0.0137469
78	-0.01007797	0.01346825
78.1	-0.01007797	0.01346825
78.2	-0.01026374	0.01346825
78.3	-0.01026374	0.01346825
78.4	-0.01017085	0.0131896
78.5	-0.0098922	0.01272517
78.6	-0.00998508	0.01235364
78.7	-0.00979931	0.01207498
78.8	-0.00979931	0.01207498
78.9	-0.00998508	0.0119821
79	-0.0098922	0.01179633
79.1	-0.00961354	0.01170345
79.2	-0.01026374	0.01170345
79.3	-0.01026374	0.01170345
79.4	-0.01007797	0.01133191
79.5	-0.01026374	0.01114614
79.6	-0.01054239	0.01114614
79.7	-0.01072816	0.01114614
79.8	-0.01082104	0.01114614
79.9	-0.0104495	0.01114614
80	-0.0104495	0.01114614
80.1	-0.01072816	0.01105325
80.2	-0.01100681	0.01114614
80.3	-0.01091393	0.01123902
80.4	-0.01063527	0.01133191
80.5	-0.01063527	0.01133191
80.6	-0.01063527	0.01133191
80.7	-0.01063527	0.01133191
80.8	-0.01063527	0.01133191
80.9	-0.01063527	0.01133191
81	-0.01063527	0.01133191
81.1	-0.01072816	0.01096037
81.2	-0.01082104	0.01086748
81.3	-0.01082104	0.01086748
81.4	-0.01082104	0.01086748
81.5	-0.01082104	0.01086748
81.6	-0.01082104	0.01086748
81.7	-0.01082104	0.01086748
81.8	-0.01082104	0.01086748
81.9	-0.01137835	0.01031018
82	-0.01137835	0.01031018
82.1	-0.01137835	0.01031018
82.2	-0.01137835	0.01031018
82.3	-0.01137835	0.01031018
82.4	-0.01137835	0.01031018
82.5	-0.01137835	0.01031018
82.6	-0.01137835	0.01031018
82.7	-0.01137835	0.01031018
82.8	-0.01137835	0.01031018
82.9	-0.01156412	0.01031018
83	-0.01156412	0.01031018
83.1	-0.01156412	0.01031018
83.2	-0.01156412	0.01031018
83.3	-0.01156412	0.01031018
83.4	-0.01156412	0.01031018
83.5	-0.01156412	0.01031018
83.6	-0.01156412	0.01031018
83.7	-0.011657	0.01031018
83.8	-0.011657	0.01031018
83.9	-0.011657	0.01031018
84	-0.011657	0.01031018
84.1	-0.011657	0.0095671
84.2	-0.011657	0.0095671
84.3	-0.011657	0.0095671
84.4	-0.01184277	0.00965999
84.5	-0.01156412	0.0095671
84.6	-0.01156412	0.00947422
84.7	-0.01156412	0.00947422
84.8	-0.01193566	0.00947422
84.9	-0.01184277	0.00965999
85	-0.01184277	0.00919556
85.1	-0.01091393	0.00965999
85.2	-0.01091393	0.00965999
85.3	-0.01091393	0.00965999
85.4	-0.01091393	0.00965999
85.5	-0.01091393	0.00965999
85.6	-0.01091393	0.00965999
85.7	-0.01156412	0.00965999
85.8	-0.01156412	0.00965999
85.9	-0.01147123	0.00965999
86	-0.01128546	0.00965999
86.1	-0.01137835	0.00975287
86.2	-0.01156412	0.00984576
86.3	-0.011657	0.00993864
86.4	-0.01174989	0.01021729
86.5	-0.01128546	0.0107746
86.6	-0.01147123	0.0107746
86.7	-0.01156412	0.01068172
86.8	-0.011657	0.01012441
86.9	-0.01249296	0.00938133
87	-0.01202854	0.01003152
87.1	-0.0110997	0.00993864
87.2	-0.01063527	0.01021729
87.3	-0.01128546	0.00975287
87.4	-0.01091393	0.01021729
87.5	-0.01119258	0.00975287
87.6	-0.0110997	0.00965999
87.7	-0.01100681	0.01021729
87.8	-0.01100681	0.01003152
87.9	-0.01128546	0.00947422
88	-0.01128546	0.00947422
88.1	-0.01137835	0.00928845
88.2	-0.01137835	0.00928845
88.3	-0.01137835	0.00928845
88.4	-0.01137835	0.00993864
88.5	-0.01137835	0.00993864
88.6	-0.01137835	0.00993864
88.7	-0.01119258	0.01012441
88.8	-0.0110997	0.01012441
88.9	-0.0110997	0.01003152
89	-0.01119258	0.00965999
89.1	-0.01119258	0.00965999
89.2	-0.0110997	0.01021729
89.3	-0.01091393	0.01021729
89.4	-0.01054239	0.01003152
89.5	-0.01054239	0.00965999
89.6	-0.01063527	0.01040306
89.7	-0.01063527	0.01040306
89.8	-0.01078204	0.01018189
89.9	-0.01078204	0.01018189
90	-0.01090621	0.01005772
90.1	-0.0109476	0.01030606
90.2	-0.0109476	0.01030606
90.3	-0.0109476	0.01026467
90.4	-0.01074065	0.00989216
90.5	-0.01074065	0.00964382
90.6	-0.01069926	0.00960243
90.7	-0.01045092	0.00964382
90.8	-0.01045092	0.00964382
90.9	-0.01045092	0.00964382
91	-0.01045092	0.00968521
91.1	-0.01086482	0.00989216
91.2	-0.01086482	0.01038883
91.3	-0.01111316	0.01059578
91.4	-0.01189956	0.00997494
91.5	-0.01156844	0.01018189
91.6	-0.01156844	0.01043022
91.7	-0.01156844	0.01067856
91.8	-0.01140288	0.01084412
91.9	-0.01140288	0.01084412
92	-0.01140288	0.01030606
92.1	-0.01148566	0.00997494
92.2	-0.01148566	0.00997494
92.3	-0.0113201	0.0101405
92.4	-0.0109476	0.010513
92.5	-0.01090621	0.010513
92.6	-0.01127871	0.010513
92.7	-0.0113201	0.010513
92.8	-0.0109476	0.01022328
92.9	-0.01061648	0.01005772
93	-0.01040953	0.01005772
93.1	-0.01040953	0.01022328
93.2	-0.01049231	0.01022328
93.3	-0.01098899	0.01026467
93.4	-0.01169261	0.01009911
93.5	-0.01185817	0.01009911
93.6	-0.01194095	0.01030606
93.7	-0.01189956	0.01038883
93.8	-0.01198234	0.01005772
93.9	-0.0125618	0.00964382
94	-0.01177539	0.00939548
94.1	-0.01154775	0.00922992
94.2	-0.01154775	0.00881602
94.3	-0.01096829	0.00906436
94.4	-0.01204443	0.00947826
94.5	-0.01113385	0.00865046
94.6	-0.01146497	0.00881602
94.7	-0.01129941	0.00914714
94.8	-0.01121663	0.00914714
94.9	-0.01080273	0.00947826
95	-0.01071995	0.00964382
95.1	-0.01030606	0.00980938
95.2	-0.01030606	0.00980938
95.3	-0.01055439	0.00914714
95.4	-0.01055439	0.00914714
95.5	-0.01071995	0.00873324
95.6	-0.01138219	0.00873324
95.7	-0.01080273	0.00856768
95.8	-0.01080273	0.00856768
95.9	-0.01022328	0.00840213
96	-0.00980938	0.00840213
96.1	-0.00947826	0.00823657
96.2	-0.00956104	0.00823657
96.3	-0.00956104	0.00823657
96.4	-0.01022328	0.00823657
96.5	-0.01005772	0.00831935
96.6	-0.0101405	0.00815379
96.7	-0.01047161	0.00815379
96.8	-0.01047161	0.00815379
96.9	-0.01088551	0.00815379
97	-0.01088551	0.00815379
97.1	-0.01088551	0.00815379
97.2	-0.01047161	0.00798823
97.3	-0.01047161	0.00798823
97.4	-0.01047161	0.00798823
97.5	-0.01038883	0.00757433
97.6	-0.01038883	0.00757433
97.7	-0.01005772	0.00757433
97.8	-0.00997494	0.00757433
97.9	-0.00997494	0.00757433
98	-0.00997494	0.00757433
98.1	-0.00997494	0.00757433
98.2	-0.00997494	0.00757433
98.3	-0.01022328	0.00790545
98.4	-0.01063717	0.00840213
98.5	-0.01055439	0.00865046
98.6	-0.01022328	0.00914714
98.7	-0.01055439	0.00922992
98.8	-0.01063717	0.00922992
98.9	-0.01063717	0.00865046
99	-0.01100968	0.00860907
99.1	-0.01138219	0.00856768
99.2	-0.01096829	0.00831935
99.3	-0.01063717	0.00815379
99.4	-0.01055439	0.00831935
99.5	-0.01063717	0.00848491
99.6	-0.01080273	0.00856768
99.7	-0.01088551	0.00856768
99.8	-0.01088551	0.00856768
99.9	-0.01088551	0.00856768
100	-0.01088551	0.00856768
100.1	-0.01088551	0.00856768
100.2	-0.01088551	0.00856768
100.3	-0.01088551	0.00856768
100.4	-0.01088551	0.00856768
100.5	-0.01088551	0.00856768
100.6	-0.01080273	0.00906436
100.7	-0.01080273	0.00914714
100.8	-0.01080273	0.00914714
100.9	-0.01080273	0.00914714
101	-0.01080273	0.0093127
101.1	-0.01063717	0.01005772
101.2	-0.01030606	0.01005772
101.3	-0.01030606	0.00997494
101.4	-0.01030606	0.00997494
101.5	-0.01030606	0.00997494
101.6	-0.01030606	0.00997494
101.7	-0.01030606	0.0097266
101.8	-0.00997494	0.00906436
101.9	-0.00906436	0.00906436
102	-0.00939548	0.00922992
102.1	-0.0097266	0.0093127
102.2	-0.00997494	0.00922992
102.3	-0.0101405	0.00898158
102.4	-0.0101405	0.00881602
102.5	-0.01063717	0.0088988
102.6	-0.01063717	0.0088988
102.7	-0.01063717	0.0088988
102.8	-0.01063717	0.00922992
102.9	-0.01063717	0.0093127
103	-0.01063717	0.00956104
103.1	-0.01063717	0.00956104
103.2	-0.01063717	0.00956104
103.3	-0.01030606	0.00956104
103.4	-0.0097266	0.00922992
103.5	-0.0097266	0.00898158
103.6	-0.0097266	0.0088988
103.7	-0.01022328	0.00840213
103.8	-0.01047161	0.00848491
103.9	-0.01047161	0.00848491
104	-0.01030606	0.00848491
104.1	-0.01030606	0.00840213
104.2	-0.01030606	0.00823657
104.3	-0.01047161	0.00807101
104.4	-0.01071995	0.00798823
104.5	-0.01071995	0.00798823
104.6	-0.01071995	0.00856768
104.7	-0.01063717	0.00856768
104.8	-0.01047161	0.00848491
104.9	-0.01047161	0.00848491
105	-0.01038883	0.00840213
105.1	-0.01038883	0.00840213
105.2	-0.01038883	0.00840213
105.3	-0.01038883	0.00840213
105.4	-0.01030606	0.00831935
105.5	-0.01030606	0.00831935
105.6	-0.01030606	0.00823657
105.7	-0.01030606	0.00807101
105.8	-0.01030606	0.00807101
105.9	-0.01030606	0.00807101
106	-0.01030606	0.00807101
106.1	-0.01030606	0.00807101
106.2	-0.01030606	0.00807101
106.3	-0.01030606	0.00807101
106.4	-0.01030606	0.00807101
106.5	-0.01030606	0.00807101
106.6	-0.01030606	0.00807101
106.7	-0.01030606	0.00831935
106.8	-0.01030606	0.00831935
106.9	-0.01030606	0.00831935
107	-0.01030606	0.00831935
107.1	-0.01030606	0.00831935
107.2	-0.01030606	0.00831935
107.3	-0.01030606	0.00831935
107.4	-0.01022328	0.00831935
107.5	-0.01022328	0.00831935
107.6	-0.01022328	0.00831935
107.7	-0.00997494	0.00823657
107.8	-0.00964382	0.00815379
107.9	-0.00964382	0.00815379
108	-0.00964382	0.00815379
108.1	-0.00964382	0.00815379
108.2	-0.00964382	0.00815379
108.3	-0.00964382	0.00815379
108.4	-0.00947826	0.00848491
108.5	-0.00947826	0.00848491
108.6	-0.00906436	0.00865046
108.7	-0.00906436	0.00865046
108.8	-0.00906436	0.00865046
108.9	-0.00906436	0.00865046
109	-0.0088988	0.00831935
109.1	-0.0088988	0.00831935
109.2	-0.00898158	0.00831935
109.3	-0.00922992	0.00831935
109.4	-0.00922992	0.00848491
109.5	-0.00939548	0.00856768
109.6	-0.00956104	0.00823657
109.7	-0.0097266	0.00815379
109.8	-0.00980938	0.00815379
109.9	-0.0097266	0.00790545
110	-0.00964382	0.00790545
110.1	-0.00964382	0.00790545
110.2	-0.00964382	0.00782267
110.3	-0.00964382	0.00782267
110.4	-0.00964382	0.00765711
110.5	-0.00964382	0.00765711
110.6	-0.0093127	0.00757433
110.7	-0.00898158	0.00773989
110.8	-0.00898158	0.00782267
110.9	-0.0093127	0.00782267
111	-0.0093127	0.00782267
111.1	-0.0093127	0.00782267
111.2	-0.0093127	0.00782267
111.3	-0.00939548	0.00782267
111.4	-0.00939548	0.00782267
111.5	-0.00939548	0.00782267
111.6	-0.00939548	0.00782267
111.7	-0.00939548	0.00782267
111.8	-0.00939548	0.00782267
111.9	-0.00939548	0.00782267
112	-0.0093127	0.00773989
112.1	-0.00922992	0.00773989
112.2	-0.00914714	0.00773989
112.3	-0.00914714	0.00773989
112.4	-0.00914714	0.00773989
112.5	-0.00914714	0.00773989
112.6	-0.00906436	0.00749155
112.7	-0.00906436	0.00749155
112.8	-0.0088988	0.00749155
112.9	-0.0088988	0.00757433
113	-0.0088988	0.00757433
113.1	-0.0088988	0.00757433
113.2	-0.00881602	0.00765711
113.3	-0.00873324	0.00782267
113.4	-0.00856768	0.00782267
113.5	-0.00848491	0.00798823
113.6	-0.00807101	0.00807101
113.7	-0.00765711	0.00823657
113.8	-0.00740877	0.00856768
113.9	-0.00757433	0.00856768
114	-0.00757433	0.00856768
114.1	-0.00674653	0.00898158
114.2	-0.00674653	0.00898158
114.3	-0.00674653	0.00865046
114.4	-0.00674653	0.00856768
114.5	-0.00724321	0.00980938
114.6	-0.00666375	0.00956104
114.7	-0.00674653	0.00956104
114.8	-0.00674653	0.00956104
114.9	-0.00716043	0.00956104
115	-0.00716043	0.00956104
115.1	-0.00716043	0.00956104
115.2	-0.00716043	0.00956104
115.3	-0.00716043	0.00956104
115.4	-0.00716043	0.00956104
115.5	-0.00707765	0.00964382
115.6	-0.00633264	0.00980938
115.7	-0.00633264	0.00980938
115.8	-0.00633264	0.00980938
115.9	-0.00699487	0.00964382
116	-0.00699487	0.00964382
116.1	-0.00699487	0.00964382
116.2	-0.00699487	0.00964382
116.3	-0.00699487	0.01005772
116.4	-0.00699487	0.01005772
116.5	-0.00674653	0.01005772
116.6	-0.00674653	0.01005772
116.7	-0.00674653	0.01005772
116.8	-0.00674653	0.01005772
116.9	-0.00674653	0.01005772
117	-0.00674653	0.0101405
117.1	-0.00674653	0.0101405
117.2	-0.00674653	0.0101405
117.3	-0.00666375	0.0101405
117.4	-0.00666375	0.0101405
117.5	-0.00666375	0.0101405
117.6	-0.00666375	0.0101405
117.7	-0.00666375	0.0101405
117.8	-0.00666375	0.0101405
117.9	-0.00666375	0.0101405
118	-0.00666375	0.0101405
118.1	-0.00666375	0.0101405
118.2	-0.00666375	0.0101405
118.3	-0.00666375	0.0101405
118.4	-0.00641542	0.00914714
118.5	-0.00641542	0.00914714
118.6	-0.00641542	0.00914714
118.7	-0.00633264	0.00914714
118.8	-0.00633264	0.00898158
118.9	-0.00633264	0.00865046
119	-0.00666375	0.00856768
119.1	-0.00662237	0.00881602
119.2	-0.00658098	0.00906436
119.3	-0.00658098	0.00906436
119.4	-0.00658098	0.00906436
119.5	-0.00699487	0.0093127
119.6	-0.0064982	0.0097266
119.7	-0.0064982	0.0097266
119.8	-0.0064982	0.0097266
119.9	-0.0064982	0.0097266
120	-0.0064982	0.0097266
120.1	-0.00616708	0.01022328
120.2	-0.00633264	0.0101405
120.3	-0.00633264	0.00997494
120.4	-0.00633264	0.00964382
120.5	-0.00633264	0.00964382
120.6	-0.00633264	0.00939548
120.7	-0.00624986	0.00947826
120.8	-0.00624986	0.00947826
120.9	-0.00624986	0.00947826
121	-0.00624986	0.00947826
121.1	-0.00624986	0.00947826
121.2	-0.00624986	0.00939548
121.3	-0.00624986	0.00939548
121.4	-0.00624986	0.00939548
121.5	-0.0064982	0.00865046
121.6	-0.0064982	0.00865046
121.7	-0.0064982	0.00865046
121.8	-0.0064982	0.00865046
121.9	-0.0064982	0.00865046
122	-0.00641542	0.00865046
122.1	-0.00641542	0.00865046
122.2	-0.0060843	0.00848491
122.3	-0.0060843	0.00848491
122.4	-0.0060843	0.0088988
122.5	-0.00600152	0.00906436
122.6	-0.00600152	0.00906436
122.7	-0.00699487	0.00881602
122.8	-0.00699487	0.00881602
122.9	-0.00699487	0.00881602
123	-0.00682931	0.0088988
123.1	-0.00633264	0.00881602
123.2	-0.00633264	0.00840213
123.3	-0.00633264	0.00840213
123.4	-0.00633264	0.00840213
123.5	-0.00633264	0.00840213
123.6	-0.00633264	0.00823657
123.7	-0.00633264	0.00823657
123.8	-0.0064982	0.00798823
123.9	-0.00658098	0.00798823
124	-0.00666375	0.00798823
124.1	-0.00666375	0.00798823
124.2	-0.00633264	0.00840213
124.3	-0.00633264	0.00840213
124.4	-0.00633264	0.00856768
124.5	-0.00633264	0.00906436
124.6	-0.00633264	0.00906436
124.7	-0.00716043	0.00922992
124.8	-0.00716043	0.00914714
124.9	-0.00674653	0.00914714
125	-0.00674653	0.00914714
125.1	-0.00699487	0.00906436
125.2	-0.00699487	0.00906436
125.3	-0.00732599	0.00906436
125.4	-0.00732599	0.00906436
125.5	-0.00724321	0.00906436
125.6	-0.00699487	0.00873324
125.7	-0.00699487	0.00865046
125.8	-0.00682931	0.00865046
125.9	-0.00682931	0.00873324
126	-0.00682931	0.00873324
126.1	-0.00682931	0.00873324
126.2	-0.00682931	0.00873324
126.3	-0.00691209	0.00873324
126.4	-0.00691209	0.00873324
126.5	-0.00699487	0.00873324
126.6	-0.00699487	0.00865046
126.7	-0.00699487	0.00865046
126.8	-0.00699487	0.00865046
126.9	-0.00699487	0.00865046
127	-0.00707765	0.00865046
127.1	-0.00707765	0.00865046
127.2	-0.00707765	0.00865046
127.3	-0.00716043	0.00848491
127.4	-0.00716043	0.00848491
127.5	-0.00724321	0.00848491
127.6	-0.00724321	0.00848491
127.7	-0.00724321	0.00848491
127.8	-0.00707765	0.00840213
127.9	-0.00707765	0.00840213
128	-0.00724321	0.00873324
128.1	-0.00707765	0.00914714
128.2	-0.00707765	0.00914714
128.3	-0.00691209	0.0093127
128.4	-0.00641542	0.0097266
128.5	-0.00641542	0.0097266
128.6	-0.00666375	0.00956104
128.7	-0.00699487	0.0093127
128.8	-0.00716043	0.00873324
128.9	-0.00716043	0.00848491
129	-0.00707765	0.00848491
129.1	-0.00699487	0.00831935
129.2	-0.00682931	0.00815379
129.3	-0.00699487	0.00790545
129.4	-0.00699487	0.00790545
129.5	-0.00699487	0.00790545
129.6	-0.00707765	0.00840213
129.7	-0.00707765	0.00873324
129.8	-0.00707765	0.00873324
129.9	-0.00716043	0.00873324
130	-0.00716043	0.00873324
130.1	-0.00716043	0.00873324
130.2	-0.00707765	0.00865046
130.3	-0.00707765	0.00865046
130.4	-0.00707765	0.00906436
130.5	-0.00691209	0.00956104
130.6	-0.00674653	0.00947826
130.7	-0.0064982	0.00922992
130.8	-0.0064982	0.00922992
130.9	-0.0064982	0.00922992
131	-0.00641542	0.0093127
131.1	-0.00641542	0.00939548
131.2	-0.00641542	0.00964382
131.3	-0.00641542	0.00939548
131.4	-0.0064982	0.00922992
131.5	-0.00658098	0.00898158
131.6	-0.00666375	0.00898158
131.7	-0.00666375	0.00898158
131.8	-0.00666375	0.00898158
131.9	-0.00682931	0.00898158
132	-0.00682931	0.00898158
132.1	-0.00658098	0.0088988
132.2	-0.0064982	0.0088988
132.3	-0.0064982	0.0088988
132.4	-0.0064982	0.0088988
132.5	-0.0064982	0.00881602
132.6	-0.00633264	0.00790545
132.7	-0.0060843	0.00773989
132.8	-0.0056704	0.00790545
132.9	-0.00583596	0.00782267
133	-0.0064982	0.00782267
133.1	-0.0064982	0.00798823
133.2	-0.00600152	0.00782267
133.3	-0.00575318	0.00782267
133.4	-0.0056704	0.00790545
133.5	-0.00542206	0.00798823
133.6	-0.00517372	0.00790545
133.7	-0.0052565	0.00790545
133.8	-0.00509094	0.00773989
133.9	-0.00509094	0.00773989
134	-0.00492538	0.00773989
134.1	-0.00533928	0.00765711
134.2	-0.00533928	0.00757433
134.3	-0.00509094	0.00749155
134.4	-0.00500816	0.00724321
134.5	-0.00500816	0.00724321
134.6	-0.00500816	0.00724321
134.7	-0.00509094	0.00716043
134.8	-0.00509094	0.00707765
134.9	-0.00509094	0.00707765
135	-0.00509094	0.00691209
135.1	-0.00509094	0.00666375
135.2	-0.00467705	0.0064982
135.3	-0.00467705	0.0064982
135.4	-0.00459427	0.00633264
135.5	-0.00475983	0.00624986
135.6	-0.00517372	0.00616708
135.7	-0.00542206	0.00616708
135.8	-0.00542206	0.0060843
135.9	-0.00542206	0.0060843
136	-0.0052565	0.0060843
136.1	-0.0052565	0.0060843
136.2	-0.00467705	0.00600152
136.3	-0.00509094	0.00591874
136.4	-0.0048426	0.00591874
136.5	-0.0048426	0.00575318
136.6	-0.00459427	0.00542206
136.7	-0.00475983	0.0052565
136.8	-0.00475983	0.0052565
136.9	-0.00475983	0.0052565
137	-0.00467705	0.0052565
137.1	-0.00451149	0.00509094
137.2	-0.00451149	0.00492538
137.3	-0.00451149	0.00475983
137.4	-0.00442871	0.00467705
137.5	-0.00442871	0.00442871
137.6	-0.00442871	0.00418037
137.7	-0.00451149	0.00418037
137.8	-0.00467705	0.00418037
137.9	-0.00492538	0.00426315
138	-0.0048426	0.00434593
138.1	-0.0048426	0.00442871
138.2	-0.00533928	0.00442871
138.3	-0.0052565	0.00434593
138.4	-0.0052565	0.00426315
138.5	-0.00533928	0.00401481
138.6	-0.00550484	0.00368369
138.7	-0.00542206	0.00368369
138.8	-0.00517372	0.00376647
138.9	-0.00533928	0.00384925
139	-0.00533928	0.00418037
139.1	-0.00533928	0.00418037
139.2	-0.00533928	0.00442871
139.3	-0.00533928	0.00442871
139.4	-0.0052565	0.00434593
139.5	-0.00533928	0.00434593
139.6	-0.00533928	0.00434593
139.7	-0.00583596	0.00434593
139.8	-0.00583596	0.00434593
139.9	-0.00583596	0.00434593
140	-0.00583596	0.00434593
140.1	-0.00575318	0.00442871
140.2	-0.0056704	0.00475983
140.3	-0.0056704	0.00475983
140.4	-0.0056704	0.00475983
140.5	-0.0056704	0.00475983
140.6	-0.00583596	0.00459427
140.7	-0.0064982	0.00409759
140.8	-0.00666375	0.00384925
140.9	-0.00666375	0.00384925
141	-0.00666375	0.00384925
141.1	-0.00682931	0.00393203
141.2	-0.00682931	0.00393203
141.3	-0.00682931	0.00393203
141.4	-0.00699487	0.00401481
141.5	-0.00699487	0.00401481
141.6	-0.00682931	0.00409759
141.7	-0.00682931	0.00409759
141.8	-0.00682931	0.00376647
141.9	-0.00707765	0.00368369
142	-0.00699487	0.00368369
142.1	-0.00699487	0.00368369
142.2	-0.00699487	0.00368369
142.3	-0.00699487	0.00368369
142.4	-0.00699487	0.00368369
142.5	-0.00699487	0.00368369
142.6	-0.00699487	0.00368369
142.7	-0.00699487	0.00368369
142.8	-0.00707765	0.00360091
142.9	-0.00707765	0.00360091
143	-0.00707765	0.00360091
143.1	-0.00716043	0.00318701
143.2	-0.00699487	0.00293867
143.3	-0.00691209	0.00293867
143.4	-0.00674653	0.00260756
143.5	-0.00616708	0.00186254
143.6	-0.00575318	0.00186254
143.7	-0.00550484	0.00186254
143.8	-0.00533928	0.00186254
143.9	-0.00500816	0.00186254
144	-0.00500816	0.00194532
144.1	-0.00509094	0.0020281
144.2	-0.0052565	0.00211088
144.3	-0.00533928	0.00211088
144.4	-0.00517372	0.00219366
144.5	-0.00500816	0.00219366
144.6	-0.0048426	0.00211088
144.7	-0.00467705	0.00219366
144.8	-0.00426315	0.00219366
144.9	-0.00384925	0.00227644
145	-0.00343535	0.00227644
145.1	-0.00302145	0.00227644
145.2	-0.00293867	0.00260756
145.3	-0.00335257	0.00293867
145.4	-0.00351813	0.00302145
145.5	-0.00384925	0.00318701
145.6	-0.00360091	0.00326979
145.7	-0.00326979	0.00318701
145.8	-0.00343535	0.00318701
145.9	-0.00318701	0.00302145
146	-0.00326979	0.00310423
146.1	-0.00318701	0.00310423
146.2	-0.00293867	0.00310423
146.3	-0.0028559	0.00310423
146.4	-0.00277312	0.00326979
146.5	-0.00277312	0.00326979
146.6	-0.00310423	0.00343535
146.7	-0.0028559	0.00351813
146.8	-0.00219366	0.00368369
146.9	-0.0020281	0.00393203
147	-0.0020281	0.00384925
147.1	-0.0020281	0.00376647
147.2	-0.00211088	0.00360091
147.3	-0.0028559	0.00293867
147.4	-0.00260756	0.00318701
147.5	-0.00260756	0.00326979
147.6	-0.00260756	0.00343535
147.7	-0.002442	0.00343535
147.8	-0.00227644	0.00351813
147.9	-0.0028559	0.00368369
148	-0.0028559	0.00368369
148.1	-0.00269034	0.00368369
148.2	-0.00235922	0.00368369
148.3	-0.00235922	0.00376647
148.4	-0.00235922	0.00376647
148.5	-0.00219366	0.00376647
148.6	-0.00211088	0.00393203
148.7	-0.0020281	0.00418037
148.8	-0.0020281	0.00418037
148.9	-0.0020281	0.00418037
149	-0.0020281	0.00418037
149.1	-0.0016142	0.00376647
149.2	-0.00136586	0.00360091
149.3	-0.00111752	0.00351813
149.4	-0.0012003	0.00351813
149.5	-0.00177976	0.00360091
149.6	-0.00235922	0.00376647
149.7	-0.00235922	0.00376647
149.8	-0.00235922	0.00376647
149.9	-0.00235922	0.00376647
150	-0.00235922	0.00376647
150.1	-0.00235922	0.00368369
150.2	-0.00235922	0.00368369
150.3	-0.00235922	0.00368369
150.4	-0.00235922	0.00368369
150.5	-0.002442	0.00368369
150.6	-0.00269034	0.00368369
150.7	-0.00293867	0.00368369
150.8	-0.00277312	0.00343535
150.9	-0.00269034	0.00343535
151	-0.00269034	0.00360091
151.1	-0.00269034	0.00360091
151.2	-0.00269034	0.00360091
151.3	-0.00277312	0.00360091
151.4	-0.00310423	0.00360091
151.5	-0.00310423	0.00360091
151.6	-0.00310423	0.00360091
151.7	-0.00318701	0.00360091
151.8	-0.00318701	0.00360091
151.9	-0.00318701	0.00360091
152	-0.00318701	0.00360091
152.1	-0.00293867	0.00360091
152.2	-0.0028559	0.00360091
152.3	-0.00269034	0.00360091
152.4	-0.00252478	0.00368369
152.5	-0.00252478	0.00368369
152.6	-0.00252478	0.00368369
152.7	-0.00260756	0.00368369
152.8	-0.00260756	0.00368369
152.9	-0.00277312	0.00326979
153	-0.00252478	0.0028559
153.1	-0.002442	0.00277312
153.2	-0.002442	0.00277312
153.3	-0.002442	0.00277312
153.4	-0.002442	0.00277312
153.5	-0.002442	0.00277312
153.6	-0.002442	0.00277312
153.7	-0.002442	0.00277312
153.8	-0.00219366	0.00277312
153.9	-0.00211088	0.00260756
154	-0.0020281	0.00252478
154.1	-0.00219366	0.002442
154.2	-0.0020281	0.00235922
154.3	-0.0016142	0.002442
154.4	-0.00177976	0.00252478
154.5	-0.00177976	0.00252478
154.6	-0.00177976	0.002442
154.7	-0.00177976	0.002442
154.8	-0.0020281	0.00211088
154.9	-0.00211088	0.0020281
155	-0.00252478	0.0020281
155.1	-0.00252478	0.0020281
155.2	-0.002442	0.00211088
155.3	-0.00219366	0.00227644
155.4	-0.00219366	0.00219366
155.5	-0.00219366	0.00219366
155.6	-0.0020281	0.00211088
155.7	-0.0020281	0.00194532
155.8	-0.00186254	0.00169698
155.9	-0.00186254	0.00169698
156	-0.00186254	0.00169698
156.1	-0.00227644	0.00169698
156.2	-0.00252478	0.00169698
156.3	-0.00252478	0.00177976
156.4	-0.00269034	0.00153142
156.5	-0.00269034	0.00153142
156.6	-0.00277312	0.0016142
156.7	-0.00277312	0.0016142
156.8	-0.00277312	0.0016142
156.9	-0.00293867	0.0016142
157	-0.00293867	0.0016142
157.1	-0.00293867	0.00169698
157.2	-0.00293867	0.00169698
157.3	-0.00293867	0.00169698
157.4	-0.00252478	0.00186254
157.5	-0.002442	0.00227644
157.6	-0.002442	0.00227644
157.7	-0.002442	0.00227644
157.8	-0.00277312	0.00235922
157.9	-0.00277312	0.00235922
158	-0.00277312	0.00252478
158.1	-0.00277312	0.00277312
158.2	-0.00277312	0.00293867
158.3	-0.00277312	0.00293867
158.4	-0.00277312	0.00302145
158.5	-0.00277312	0.00302145
158.6	-0.00277312	0.00302145
158.7	-0.00277312	0.00302145
158.8	-0.00277312	0.00302145
158.9	-0.00277312	0.00302145
159	-0.00277312	0.00310423
159.1	-0.00277312	0.00310423
159.2	-0.00277312	0.00310423
159.3	-0.00277312	0.00310423
159.4	-0.00277312	0.00310423
159.5	-0.00277312	0.00310423
159.6	-0.00277312	0.00310423
159.7	-0.00277312	0.00310423
159.8	-0.00252478	0.00318701
159.9	-0.00252478	0.00318701
160	-0.00260756	0.00235922
160.1	-0.0028559	0.00235922
160.2	-0.00384925	0.00169698
160.3	-0.00384925	0.00136586
160.4	-0.00368369	0.00144864
160.5	-0.00351813	0.00136586
160.6	-0.00339396	0.00136586
160.7	-0.00326979	0.00136586
160.8	-0.00318701	0.00136586
160.9	-0.00293867	0.00103474
161	-0.00343535	0.00086919
161.1	-0.00326979	0.00070363
161.2	-0.00326979	0.00086919
161.3	-0.00277312	-0.00004139
161.4	-0.00269034	-0.00008278
161.5	-0.00260756	-0.00012417
161.6	-0.00277312	0.00004139
161.7	-0.00264895	0.00020695
161.8	-0.00252478	0.00037251
161.9	-0.00252478	0.00037251
162	-0.0028559	0.00045529
162.1	-0.00293867	0.00037251
162.2	-0.00318701	0.00037251
162.3	-0.00318701	0.00037251
162.4	-0.00293867	0.00053807
162.5	-0.0028559	0.00053807
162.6	-0.0028559	0.00037251
162.7	-0.0028559	0.00028973
162.8	-0.00277312	0.00012417
162.9	-0.00310423	0.00012417
163	-0.0028559	0.00004139
163.1	-0.0028559	-0.00020695
163.2	-0.00302145	-0.00020695
163.3	-0.00277312	-0.00028973
163.4	-0.00277312	-0.00037251
163.5	-0.00269034	-0.00012417
163.6	-0.00269034	0.00037251
163.7	-0.00269034	0.00037251
163.8	-0.00269034	0.00028973
163.9	-0.00269034	0.00037251
164	-0.00269034	0.00037251
164.1	-0.00269034	0.00037251
164.2	-0.00269034	0.00037251
164.3	-0.00269034	0.00037251
164.4	-0.00269034	0.00004139
164.5	-0.00310423	-0.00037251
164.6	-0.00269034	-0.00070363
164.7	-0.00260756	-0.00062085
164.8	-0.00277312	-0.00062085
164.9	-0.00310423	-0.00070363
165	-0.00318701	-0.00086919
165.1	-0.00269034	-0.00086919
165.2	-0.00277312	-0.00070363
165.3	-0.00277312	-0.00037251
165.4	-0.00277312	-0.00033112
165.5	-0.00277312	-0.00028973
165.6	-0.00277312	-0.00028973
165.7	-0.00277312	-0.00028973
165.8	-0.00277312	-0.00028973
165.9	-0.00252478	-0.00020695
166	-0.00252478	0.00004139
166.1	-0.00269034	0.00004139
166.2	-0.00269034	0.00012417
166.3	-0.00269034	0.00012417
166.4	-0.00269034	0.00012417
166.5	-0.00260756	-0.00012417
166.6	-0.00260756	-0.00012417
166.7	-0.00227644	-0.00020695
166.8	-0.00235922	-0.00053807
166.9	-0.0028559	-0.00078641
167	-0.00310423	-0.00103474
167.1	-0.00335257	-0.00136586
167.2	-0.00343535	-0.00144864
167.3	-0.00360091	-0.00144864
167.4	-0.00351813	-0.00128308
167.5	-0.00351813	-0.00095196
167.6	-0.00351813	-0.00095196
167.7	-0.00335257	-0.00095196
167.8	-0.00318701	-0.00095196
167.9	-0.00343535	-0.00103474
168	-0.00310423	-0.0012003
168.1	-0.00306284	-0.0012003
168.2	-0.00302145	-0.0012003
168.3	-0.0028559	-0.00111752
168.4	-0.00277312	-0.00095196
168.5	-0.00277312	-0.00070363
168.6	-0.00277312	-0.00070363
168.7	-0.00277312	-0.00070363
168.8	-0.00277312	-0.00070363
168.9	-0.00277312	-0.00070363
169	-0.00277312	-0.00062085
169.1	-0.00277312	-0.00062085
169.2	-0.00219366	-0.00095196
169.3	-0.00194532	-0.00086919
169.4	-0.00211088	-0.00111752
169.5	-0.002442	-0.00144864
169.6	-0.00219366	-0.00128308
169.7	-0.00206949	-0.00132447
169.8	-0.00194532	-0.00136586
169.9	-0.00186254	-0.00128308
170	-0.00186254	-0.00128308
170.1	-0.00144864	-0.00169698
170.2	-0.00153142	-0.0020281
170.3	-0.00153142	-0.00219366
170.4	-0.00169698	-0.00219366
170.5	-0.00211088	-0.00177976
170.6	-0.00169698	-0.00186254
170.7	-0.00177976	-0.00219366
170.8	-0.00194532	-0.00219366
170.9	-0.00227644	-0.00227644
171	-0.00227644	-0.00227644
171.1	-0.00260756	-0.00260756
171.2	-0.00269034	-0.00260756
171.3	-0.002442	-0.00235922
171.4	-0.002442	-0.00235922
171.5	-0.00277312	-0.00235922
171.6	-0.00277312	-0.00219366
171.7	-0.00277312	-0.00219366
171.8	-0.00277312	-0.00219366
171.9	-0.00277312	-0.00219366
172	-0.00252478	-0.00219366
172.1	-0.00219366	-0.00219366
172.2	-0.002442	-0.0020281
172.3	-0.002442	-0.00252478
172.4	-0.00260756	-0.00252478
172.5	-0.002442	-0.00269034
172.6	-0.00235922	-0.00277312
172.7	-0.00219366	-0.0028559
172.8	-0.00219366	-0.00302145
172.9	-0.00293867	-0.00310423
173	-0.00269034	-0.0028559
173.1	-0.00269034	-0.00260756
173.2	-0.00269034	-0.00260756
173.3	-0.0028559	-0.00260756
173.4	-0.00343535	-0.0028559
173.5	-0.00293867	-0.00318701
173.6	-0.00310423	-0.00326979
173.7	-0.00310423	-0.00360091
173.8	-0.00260756	-0.00343535
173.9	-0.00269034	-0.00343535
174	-0.00277312	-0.00343535
174.1	-0.0028559	-0.00335257
174.2	-0.00310423	-0.00326979
174.3	-0.00227644	-0.00318701
174.4	-0.00219366	-0.00326979
174.5	-0.00227644	-0.00335257
174.6	-0.002442	-0.00335257
174.7	-0.00252478	-0.00326979
174.8	-0.00252478	-0.00326979
174.9	-0.00252478	-0.00326979
175	-0.00252478	-0.00326979
175.1	-0.00252478	-0.00310423
175.2	-0.00235922	-0.00310423
175.3	-0.00227644	-0.00302145
175.4	-0.00227644	-0.00302145
175.5	-0.00227644	-0.00302145
175.6	-0.00219366	-0.00302145
175.7	-0.00219366	-0.00293867
175.8	-0.00219366	-0.00293867
175.9	-0.0020281	-0.00302145
176	-0.0020281	-0.00302145
176.1	-0.0020281	-0.00293867
176.2	-0.0020281	-0.00269034
176.3	-0.0020281	-0.00269034
176.4	-0.0020281	-0.00269034
176.5	-0.0020281	-0.00310423
176.6	-0.0020281	-0.00302145
176.7	-0.0020281	-0.00227644
176.8	-0.0020281	-0.00219366
176.9	-0.0020281	-0.00211088
177	-0.0020281	-0.00211088
177.1	-0.0020281	-0.00211088
177.2	-0.00211088	-0.00219366
177.3	-0.00252478	-0.00211088
177.4	-0.00252478	-0.00194532
177.5	-0.002442	-0.00177976
177.6	-0.002442	-0.00169698
177.7	-0.002442	-0.00177976
177.8	-0.00219366	-0.00186254
177.9	-0.002442	-0.00136586
178	-0.002442	-0.00128308
178.1	-0.002442	-0.00128308
178.2	-0.002442	-0.00128308
178.3	-0.002442	-0.0012003
178.4	-0.00252478	-0.00103474
178.5	-0.002442	-0.00103474
178.6	-0.00235922	-0.00103474
178.7	-0.00235922	-0.00103474
178.8	-0.00235922	-0.00103474
178.9	-0.00235922	-0.00103474
179	-0.00235922	-0.00103474
179.1	-0.00235922	-0.00070363
179.2	-0.00235922	-0.00144864
179.3	-0.002442	-0.00144864
179.4	-0.00227644	-0.00095196
179.5	-0.00219366	-0.00103474
179.6	-0.0020281	-0.00153142
179.7	-0.00227644	-0.0016142
179.8	-0.00235922	-0.00086919
179.9	-0.00235922	-0.00078641
180	-0.00277312	-0.00053807
180.1	-0.00277312	-0.00053807
180.2	-0.00252478	-0.00028973
180.3	-0.002442	-0.00028973
180.4	-0.002442	-0.00020695
180.5	-0.002442	-0.00004139
180.6	-0.00235922	0.00012417
180.7	-0.00252478	0.00004139
180.8	-0.00260756	0.00012417
180.9	-0.0028559	0.00037251
181	-0.00302145	0.00078641
181.1	-0.00302145	0.00078641
181.2	-0.00326979	0.00020695
181.3	-0.00335257	0.00028973
181.4	-0.00335257	0.00037251
181.5	-0.00343535	0.00012417
181.6	-0.00393203	-0.00128308
181.7	-0.00384925	-0.00128308
181.8	-0.00360091	-0.00153142
181.9	-0.00376647	-0.00335257
182	-0.00351813	-0.00310423
182.1	-0.00351813	-0.0012003
182.2	-0.00351813	-0.0012003
182.3	-0.00351813	-0.00103474
182.4	-0.00351813	-0.00103474
182.5	-0.00351813	-0.00103474
182.6	-0.00343535	-0.0012003
182.7	-0.00384925	-0.00086919
182.8	-0.00351813	-0.00335257
182.9	-0.00368369	-0.00343535
183	-0.00389064	-0.0032284
183.1	-0.00409759	-0.00302145
183.2	-0.00442871	-0.00136586
183.3	-0.00442871	-0.00136586
183.4	-0.00409759	-0.00153142
183.5	-0.00409759	-0.00153142
183.6	-0.00409759	-0.00153142
183.7	-0.00409759	-0.00153142
183.8	-0.00442871	-0.00177976
183.9	-0.00442871	-0.00177976
184	-0.00451149	-0.0016142
184.1	-0.00442871	-0.00111752
184.2	-0.00442871	-0.00103474
184.3	-0.00509094	-0.00062085
184.4	-0.00451149	-0.00070363
184.5	-0.00434593	-0.00070363
184.6	-0.00409759	-0.00070363
184.7	-0.00434593	-0.00037251
184.8	-0.00418037	-0.00004139
184.9	-0.00401481	-0.00326979
185	-0.00384925	-0.00335257
185.1	-0.00384925	-0.00339396
185.2	-0.00384925	-0.00343535
185.3	-0.00409759	-0.00219366
185.4	-0.00409759	-0.00219366
185.5	-0.00418037	-0.00128308
185.6	-0.00434593	-0.00103474
185.7	-0.00459427	-0.00053807
185.8	-0.00459427	-0.00045529
185.9	-0.00442871	0.00004139
186	-0.00492538	0.00004139
186.1	-0.00475983	0.00037251
186.2	-0.00492538	0.00028973
186.3	-0.00517372	0.00004139
186.4	-0.00442871	-0.00086919
186.5	-0.00434593	-0.00302145
186.6	-0.00434593	-0.00318701
186.7	-0.00475983	-0.00169698
186.8	-0.00467705	-0.00153142
186.9	-0.00442871	-0.0012003
187	-0.00442871	-0.00020695
187.1	-0.00459427	0.00028973
187.2	-0.00426315	0.00037251
187.3	-0.00426315	0.00037251
187.4	-0.00451149	0.00062085
187.5	-0.00434593	0.00070363
187.6	-0.00475983	0.00103474
187.7	-0.00475983	0.0008278
187.8	-0.00475983	0.00062085
187.9	-0.00475983	0.00020695
188	-0.00442871	0.00070363
188.1	-0.00442871	0.00070363
188.2	-0.00459427	0.00078641
188.3	-0.00542206	0.00111752
188.4	-0.00542206	0.00111752
188.5	-0.00542206	0.00144864
188.6	-0.00542206	0.0016142
188.7	-0.00542206	0.00169698
188.8	-0.00542206	0.00169698
188.9	-0.00542206	0.00169698
189	-0.00542206	0.00169698
189.1	-0.00492538	0.00177976
189.2	-0.0048426	0.00177976
189.3	-0.0048426	0.00177976
189.4	-0.0048426	0.00144864
189.5	-0.00475983	0.0012003
189.6	-0.00475983	0.00111752
189.7	-0.00475983	0.00111752
189.8	-0.00509094	0.00111752
189.9	-0.00509094	0.00111752
190	-0.00533928	0.00111752
190.1	-0.0052565	0.00062085
190.2	-0.00517372	0.00045529
190.3	-0.00466373	0.0004598
190.4	-0.00495931	0.0004598
190.5	-0.0052549	0.0004598
190.6	-0.00538627	0.00098529
190.7	-0.0052549	0.00124804
190.8	-0.00610882	0.00105098
190.9	-0.00538627	0.00151078
191	-0.00637157	0.00098529
191.1	-0.00538627	0.00072255
191.2	-0.00492647	0.00065686
191.3	-0.00492647	0.00065686
191.4	-0.00518922	0.00032843
191.5	-0.00518922	0.00032843
191.6	-0.00518922	0.00039412
191.7	-0.00518922	0.00052549
191.8	-0.00551765	0.00091961
191.9	-0.00551765	0.00091961
192	-0.00551765	0.00091961
192.1	-0.00551765	0.00091961
192.2	-0.00551765	0.00164216
192.3	-0.00551765	0.00164216
192.4	-0.0062402	0.00124804
192.5	-0.00643725	0.00105098
192.6	-0.00597745	0.00111667
192.7	-0.00587892	0.00118235
192.8	-0.00578039	0.00124804
192.9	-0.00578039	0.00131373
193	-0.00578039	0.00137941
193.1	-0.00604314	0.00137941
193.2	-0.00604314	0.00137941
193.3	-0.00604314	0.00137941
193.4	-0.00604314	0.00137941
193.5	-0.00604314	0.00137941
193.6	-0.00604314	0.00137941
193.7	-0.00604314	0.00137941
193.8	-0.00604314	0.00137941
193.9	-0.00604314	0.00137941
194	-0.00604314	0.00137941
194.1	-0.00604314	0.00137941
194.2	-0.00604314	0.00137941
194.3	-0.00630588	0.0014451
194.4	-0.00630588	0.0014451
194.5	-0.00663431	0.0014451
194.6	-0.00663431	0.0014451
194.7	-0.00663431	0.00151078
194.8	-0.00663431	0.00177353
194.9	-0.00663431	0.00177353
195	-0.00663431	0.00177353
195.1	-0.00663431	0.00177353
195.2	-0.00663431	0.00177353
195.3	-0.00650294	0.00151078
195.4	-0.00650294	0.00151078
195.5	-0.00650294	0.00151078
195.6	-0.00663431	0.00137941
195.7	-0.00689706	0.00124804
195.8	-0.00709412	0.00091961
195.9	-0.00709412	0.00039412
196	-0.00788235	0
196.1	-0.00788235	-0.00006569
196.2	-0.00761961	0
196.3	-0.00761961	0
196.4	-0.00761961	0
196.5	-0.00761961	-0.00019706
196.6	-0.00761961	-0.00019706
196.7	-0.00761961	-0.00019706
196.8	-0.00807941	-0.00032843
196.9	-0.00807941	-0.00039412
197	-0.00807941	-0.00078824
197.1	-0.00788235	-0.00085392
197.2	-0.00788235	-0.00105098
197.3	-0.00788235	-0.00118235
197.4	-0.00788235	-0.00118235
197.5	-0.00788235	-0.00118235
197.6	-0.00807941	-0.00118235
197.7	-0.00807941	-0.00118235
197.8	-0.00807941	-0.00111667
197.9	-0.00748823	-0.00085392
198	-0.00748823	-0.00085392
198.1	-0.00748823	-0.00085392
198.2	-0.00748823	-0.00085392
198.3	-0.00748823	-0.00085392
198.4	-0.00748823	-0.00085392
198.5	-0.00748823	-0.00085392
198.6	-0.00748823	-0.00085392
198.7	-0.00735686	-0.00039412
198.8	-0.00735686	-0.00026275
198.9	-0.00735686	-0.00013137
199	-0.00735686	-0.00013137
199.1	-0.00735686	-0.00006569
199.2	-0.00735686	-0.00006569
199.3	-0.00709412	0.00013137
199.4	-0.00709412	0.00013137
199.5	-0.00709412	0.00013137
199.6	-0.00709412	0.00013137
199.7	-0.00709412	0.00013137
199.8	-0.00761961	-0.00019706
199.9	-0.00761961	-0.00019706
200	-0.00761961	-0.00019706
200.1	-0.00761961	-0.00032843
200.2	-0.00742255	-0.00059118
200.3	-0.00748823	-0.00059118
200.4	-0.00748823	-0.00059118
200.5	-0.00768529	-0.00059118
200.6	-0.00768529	-0.00059118
200.7	-0.00768529	-0.00059118
200.8	-0.00768529	-0.00059118
200.9	-0.00768529	-0.00059118
201	-0.00768529	-0.00059118
201.1	-0.00768529	-0.00059118
201.2	-0.00768529	-0.00059118
201.3	-0.00768529	-0.00059118
201.4	-0.00768529	-0.00059118
201.5	-0.00768529	-0.00059118
201.6	-0.00722549	-0.00059118
201.7	-0.00709412	-0.00059118
201.8	-0.00689706	-0.00059118
201.9	-0.00689706	-0.00059118
202	-0.00689706	-0.00059118
202.1	-0.00689706	-0.00059118
202.2	-0.00689706	-0.00059118
202.3	-0.00689706	-0.00059118
202.4	-0.00689706	-0.00059118
202.5	-0.00689706	-0.00059118
202.6	-0.00689706	-0.00059118
202.7	-0.00689706	-0.00059118
202.8	-0.00689706	-0.00052549
202.9	-0.00696274	-0.00032843
203	-0.00702843	-0.00013137
203.1	-0.00709412	-0.00006569
203.2	-0.00709412	-0.00006569
203.3	-0.0071598	-0.00006569
203.4	-0.0071598	0.00006569
203.5	-0.0071598	0.00013137
203.6	-0.0071598	0.00013137
203.7	-0.0071598	0.00013137
203.8	-0.0071598	0.00013137
203.9	-0.0071598	0.00013137
204	-0.0071598	0.00013137
204.1	-0.0071598	0.00013137
204.2	-0.00768529	0.00019706
204.3	-0.00788235	0.00026275
204.4	-0.00821078	0.00026275
204.5	-0.00873627	0.00039412
204.6	-0.00873627	0.00039412
204.7	-0.00873627	0.00032843
204.8	-0.00873627	-0.00013137
204.9	-0.00873627	-0.00013137
205	-0.00873627	-0.00013137
205.1	-0.00873627	-0.00013137
205.2	-0.00873627	-0.00013137
205.3	-0.00873627	-0.00013137
205.4	-0.00867059	0.00013137
205.5	-0.00867059	0.00019706
205.6	-0.00867059	0.00026275
205.7	-0.0086049	0.00065686
205.8	-0.00840784	0.00091961
205.9	-0.00840784	0.00091961
206	-0.00840784	0.00091961
206.1	-0.00840784	0.00091961
206.2	-0.00867059	0.00118235
206.3	-0.00873627	0.00118235
206.4	-0.00913039	0.00157647
206.5	-0.00913039	0.00164216
206.6	-0.00913039	0.00197059
206.7	-0.00913039	0.00151078
206.8	-0.00913039	0.00151078
206.9	-0.00919608	0.00151078
207	-0.00932745	0.00157647
207.1	-0.00932745	0.00157647
207.2	-0.00932745	0.00157647
207.3	-0.00932745	0.00157647
207.4	-0.00926176	0.00157647
207.5	-0.00919608	0.00098529
207.6	-0.00919608	0.00072255
207.7	-0.00919608	0.00072255
207.8	-0.00965588	0.00072255
207.9	-0.00985294	0.00091961
208	-0.00985294	0.00091961
208.1	-0.00952451	0.00085392
208.2	-0.00945882	0.00085392
208.3	-0.00932745	0.00085392
208.4	-0.00913039	0.00085392
208.5	-0.00873627	0.00085392
208.6	-0.00873627	0.00085392
208.7	-0.00873627	0.00085392
208.8	-0.00873627	0.00085392
208.9	-0.00873627	0.00085392
209	-0.00873627	0.00085392
209.1	-0.00873627	0.00085392
209.2	-0.00873627	0.00085392
209.3	-0.00873627	0.00111667
209.4	-0.00867059	0.00170784
209.5	-0.00867059	0.00170784
209.6	-0.00867059	0.00170784
209.7	-0.00867059	0.00170784
209.8	-0.00867059	0.00170784
209.9	-0.00867059	0.00170784
210	-0.00867059	0.00170784
210.1	-0.00867059	0.00157647
210.2	-0.00867059	0.00157647
210.3	-0.00867059	0.00157647
210.4	-0.00886765	0.00170784
210.5	-0.00886765	0.00170784
210.6	-0.00893333	0.00177353
210.7	-0.00939314	0.00216765
210.8	-0.00939314	0.00216765
210.9	-0.00939314	0.00216765
211	-0.00932745	0.00216765
211.1	-0.00919608	0.00243039
211.2	-0.00913039	0.00269314
211.3	-0.00906471	0.00269314
211.4	-0.00932745	0.00269314
211.5	-0.00932745	0.00269314
211.6	-0.00932745	0.00269314
211.7	-0.00939314	0.00236471
211.8	-0.00939314	0.00236471
211.9	-0.00939314	0.00236471
212	-0.00939314	0.00236471
212.1	-0.00919608	0.00236471
212.2	-0.00913039	0.00236471
212.3	-0.00913039	0.00236471
212.4	-0.00939314	0.00269314
212.5	-0.00939314	0.00282451
212.6	-0.00919608	0.00335
212.7	-0.00919608	0.00335
212.8	-0.00919608	0.00335
212.9	-0.00919608	0.00302157
213	-0.00919608	0.00275882
213.1	-0.00919608	0.00275882
213.2	-0.00913039	0.00262745
213.3	-0.00899902	0.00164216
213.4	-0.00899902	0.00164216
213.5	-0.00899902	0.00164216
213.6	-0.00893333	0.00164216
213.7	-0.00853922	0.00151078
213.8	-0.00853922	0.00157647
213.9	-0.00867059	0.00164216
214	-0.00886765	0.00170784
214.1	-0.00886765	0.0019049
214.2	-0.00886765	0.0019049
214.3	-0.00886765	0.0019049
214.4	-0.00919608	0.0019049
214.5	-0.00932745	0.00177353
214.6	-0.00939314	0.00124804
214.7	-0.00939314	0.00118235
214.8	-0.00939314	0.00118235
214.9	-0.00939314	0.00118235
215	-0.00952451	0.00105098
215.1	-0.0095902	0.00098529
215.2	-0.00965588	0.00072255
215.3	-0.00965588	0.00072255
215.4	-0.00965588	0.00072255
215.5	-0.00965588	0.00072255
215.6	-0.00985294	0.00052549
215.7	-0.00985294	0.0004598
215.8	-0.00985294	0.0004598
215.9	-0.00985294	0.0004598
216	-0.00985294	0.0004598
216.1	-0.00985294	0.0004598
216.2	-0.00985294	0.0004598
216.3	-0.00985294	0.0004598
216.4	-0.00985294	0.0004598
216.5	-0.00985294	0.0004598
216.6	-0.00985294	0.0004598
216.7	-0.00985294	0.0004598
216.8	-0.00972157	0.0004598
216.9	-0.00945882	0.00039412
217	-0.00945882	0.00039412
217.1	-0.00945882	0.00039412
217.2	-0.00945882	0.00039412
217.3	-0.00945882	0.00039412
217.4	-0.00945882	0.00039412
217.5	-0.00945882	0.0004598
217.6	-0.00945882	0.0004598
217.7	-0.00945882	0.00065686
217.8	-0.00945882	0.00065686
217.9	-0.00945882	0.00065686
218	-0.00945882	0.00065686
218.1	-0.00945882	0.00065686
218.2	-0.00945882	0.00078824
218.3	-0.00932745	0.00085392
218.4	-0.00913039	0.00098529
218.5	-0.00913039	0.00105098
218.6	-0.00913039	0.00105098
218.7	-0.00913039	0.00124804
218.8	-0.00913039	0.00124804
218.9	-0.0095902	0.00085392
219	-0.00936029	0.00068971
219.1	-0.00913039	0.00052549
219.2	-0.00913039	0.00052549
219.3	-0.00919608	0.00059118
219.4	-0.00985294	-0.00006569
219.5	-0.00985294	-0.00006569
219.6	-0.00985294	-0.00006569
219.7	-0.00985294	0.00039412
219.8	-0.00985294	0.00039412
219.9	-0.00985294	0.00039412
220	-0.00985294	0.00039412
220.1	-0.00972157	0.00039412
220.2	-0.00972157	0.00039412
220.3	-0.01005	-0.00006569
220.4	-0.01018137	0
220.5	-0.01031274	0.00019706
220.6	-0.01031274	0.00019706
220.7	-0.01031274	0.00019706
220.8	-0.01031274	0.00019706
220.9	-0.01031274	0.00019706
221	-0.01031274	0.00019706
221.1	-0.01037843	0.0004598
221.2	-0.01037843	0.00065686
221.3	-0.01037843	0.00091961
221.4	-0.01037843	0.00091961
221.5	-0.01037843	0.00091961
221.6	-0.01037843	0.00091961
221.7	-0.01037843	0.00091961
221.8	-0.01037843	0.00091961
221.9	-0.01037843	0.00091961
222	-0.01037843	0.00091961
222.1	-0.01037843	0.00091961
222.2	-0.00998431	0.00151078
222.3	-0.00972157	0.00183922
222.4	-0.00972157	0.00183922
222.5	-0.00972157	0.00183922
222.6	-0.00972157	0.00183922
222.7	-0.00972157	0.00183922
222.8	-0.00972157	0.00183922
222.9	-0.00972157	0.00183922
223	-0.00972157	0.00183922
223.1	-0.00972157	0.00183922
223.2	-0.01070686	0.00203627
223.3	-0.01077255	0.00203627
223.4	-0.01083823	0.00197059
223.5	-0.01083823	0.00197059
223.6	-0.01142941	0.00170784
223.7	-0.01142941	0.00170784
223.8	-0.01103529	0.00170784
223.9	-0.01077255	0.0019049
224	-0.01077255	0.0019049
224.1	-0.01077255	0.0019049
224.2	-0.01077255	0.0019049
224.3	-0.01077255	0.0019049
224.4	-0.01110098	0.00203627
224.5	-0.01103529	0.00216765
224.6	-0.01123235	0.00243039
224.7	-0.01142941	0.00243039
224.8	-0.0114951	0.00243039
224.9	-0.0114951	0.00243039
225	-0.0114951	0.00282451
225.1	-0.01123235	0.00282451
225.2	-0.01077255	0.00282451
225.3	-0.01064118	0.00282451
225.4	-0.01064118	0.00282451
225.5	-0.01064118	0.00282451
225.6	-0.01064118	0.00262745
225.7	-0.01064118	0.00262745
225.8	-0.01064118	0.00262745
225.9	-0.0105098	0.00348137
226	-0.0105098	0.00348137
226.1	-0.0105098	0.00348137
226.2	-0.01005	0.00367843
226.3	-0.00998431	0.00367843
226.4	-0.00972157	0.00354706
226.5	-0.01024706	0.00387549
226.6	-0.01024706	0.00394118
226.7	-0.01037843	0.00354706
226.8	-0.00998431	0.00321863
226.9	-0.00939314	0.00341569
227	-0.01018137	0.00328431
227.1	-0.00965588	0.00315294
227.2	-0.00913039	0.00302157
227.3	-0.0095902	0.00308725
227.4	-0.0095902	0.00308725
227.5	-0.00998431	0.00308725
227.6	-0.01018137	0.00348137
227.7	-0.01018137	0.00348137
227.8	-0.01018137	0.00348137
227.9	-0.01057549	0.00328431
228	-0.01057549	0.00328431
228.1	-0.01057549	0.00328431
228.2	-0.01057549	0.00328431
228.3	-0.01005	0.00341569
228.4	-0.01005	0.00341569
228.5	-0.01005	0.00400686
228.6	-0.01005	0.00400686
228.7	-0.01005	0.00400686
228.8	-0.01005	0.00400686
228.9	-0.01005	0.00400686
229	-0.00972157	0.00420392
229.1	-0.00972157	0.00420392
229.2	-0.00972157	0.00413824
229.3	-0.00972157	0.00407255
229.4	-0.00972157	0.0038098
229.5	-0.00978725	0.0038098
229.6	-0.00978725	0.0038098
229.7	-0.00978725	0.0038098
229.8	-0.00978725	0.00374412
229.9	-0.00965588	0.00413824
230	-0.00965588	0.00413824
230.1	-0.01037843	0.00446667
230.2	-0.01037843	0.00446667
230.3	-0.01037843	0.00446667
230.4	-0.01037843	0.00446667
230.5	-0.01037843	0.00446667
230.6	-0.01037843	0.00440098
230.7	-0.01037843	0.00440098
230.8	-0.01024706	0.00453235
230.9	-0.01024706	0.00459804
231	-0.01024706	0.00459804
231.1	-0.01044412	0.00466373
231.2	-0.01044412	0.00466373
231.3	-0.01044412	0.00466373
231.4	-0.01044412	0.00466373
231.5	-0.01044412	0.00466373
231.6	-0.01044412	0.00466373
231.7	-0.01044412	0.00466373
231.8	-0.01057549	0.00446667
231.9	-0.01064118	0.00413824
232	-0.01064118	0.00374412
232.1	-0.0105098	0.00282451
232.2	-0.01037843	0.00262745
232.3	-0.01064118	0.00328431
232.4	-0.01064118	0.00315294
232.5	-0.01064118	0.00308725
232.6	-0.01064118	0.00308725
232.7	-0.01064118	0.00308725
232.8	-0.01110098	0.0028902
232.9	-0.01110098	0.0028902
233	-0.01110098	0.00282451
233.1	-0.01044412	0.00321863
233.2	-0.01044412	0.00321863
233.3	-0.01103529	0.00308725
233.4	-0.01103529	0.00308725
233.5	-0.01136372	0.00243039
233.6	-0.01142941	0.00236471
233.7	-0.01142941	0.00229902
233.8	-0.01156078	0.00216765
233.9	-0.01169216	0.00203627
234	-0.01175784	0.00177353
234.1	-0.01175784	0.00164216
234.2	-0.01064118	0.00216765
234.3	-0.01123235	0.00157647
234.4	-0.01175784	0.00183922
234.5	-0.01175784	0.00177353
234.6	-0.01188921	0.00137941
