0	-0.01428	-0.02002
0.1	-0.0144	-0.02
0.2	-0.01442	-0.01993
0.3	-0.01413	-0.01988
0.4	-0.01383	-0.01961
0.5	-0.01386	-0.01961
0.6	-0.01391	-0.01957
0.7	-0.01398	-0.01947
0.8	-0.01398	-0.01934
0.9	-0.01409	-0.01914
1	-0.01423	-0.01892
1.1	-0.01425	-0.01901
1.2	-0.01423	-0.01899
1.3	-0.01388	-0.01907
1.4	-0.01413	-0.01898
1.5	-0.01421	-0.01884
1.6	-0.01439	-0.01883
1.7	-0.01436	-0.0187
1.8	-0.01449	-0.01874
1.9	-0.01459	-0.01872
2	-0.01461	-0.01853
2.1	-0.01493	-0.01828
2.2	-0.01491	-0.01827
2.3	-0.01478	-0.01827
2.4	-0.01462	-0.01817
2.5	-0.01434	-0.01817
2.6	-0.01424	-0.01812
2.7	-0.01432	-0.01816
2.8	-0.01431	-0.01822
2.9	-0.01431	-0.01818
3	-0.0144	-0.01816
3.1	-0.0145	-0.01797
3.2	-0.01459	-0.0179
3.3	-0.01461	-0.01803
3.4	-0.01459	-0.01811
3.5	-0.01433	-0.01812
3.6	-0.01412	-0.01838
3.7	-0.01389	-0.01815
3.8	-0.01392	-0.018
3.9	-0.01369	-0.01785
4	-0.01349	-0.01796
4.1	-0.01374	-0.01781
4.2	-0.01381	-0.01758
4.3	-0.01367	-0.01753
4.4	-0.01341	-0.01751
4.5	-0.01335	-0.01738
4.6	-0.01318	-0.01729
4.7	-0.01303	-0.01745
4.8	-0.01317	-0.01748
4.9	-0.0133	-0.01777
5	-0.01321	-0.01783
5.1	-0.01317	-0.01754
5.2	-0.01316	-0.01737
5.3	-0.01322	-0.01716
5.4	-0.0132	-0.01711
5.5	-0.01304	-0.01681
5.6	-0.01296	-0.01643
5.7	-0.01293	-0.0163
5.8	-0.01295	-0.01647
5.9	-0.01286	-0.01656
6	-0.01288	-0.01664
6.1	-0.01291	-0.01663
6.2	-0.01288	-0.01666
6.3	-0.01306	-0.0167
6.4	-0.01305	-0.01627
6.5	-0.01309	-0.01602
6.6	-0.01296	-0.01594
6.7	-0.01285	-0.01581
6.8	-0.01311	-0.01578
6.9	-0.01317	-0.01571
7	-0.01313	-0.0156
7.1	-0.01325	-0.01537
7.2	-0.0135	-0.01527
7.3	-0.01356	-0.01503
7.4	-0.01355	-0.01508
7.5	-0.01352	-0.01503
7.6	-0.0135	-0.01476
7.7	-0.01356	-0.0148
7.8	-0.01371	-0.01493
7.9	-0.01363	-0.01507
8	-0.01352	-0.01502
8.1	-0.01345	-0.01505
8.2	-0.01341	-0.01498
8.3	-0.0135	-0.01467
8.4	-0.01348	-0.01447
8.5	-0.01364	-0.01445
8.6	-0.01385	-0.01452
8.7	-0.01409	-0.01447
8.8	-0.01445	-0.01432
8.9	-0.01442	-0.0142
9	-0.0143	-0.01421
9.1	-0.01398	-0.01457
9.2	-0.01396	-0.01461
9.3	-0.01386	-0.01459
9.4	-0.01383	-0.01467
9.5	-0.01398	-0.01483
9.6	-0.0143	-0.01485
9.7	-0.01434	-0.01475
9.8	-0.01428	-0.01443
9.9	-0.01426	-0.01448
10	-0.01405	-0.01447
10.1	-0.01394	-0.01454
10.2	-0.01387	-0.01463
10.3	-0.01393	-0.01465
10.4	-0.01401	-0.01455
10.5	-0.0139	-0.0145
10.6	-0.01375	-0.0145
10.7	-0.01367	-0.01429
10.8	-0.01379	-0.01428
10.9	-0.01403	-0.01425
11	-0.01405	-0.01412
11.1	-0.0142	-0.01391
11.2	-0.01426	-0.01347
11.3	-0.01401	-0.01349
11.4	-0.01395	-0.01357
11.5	-0.01358	-0.01356
11.6	-0.01355	-0.01355
11.7	-0.01361	-0.01347
11.8	-0.01367	-0.01336
11.9	-0.01382	-0.01336
12	-0.01382	-0.01339
12.1	-0.01363	-0.01312
12.2	-0.0135	-0.01287
12.3	-0.01347	-0.013
12.4	-0.01338	-0.01299
12.5	-0.01359	-0.01309
12.6	-0.01373	-0.01315
12.7	-0.01374	-0.01319
12.8	-0.01377	-0.01323
12.9	-0.01395	-0.01334
13	-0.01388	-0.01328
13.1	-0.01399	-0.01294
13.2	-0.01401	-0.01279
13.3	-0.01418	-0.01283
13.4	-0.01442	-0.0127
13.5	-0.01458	-0.01271
13.6	-0.01463	-0.01266
13.7	-0.01451	-0.01259
13.8	-0.01432	-0.01276
13.9	-0.01423	-0.01289
14	-0.01423	-0.01317
14.1	-0.01423	-0.01329
14.2	-0.01424	-0.01326
14.3	-0.01404	-0.01317
14.4	-0.01402	-0.01328
14.5	-0.0141	-0.01342
14.6	-0.01405	-0.0135
14.7	-0.01426	-0.01351
14.8	-0.01443	-0.01354
14.9	-0.0145	-0.0136
15	-0.01453	-0.01392
15.1	-0.01479	-0.01408
15.2	-0.01489	-0.01423
15.3	-0.01489	-0.01443
15.4	-0.01514	-0.01441
15.5	-0.01526	-0.01461
15.6	-0.0153	-0.01465
15.7	-0.01538	-0.01472
15.8	-0.01522	-0.01462
15.9	-0.01489	-0.01483
16	-0.0148	-0.01493
16.1	-0.01451	-0.01511
16.2	-0.01442	-0.01532
16.3	-0.01422	-0.01526
16.4	-0.01405	-0.01508
16.5	-0.01392	-0.01515
16.6	-0.01373	-0.01515
16.7	-0.01383	-0.01496
16.8	-0.01382	-0.01473
16.9	-0.01383	-0.01482
17	-0.01382	-0.01487
17.1	-0.01382	-0.01499
17.2	-0.01363	-0.01511
17.3	-0.01362	-0.01515
17.4	-0.01374	-0.01506
17.5	-0.01361	-0.01506
17.6	-0.01358	-0.01509
17.7	-0.01354	-0.01529
17.8	-0.01349	-0.0154
17.9	-0.01344	-0.01546
18	-0.0131	-0.01547
18.1	-0.01293	-0.0155
18.2	-0.01289	-0.01575
18.3	-0.01257	-0.01562
18.4	-0.01247	-0.0155
18.5	-0.01285	-0.01578
18.6	-0.01299	-0.01577
18.7	-0.01292	-0.01605
18.8	-0.01287	-0.01603
18.9	-0.01284	-0.01599
19	-0.01271	-0.01626
19.1	-0.01275	-0.01636
19.2	-0.01277	-0.0163
19.3	-0.01253	-0.01624
19.4	-0.0125	-0.01602
19.5	-0.01245	-0.01605
19.6	-0.01217	-0.016
19.7	-0.012	-0.01615
19.8	-0.01203	-0.01599
19.9	-0.01202	-0.0162
20	-0.01225	-0.01621
20.1	-0.01211	-0.01642
20.2	-0.01208	-0.01644
20.3	-0.01191	-0.0167
20.4	-0.01223	-0.01688
20.5	-0.01247	-0.01695
20.6	-0.01235	-0.01699
20.7	-0.01237	-0.01696
20.8	-0.01246	-0.01682
20.9	-0.01228	-0.01686
21	-0.01209	-0.01671
21.1	-0.01196	-0.01671
21.2	-0.01191	-0.01672
21.3	-0.01188	-0.01677
21.4	-0.01171	-0.01671
21.5	-0.01187	-0.01675
21.6	-0.01215	-0.01683
21.7	-0.0123	-0.01689
21.8	-0.0123	-0.01687
21.9	-0.01219	-0.01696
22	-0.01197	-0.01729
22.1	-0.01175	-0.01724
22.2	-0.01158	-0.01732
22.3	-0.01152	-0.01726
22.4	-0.01121	-0.0172
22.5	-0.01107	-0.01723
22.6	-0.01106	-0.01723
22.7	-0.01117	-0.01722
22.8	-0.01088	-0.01724
22.9	-0.01071	-0.01747
23	-0.01061	-0.01766
23.1	-0.01062	-0.01774
23.2	-0.01089	-0.01768
23.3	-0.01097	-0.01806
23.4	-0.01088	-0.01811
23.5	-0.01093	-0.01848
23.6	-0.01129	-0.01853
23.7	-0.01144	-0.01893
23.8	-0.0112	-0.01914
23.9	-0.01128	-0.01927
24	-0.01129	-0.01932
24.1	-0.01157	-0.01928
24.2	-0.01152	-0.01936
24.3	-0.01136	-0.01953
24.4	-0.01123	-0.01936
24.5	-0.01113	-0.01952
24.6	-0.01112	-0.01962
24.7	-0.01135	-0.01973
24.8	-0.01157	-0.01966
24.9	-0.01166	-0.01963
25	-0.01155	-0.01956
25.1	-0.01139	-0.01946
25.2	-0.01146	-0.01958
25.3	-0.01159	-0.0194
25.4	-0.01142	-0.01954
25.5	-0.01153	-0.01972
25.6	-0.01161	-0.01969
25.7	-0.01153	-0.01969
25.8	-0.01144	-0.01965
25.9	-0.01138	-0.01964
26	-0.01109	-0.01962
26.1	-0.01091	-0.01939
26.2	-0.01105	-0.01923
26.3	-0.0109	-0.01937
26.4	-0.01089	-0.01934
26.5	-0.01095	-0.01959
26.6	-0.01081	-0.01974
26.7	-0.01073	-0.01955
26.8	-0.01062	-0.01952
26.9	-0.0105	-0.01928
27	-0.01048	-0.01932
27.1	-0.01059	-0.01953
27.2	-0.01058	-0.01955
27.3	-0.01069	-0.01983
27.4	-0.01095	-0.01981
27.5	-0.01094	-0.01986
27.6	-0.01087	-0.01999
27.7	-0.01087	-0.01994
27.8	-0.01109	-0.01988
27.9	-0.01117	-0.01994
28	-0.01104	-0.02004
28.1	-0.01088	-0.02012
28.2	-0.01094	-0.02029
28.3	-0.01105	-0.02053
28.4	-0.01151	-0.02058
28.5	-0.01147	-0.02075
28.6	-0.01169	-0.02062
28.7	-0.01153	-0.02068
28.8	-0.01134	-0.02078
28.9	-0.01133	-0.02079
29	-0.01142	-0.02074
29.1	-0.01148	-0.02071
29.2	-0.01161	-0.02073
29.3	-0.01158	-0.02069
29.4	-0.01155	-0.02037
29.5	-0.01141	-0.02032
29.6	-0.01138	-0.02049
29.7	-0.01153	-0.02075
29.8	-0.01152	-0.021
29.9	-0.0115	-0.021
30	-0.01152	-0.02119
30.1	-0.01173	-0.02112
30.2	-0.01204	-0.02095
30.3	-0.01188	-0.02098
30.4	-0.01182	-0.02103
30.5	-0.01184	-0.02075
30.6	-0.01185	-0.02072
30.7	-0.01187	-0.02074
30.8	-0.0119	-0.02064
30.9	-0.01211	-0.02059
31	-0.01183	-0.02065
31.1	-0.0117	-0.02087
31.2	-0.01156	-0.02095
31.3	-0.01154	-0.02142
31.4	-0.01177	-0.02156
31.5	-0.01174	-0.02156
31.6	-0.01149	-0.02147
31.7	-0.01167	-0.02156
31.8	-0.01139	-0.02146
31.9	-0.01137	-0.02157
32	-0.0113	-0.02156
32.1	-0.01122	-0.02191
32.2	-0.01127	-0.02197
32.3	-0.01106	-0.02193
32.4	-0.01107	-0.02189
32.5	-0.01074	-0.0219
32.6	-0.01034	-0.0221
32.7	-0.01026	-0.0224
32.8	-0.01011	-0.02268
32.9	-0.01018	-0.02266
33	-0.01023	-0.02268
33.1	-0.01012	-0.02263
33.2	-0.00999	-0.02278
33.3	-0.00993	-0.02302
33.4	-0.01003	-0.02324
33.5	-0.01001	-0.02344
33.6	-0.01003	-0.02352
33.7	-0.01	-0.02345
33.8	-0.00999	-0.02329
33.9	-0.01023	-0.0233
34	-0.01033	-0.0233
34.1	-0.0102	-0.02335
34.2	-0.0103	-0.02322
34.3	-0.01008	-0.02301
34.4	-0.00987	-0.02278
34.5	-0.00981	-0.02278
34.6	-0.00986	-0.02265
34.7	-0.00987	-0.02252
34.8	-0.00994	-0.02252
34.9	-0.00997	-0.02257
35	-0.01003	-0.0226
35.1	-0.01001	-0.02259
35.2	-0.01003	-0.02258
35.3	-0.00996	-0.02262
35.4	-0.01019	-0.02265
35.5	-0.01026	-0.02291
35.6	-0.01028	-0.02299
35.7	-0.00993	-0.02318
35.8	-0.00976	-0.02298
35.9	-0.00941	-0.02254
36	-0.00928	-0.02255
36.1	-0.00895	-0.02265
36.2	-0.00886	-0.02277
36.3	-0.0088	-0.02288
36.4	-0.00885	-0.02279
36.5	-0.00887	-0.02264
36.6	-0.00886	-0.02261
36.7	-0.00884	-0.02255
36.8	-0.0088	-0.02256
36.9	-0.00887	-0.02252
37	-0.00888	-0.02237
37.1	-0.00905	-0.02216
37.2	-0.00896	-0.02222
37.3	-0.00885	-0.02241
37.4	-0.00896	-0.02246
37.5	-0.0091	-0.0224
37.6	-0.00904	-0.02246
37.7	-0.00895	-0.02238
37.8	-0.00868	-0.02236
37.9	-0.0089	-0.02234
38	-0.00905	-0.02228
38.1	-0.00906	-0.02228
38.2	-0.00914	-0.0224
38.3	-0.0092	-0.02254
38.4	-0.0092	-0.02259
38.5	-0.00919	-0.02265
38.6	-0.00931	-0.02287
38.7	-0.0096	-0.02288
38.8	-0.00962	-0.02292
38.9	-0.00937	-0.02296
39	-0.00939	-0.02311
39.1	-0.00938	-0.0232
39.2	-0.00946	-0.02318
39.3	-0.00949	-0.02319
39.4	-0.00942	-0.02301
39.5	-0.00955	-0.02297
39.6	-0.00968	-0.02287
39.7	-0.0096	-0.02292
39.8	-0.00959	-0.02295
39.9	-0.00978	-0.02302
40	-0.00969	-0.02321
40.1	-0.00964	-0.02316
40.2	-0.00964	-0.02329
40.3	-0.00933	-0.02319
40.4	-0.00914	-0.02307
40.5	-0.0091	-0.0231
40.6	-0.00891	-0.0231
40.7	-0.00896	-0.02321
40.8	-0.00903	-0.02331
40.9	-0.00893	-0.02312
41	-0.00894	-0.02317
41.1	-0.00899	-0.0231
41.2	-0.00897	-0.02312
41.3	-0.00911	-0.02286
41.4	-0.00893	-0.02276
41.5	-0.00885	-0.02299
41.6	-0.0089	-0.02323
41.7	-0.0088	-0.02327
41.8	-0.00861	-0.02329
41.9	-0.00844	-0.02306
42	-0.00813	-0.02324
42.1	-0.00803	-0.02328
42.2	-0.00808	-0.02315
42.3	-0.00806	-0.02309
42.4	-0.00805	-0.0231
42.5	-0.00811	-0.02312
42.6	-0.00817	-0.02318
42.7	-0.00814	-0.02318
42.8	-0.00811	-0.02354
42.9	-0.00808	-0.02372
43	-0.00809	-0.0237
43.1	-0.00811	-0.02351
43.2	-0.00826	-0.02368
43.3	-0.00828	-0.02368
43.4	-0.00834	-0.0237
43.5	-0.00835	-0.02393
43.6	-0.00849	-0.02403
43.7	-0.00847	-0.02399
43.8	-0.00843	-0.02395
43.9	-0.00846	-0.02395
44	-0.00839	-0.02399
44.1	-0.00838	-0.02407
44.2	-0.00848	-0.02401
44.3	-0.00864	-0.02401
44.4	-0.00864	-0.02411
44.5	-0.00839	-0.02385
44.6	-0.00832	-0.02388
44.7	-0.00812	-0.02369
44.8	-0.00792	-0.02378
44.9	-0.00798	-0.02379
45	-0.00801	-0.02373
45.1	-0.00813	-0.02391
45.2	-0.008	-0.02373
45.3	-0.00795	-0.02378
45.4	-0.00793	-0.02375
45.5	-0.00791	-0.02377
45.6	-0.00797	-0.02372
45.7	-0.00805	-0.02379
45.8	-0.00827	-0.02381
45.9	-0.00825	-0.0239
46	-0.00824	-0.02396
46.1	-0.00823	-0.02393
46.2	-0.00829	-0.0239
46.3	-0.00848	-0.02421
46.4	-0.0087	-0.02424
46.5	-0.00867	-0.02416
46.6	-0.00866	-0.02418
46.7	-0.00867	-0.02416
46.8	-0.00853	-0.02421
46.9	-0.00829	-0.0241
47	-0.00802	-0.02409
47.1	-0.00785	-0.02412
47.2	-0.00802	-0.0241
47.3	-0.0079	-0.0242
47.4	-0.00787	-0.02446
47.5	-0.00784	-0.0242
47.6	-0.00792	-0.02422
47.7	-0.00808	-0.0242
47.8	-0.00801	-0.02402
47.9	-0.00819	-0.02406
48	-0.00848	-0.02417
48.1	-0.00873	-0.02423
48.2	-0.0087	-0.02452
48.3	-0.0087	-0.02455
48.4	-0.00871	-0.02462
48.5	-0.00876	-0.02477
48.6	-0.00872	-0.02482
48.7	-0.00867	-0.02482
48.8	-0.00847	-0.02475
48.9	-0.00845	-0.0248
49	-0.00848	-0.0248
49.1	-0.00846	-0.02477
49.2	-0.00842	-0.02466
49.3	-0.00847	-0.02466
49.4	-0.00836	-0.02469
49.5	-0.00839	-0.02468
49.6	-0.00842	-0.02454
49.7	-0.00831	-0.02453
49.8	-0.00813	-0.02455
49.9	-0.00804	-0.0245
50	-0.00814	-0.02462
50.1	-0.00808	-0.02469
50.2	-0.00807	-0.02483
50.3	-0.00828	-0.02464
50.4	-0.00824	-0.02468
50.5	-0.00834	-0.02467
50.6	-0.00841	-0.0246
50.7	-0.00831	-0.02446
50.8	-0.00818	-0.02448
50.9	-0.00793	-0.02444
51	-0.00785	-0.02429
51.1	-0.00781	-0.02434
51.2	-0.00783	-0.02426
51.3	-0.0079	-0.02427
51.4	-0.0078	-0.02456
51.5	-0.0078	-0.02459
51.6	-0.00778	-0.02461
51.7	-0.00787	-0.02467
51.8	-0.00789	-0.02469
51.9	-0.0079	-0.02463
52	-0.00787	-0.02464
52.1	-0.00777	-0.02468
52.2	-0.00784	-0.02479
52.3	-0.0078	-0.02497
52.4	-0.00774	-0.02466
52.5	-0.0078	-0.02449
52.6	-0.00782	-0.02423
52.7	-0.00798	-0.02416
52.8	-0.00794	-0.02416
52.9	-0.0079	-0.02394
53	-0.00793	-0.02395
53.1	-0.00802	-0.0241
53.2	-0.00792	-0.0241
53.3	-0.00773	-0.02418
53.4	-0.00784	-0.02421
53.5	-0.00768	-0.0242
53.6	-0.00769	-0.02421
53.7	-0.00771	-0.02435
53.8	-0.00774	-0.02451
53.9	-0.00771	-0.02467
54	-0.00754	-0.02492
54.1	-0.00723	-0.02484
54.2	-0.00741	-0.02486
54.3	-0.00754	-0.02486
54.4	-0.00745	-0.02487
54.5	-0.00734	-0.02485
54.6	-0.00732	-0.02485
54.7	-0.00735	-0.02488
54.8	-0.00743	-0.02489
54.9	-0.0074	-0.0249
55	-0.00737	-0.02491
55.1	-0.00731	-0.02487
55.2	-0.00745	-0.02488
55.3	-0.00743	-0.02463
55.4	-0.00741	-0.02482
55.5	-0.00743	-0.02485
55.6	-0.00744	-0.02493
55.7	-0.00736	-0.02494
55.8	-0.00735	-0.02498
55.9	-0.00733	-0.02526
56	-0.00736	-0.02523
56.1	-0.00731	-0.02543
56.2	-0.00733	-0.0254
56.3	-0.00732	-0.02536
56.4	-0.00755	-0.02526
56.5	-0.00774	-0.02513
56.6	-0.00773	-0.02529
56.7	-0.00791	-0.02536
56.8	-0.00792	-0.02528
56.9	-0.00817	-0.02489
57	-0.00809	-0.02514
57.1	-0.00821	-0.02526
57.2	-0.00821	-0.0252
57.3	-0.00826	-0.02521
57.4	-0.00831	-0.02526
57.5	-0.00836	-0.02524
57.6	-0.00835	-0.02523
57.7	-0.00835	-0.02522
57.8	-0.00838	-0.02529
57.9	-0.00841	-0.02535
58	-0.00858	-0.02539
58.1	-0.0086	-0.02531
58.2	-0.00858	-0.02514
58.3	-0.00858	-0.02529
58.4	-0.00855	-0.02524
58.5	-0.00862	-0.0252
58.6	-0.00864	-0.02515
58.7	-0.00871	-0.02494
58.8	-0.0086	-0.02483
58.9	-0.00857	-0.02468
59	-0.00869	-0.02434
59.1	-0.00867	-0.02419
59.2	-0.00865	-0.02404
59.3	-0.00864	-0.02381
59.4	-0.00859	-0.02386
59.5	-0.00862	-0.0239
59.6	-0.00864	-0.02401
59.7	-0.0086	-0.02407
59.8	-0.0086	-0.02412
59.9	-0.0086	-0.0242
60	-0.00862	-0.02441
60.1	-0.00864	-0.02461
60.2	-0.00859	-0.02464
60.3	-0.00861	-0.0247
60.4	-0.00859	-0.0248
60.5	-0.0086	-0.02478
60.6	-0.00868	-0.02482
60.7	-0.00894	-0.02482
60.8	-0.00899	-0.02495
60.9	-0.00888	-0.0249
61	-0.00889	-0.02502
61.1	-0.00882	-0.02515
61.2	-0.00872	-0.02501
61.3	-0.00875	-0.02494
61.4	-0.00887	-0.02494
61.5	-0.00902	-0.02495
61.6	-0.00917	-0.02506
61.7	-0.00913	-0.02513
61.8	-0.00916	-0.02537
61.9	-0.00923	-0.02538
62	-0.00931	-0.0254
62.1	-0.00929	-0.02543
62.2	-0.00936	-0.02534
62.3	-0.00921	-0.02544
62.4	-0.00914	-0.0255
62.5	-0.00921	-0.02539
62.6	-0.00918	-0.02546
62.7	-0.0092	-0.02554
62.8	-0.00915	-0.02556
62.9	-0.00904	-0.0255
63	-0.00912	-0.02563
63.1	-0.00922	-0.02568
63.2	-0.00923	-0.0258
63.3	-0.00934	-0.02563
63.4	-0.00961	-0.02564
63.5	-0.00971	-0.02579
63.6	-0.00952	-0.02563
63.7	-0.00941	-0.02553
63.8	-0.00943	-0.02556
63.9	-0.00929	-0.02561
64	-0.00922	-0.02565
64.1	-0.00923	-0.02563
64.2	-0.00921	-0.02544
64.3	-0.00896	-0.02546
64.4	-0.00896	-0.02552
64.5	-0.00889	-0.02547
64.6	-0.00882	-0.0255
64.7	-0.00884	-0.02554
64.8	-0.00878	-0.02557
64.9	-0.00867	-0.02557
65	-0.00872	-0.02563
65.1	-0.00869	-0.02558
65.2	-0.0088	-0.02561
65.3	-0.00884	-0.02561
65.4	-0.00876	-0.02562
65.5	-0.00872	-0.02559
65.6	-0.0086	-0.02559
65.7	-0.00874	-0.02557
65.8	-0.00891	-0.02559
65.9	-0.00902	-0.02561
66	-0.00903	-0.02559
66.1	-0.00908	-0.02559
66.2	-0.00914	-0.02561
66.3	-0.00921	-0.02558
66.4	-0.00917	-0.02557
66.5	-0.00916	-0.02546
66.6	-0.00914	-0.02527
66.7	-0.0091	-0.02532
66.8	-0.00912	-0.0253
66.9	-0.00918	-0.02536
67	-0.00952	-0.02554
67.1	-0.00954	-0.02557
67.2	-0.00934	-0.02565
67.3	-0.00922	-0.02569
67.4	-0.00919	-0.02578
67.5	-0.00922	-0.02573
67.6	-0.00925	-0.02595
67.7	-0.00927	-0.02582
67.8	-0.00927	-0.02593
67.9	-0.00932	-0.02565
68	-0.00946	-0.0256
68.1	-0.00956	-0.02561
68.2	-0.00936	-0.02559
68.3	-0.00938	-0.02547
68.4	-0.00933	-0.02543
68.5	-0.00922	-0.02536
68.6	-0.00914	-0.02546
68.7	-0.00907	-0.02558
68.8	-0.00906	-0.0256
68.9	-0.00896	-0.02562
69	-0.00895	-0.02565
69.1	-0.00894	-0.02537
69.2	-0.00888	-0.02547
69.3	-0.00879	-0.02552
69.4	-0.0087	-0.02536
69.5	-0.00869	-0.02544
69.6	-0.00881	-0.02548
69.7	-0.0087	-0.02556
69.8	-0.00877	-0.02551
69.9	-0.00866	-0.02548
70	-0.00865	-0.02532
70.1	-0.00873	-0.02533
70.2	-0.00872	-0.02537
70.3	-0.0087	-0.02552
70.4	-0.00867	-0.02542
70.5	-0.00865	-0.02549
70.6	-0.0086	-0.02552
70.7	-0.00874	-0.02551
70.8	-0.00873	-0.02549
70.9	-0.00871	-0.02548
71	-0.00882	-0.02526
71.1	-0.00883	-0.02523
71.2	-0.00886	-0.02525
71.3	-0.00894	-0.02538
71.4	-0.00904	-0.02528
71.5	-0.009	-0.02523
71.6	-0.00903	-0.02524
71.7	-0.00905	-0.0252
71.8	-0.0091	-0.0253
71.9	-0.00907	-0.02518
72	-0.00905	-0.02522
72.1	-0.00889	-0.02523
72.2	-0.00888	-0.02522
72.3	-0.00873	-0.02524
72.4	-0.00867	-0.02517
72.5	-0.00865	-0.02513
72.6	-0.00819	-0.02492
72.7	-0.00822	-0.02488
72.8	-0.00825	-0.0252
72.9	-0.00824	-0.02523
73	-0.00824	-0.02505
73.1	-0.00817	-0.02504
73.2	-0.00808	-0.02494
73.3	-0.00795	-0.02486
73.4	-0.008	-0.02497
73.5	-0.00801	-0.02513
73.6	-0.00812	-0.02532
73.7	-0.00799	-0.02517
73.8	-0.00803	-0.02515
73.9	-0.00813	-0.02519
74	-0.00814	-0.02522
74.1	-0.00808	-0.02511
74.2	-0.00803	-0.0249
74.3	-0.00796	-0.02491
74.4	-0.00803	-0.02512
74.5	-0.00812	-0.02513
74.6	-0.00819	-0.02506
74.7	-0.00828	-0.02499
74.8	-0.00823	-0.0249
74.9	-0.00821	-0.02485
75	-0.00824	-0.0249
75.1	-0.00827	-0.02494
75.2	-0.00826	-0.02493
75.3	-0.00825	-0.02498
75.4	-0.00818	-0.02518
75.5	-0.00821	-0.02519
75.6	-0.00826	-0.02533
75.7	-0.00836	-0.0253
75.8	-0.00838	-0.02538
75.9	-0.00862	-0.0255
76	-0.00862	-0.02534
76.1	-0.00868	-0.02522
76.2	-0.00874	-0.02527
76.3	-0.00874	-0.02535
76.4	-0.00866	-0.0253
76.5	-0.00863	-0.02531
76.6	-0.00866	-0.02546
76.7	-0.00875	-0.02544
76.8	-0.00874	-0.02559
76.9	-0.00883	-0.02561
77	-0.00872	-0.02575
77.1	-0.00876	-0.02581
77.2	-0.00865	-0.02592
77.3	-0.0085	-0.02585
77.4	-0.00859	-0.02579
77.5	-0.00843	-0.02566
77.6	-0.00836	-0.0254
77.7	-0.00832	-0.02515
77.8	-0.00831	-0.02518
77.9	-0.00833	-0.02512
78	-0.00828	-0.02497
78.1	-0.00823	-0.02494
78.2	-0.00826	-0.02477
78.3	-0.00824	-0.02478
78.4	-0.00833	-0.02475
78.5	-0.00836	-0.02475
78.6	-0.00829	-0.02458
78.7	-0.00825	-0.02453
78.8	-0.00823	-0.0247
78.9	-0.008	-0.02478
79	-0.00801	-0.02478
79.1	-0.00805	-0.02477
79.2	-0.0079	-0.02485
79.3	-0.00781	-0.02471
79.4	-0.00785	-0.02479
79.5	-0.00813	-0.02483
79.6	-0.00793	-0.02478
79.7	-0.00787	-0.02489
79.8	-0.00792	-0.02483
79.9	-0.00786	-0.02481
80	-0.0078	-0.02484
80.1	-0.00772	-0.02462
80.2	-0.0077	-0.02422
80.3	-0.00748	-0.02429
80.4	-0.00744	-0.02415
80.5	-0.00749	-0.02407
80.6	-0.00744	-0.02386
80.7	-0.00747	-0.02385
80.8	-0.00739	-0.02376
80.9	-0.00742	-0.02369
81	-0.00748	-0.02371
81.1	-0.00787	-0.02382
81.2	-0.00795	-0.02401
81.3	-0.00788	-0.02399
81.4	-0.00779	-0.02392
81.5	-0.00773	-0.02402
81.6	-0.00779	-0.02415
81.7	-0.0078	-0.02419
81.8	-0.00777	-0.02416
81.9	-0.00782	-0.02407
82	-0.00778	-0.02406
82.1	-0.00776	-0.02417
82.2	-0.00751	-0.02401
82.3	-0.0074	-0.02397
82.4	-0.00741	-0.02412
82.5	-0.00749	-0.02424
82.6	-0.00758	-0.02445
82.7	-0.00752	-0.02414
82.8	-0.00745	-0.0241
82.9	-0.00754	-0.02421
83	-0.00757	-0.02434
83.1	-0.00758	-0.02437
83.2	-0.00755	-0.02436
83.3	-0.00765	-0.02427
83.4	-0.00775	-0.02418
83.5	-0.00779	-0.02427
83.6	-0.00777	-0.02465
83.7	-0.00772	-0.02494
83.8	-0.00772	-0.02493
83.9	-0.00758	-0.02491
84	-0.00757	-0.0249
84.1	-0.0077	-0.02496
84.2	-0.0077	-0.0251
84.3	-0.00764	-0.02542
84.4	-0.00751	-0.02539
84.5	-0.00757	-0.02512
84.6	-0.00754	-0.02509
84.7	-0.00748	-0.02527
84.8	-0.00744	-0.02511
84.9	-0.00775	-0.02505
85	-0.00805	-0.0249
85.1	-0.00801	-0.02481
85.2	-0.00786	-0.02489
85.3	-0.00796	-0.02482
85.4	-0.00802	-0.02472
85.5	-0.0081	-0.02463
85.6	-0.00795	-0.02475
85.7	-0.00792	-0.02472
85.8	-0.00792	-0.02473
85.9	-0.0079	-0.02466
86	-0.00773	-0.02469
86.1	-0.00773	-0.02467
86.2	-0.00782	-0.02462
86.3	-0.00785	-0.02472
86.4	-0.00787	-0.0244
86.5	-0.00799	-0.0244
86.6	-0.00802	-0.02444
86.7	-0.008	-0.02448
86.8	-0.00803	-0.02444
86.9	-0.00804	-0.02444
87	-0.00792	-0.02442
87.1	-0.00793	-0.02461
87.2	-0.00789	-0.02467
87.3	-0.00785	-0.02469
87.4	-0.00782	-0.02468
87.5	-0.00782	-0.02463
87.6	-0.00784	-0.02462
87.7	-0.00787	-0.02452
87.8	-0.008	-0.02469
87.9	-0.00824	-0.02472
88	-0.00832	-0.02459
88.1	-0.00835	-0.02455
88.2	-0.00831	-0.02451
88.3	-0.00826	-0.02446
88.4	-0.00819	-0.02446
88.5	-0.00794	-0.02466
88.6	-0.00803	-0.02467
88.7	-0.00807	-0.0247
88.8	-0.00802	-0.02467
88.9	-0.00805	-0.02468
89	-0.00804	-0.02468
89.1	-0.00806	-0.02467
89.2	-0.00714	-0.02478
89.3	-0.00755	-0.02478
89.4	-0.00735	-0.02489
89.5	-0.00798	-0.02508
89.6	-0.00803	-0.02508
89.7	-0.00814	-0.0251
89.8	-0.00814	-0.02511
89.9	-0.00815	-0.02507
90	-0.0082	-0.02509
90.1	-0.00827	-0.02526
90.2	-0.00735	-0.02509
90.3	-0.00755	-0.0252
90.4	-0.00766	-0.0253
90.5	-0.00755	-0.02478
90.6	-0.00823	-0.02482
90.7	-0.00735	-0.02478
90.8	-0.00786	-0.02509
90.9	-0.00785	-0.02511
91	-0.00784	-0.02517
91.1	-0.00788	-0.02515
91.2	-0.00817	-0.02508
91.3	-0.00791	-0.02508
91.4	-0.00789	-0.02509
91.5	-0.00787	-0.02509
91.6	-0.00782	-0.02534
91.7	-0.00771	-0.02548
91.8	-0.00748	-0.02554
91.9	-0.00751	-0.02571
92	-0.00751	-0.02566
92.1	-0.00747	-0.02563
92.2	-0.0075	-0.02559
92.3	-0.00751	-0.02562
92.4	-0.00754	-0.02557
92.5	-0.00753	-0.02552
92.6	-0.00728	-0.02561
92.7	-0.00701	-0.02546
92.8	-0.00705	-0.02544
92.9	-0.00719	-0.02553
93	-0.0073	-0.02555
93.1	-0.00731	-0.02544
93.2	-0.00725	-0.0254
93.3	-0.00731	-0.02545
93.4	-0.00747	-0.02532
93.5	-0.00752	-0.02537
93.6	-0.00752	-0.02532
93.7	-0.00749	-0.02531
93.8	-0.0075	-0.0253
93.9	-0.00762	-0.02541
94	-0.00757	-0.02545
94.1	-0.00766	-0.02545
94.2	-0.0077	-0.0255
94.3	-0.00778	-0.02541
94.4	-0.00771	-0.02547
94.5	-0.00752	-0.02531
94.6	-0.00754	-0.02528
94.7	-0.00756	-0.02533
94.8	-0.00744	-0.02575
94.9	-0.00741	-0.02582
95	-0.0074	-0.02582
95.1	-0.00733	-0.02588
95.2	-0.0073	-0.02588
95.3	-0.00725	-0.02588
95.4	-0.00698	-0.02604
95.5	-0.00698	-0.02601
95.6	-0.00728	-0.02582
95.7	-0.00727	-0.02578
95.8	-0.0071	-0.02584
95.9	-0.00718	-0.02581
96	-0.00705	-0.02583
96.1	-0.00716	-0.02573
96.2	-0.00715	-0.02574
96.3	-0.00696	-0.02546
96.4	-0.00667	-0.02541
96.5	-0.00666	-0.02546
96.6	-0.00669	-0.02541
96.7	-0.00665	-0.02534
96.8	-0.00694	-0.02518
96.9	-0.00708	-0.02526
97	-0.00706	-0.02531
97.1	-0.007	-0.02517
97.2	-0.00699	-0.02514
97.3	-0.00703	-0.02511
97.4	-0.00718	-0.02505
97.5	-0.00737	-0.02523
97.6	-0.00708	-0.02525
97.7	-0.00707	-0.02523
97.8	-0.00706	-0.02522
97.9	-0.00705	-0.02519
98	-0.00707	-0.02517
98.1	-0.00718	-0.02508
98.2	-0.00712	-0.02502
98.3	-0.00702	-0.02478
98.4	-0.00698	-0.02474
98.5	-0.00703	-0.02474
98.6	-0.00704	-0.0248
98.7	-0.00711	-0.02493
98.8	-0.00705	-0.02501
98.9	-0.00709	-0.02501
99	-0.00704	-0.02518
99.1	-0.00705	-0.02507
99.2	-0.00708	-0.02496
99.3	-0.00708	-0.02486
99.4	-0.00701	-0.02488
99.5	-0.00695	-0.02493
99.6	-0.00705	-0.02489
99.7	-0.00702	-0.02489
99.8	-0.0069	-0.02487
99.9	-0.00691	-0.02485
100	-0.00697	-0.02463
100.1	-0.00709	-0.02458
100.2	-0.00699	-0.02467
100.3	-0.00702	-0.02465
100.4	-0.00703	-0.02455
100.5	-0.00695	-0.02455
100.6	-0.00684	-0.02453
100.7	-0.00694	-0.02447
100.8	-0.00694	-0.02452
100.9	-0.00661	-0.02441
101	-0.00654	-0.02444
101.1	-0.00657	-0.02444
101.2	-0.00654	-0.02438
101.3	-0.00654	-0.02439
101.4	-0.00653	-0.02449
101.5	-0.00654	-0.02448
101.6	-0.0066	-0.02441
101.7	-0.00653	-0.02455
101.8	-0.00659	-0.02447
101.9	-0.00659	-0.02448
102	-0.00659	-0.02453
102.1	-0.00651	-0.02452
102.2	-0.00645	-0.02461
102.3	-0.00628	-0.02482
102.4	-0.00644	-0.025
102.5	-0.00649	-0.02495
102.6	-0.00648	-0.02512
102.7	-0.00652	-0.0251
102.8	-0.00647	-0.02513
102.9	-0.00648	-0.02511
103	-0.00642	-0.02518
103.1	-0.00651	-0.02516
103.2	-0.00647	-0.02516
103.3	-0.00644	-0.02518
103.4	-0.00651	-0.02511
103.5	-0.00651	-0.02509
103.6	-0.00655	-0.0251
103.7	-0.00663	-0.02502
103.8	-0.0066	-0.02467
103.9	-0.00661	-0.02459
104	-0.00656	-0.0247
104.1	-0.00662	-0.02471
104.2	-0.00666	-0.02471
104.3	-0.00674	-0.02475
104.4	-0.00678	-0.02461
104.5	-0.00695	-0.02466
104.6	-0.00697	-0.0248
104.7	-0.00699	-0.02472
104.8	-0.007	-0.02471
104.9	-0.00697	-0.02461
105	-0.00697	-0.02457
105.1	-0.00727	-0.0245
105.2	-0.00717	-0.02459
105.3	-0.00721	-0.02464
105.4	-0.00719	-0.0246
105.5	-0.00723	-0.02457
105.6	-0.00727	-0.02451
105.7	-0.00706	-0.02455
105.8	-0.00698	-0.02467
105.9	-0.00677	-0.02456
106	-0.00666	-0.02454
106.1	-0.00653	-0.02464
106.2	-0.00669	-0.02459
106.3	-0.00674	-0.02462
106.4	-0.00686	-0.02468
106.5	-0.00678	-0.02472
106.6	-0.00672	-0.02477
106.7	-0.00687	-0.02476
106.8	-0.0068	-0.02473
106.9	-0.00673	-0.0247
107	-0.00667	-0.02475
107.1	-0.0067	-0.02468
107.2	-0.00673	-0.02465
107.3	-0.00671	-0.02465
107.4	-0.00665	-0.02464
107.5	-0.00691	-0.02468
107.6	-0.00675	-0.02461
107.7	-0.00672	-0.02441
107.8	-0.00687	-0.02436
107.9	-0.00668	-0.02454
108	-0.00667	-0.02458
108.1	-0.00689	-0.02468
108.2	-0.00686	-0.02462
108.3	-0.00675	-0.02463
108.4	-0.00674	-0.02471
108.5	-0.00671	-0.02462
108.6	-0.00674	-0.02464
108.7	-0.00683	-0.02478
108.8	-0.00672	-0.02481
108.9	-0.00665	-0.02475
109	-0.00677	-0.02491
109.1	-0.00693	-0.02487
109.2	-0.00687	-0.02496
109.3	-0.00675	-0.02489
109.4	-0.00667	-0.02498
109.5	-0.0066	-0.02511
109.6	-0.00671	-0.02513
109.7	-0.0067	-0.02512
109.8	-0.00695	-0.0253
109.9	-0.00699	-0.02521
110	-0.00698	-0.02522
110.1	-0.00694	-0.02525
110.2	-0.00689	-0.02533
110.3	-0.00689	-0.02529
110.4	-0.00693	-0.02534
110.5	-0.00694	-0.02536
110.6	-0.00692	-0.02535
110.7	-0.00694	-0.02535
110.8	-0.00697	-0.02529
110.9	-0.00697	-0.02526
111	-0.00697	-0.02511
111.1	-0.00698	-0.02509
111.2	-0.00699	-0.02519
111.3	-0.00694	-0.02508
111.4	-0.00683	-0.02511
111.5	-0.00686	-0.02506
111.6	-0.00677	-0.0251
111.7	-0.00683	-0.02506
111.8	-0.00677	-0.02502
111.9	-0.00679	-0.025
112	-0.00679	-0.02505
112.1	-0.00689	-0.02514
112.2	-0.00691	-0.02512
112.3	-0.00685	-0.02508
112.4	-0.0068	-0.02508
112.5	-0.00681	-0.02508
112.6	-0.00686	-0.02511
112.7	-0.00682	-0.02524
112.8	-0.00689	-0.02513
112.9	-0.00728	-0.02506
113	-0.00724	-0.02506
113.1	-0.00694	-0.02507
113.2	-0.00713	-0.02504
113.3	-0.00719	-0.02505
113.4	-0.00731	-0.02482
113.5	-0.00733	-0.02485
113.6	-0.00746	-0.02474
113.7	-0.00726	-0.02477
113.8	-0.00718	-0.02466
113.9	-0.00716	-0.02459
114	-0.00714	-0.02453
114.1	-0.0071	-0.0245
114.2	-0.00707	-0.0244
114.3	-0.00698	-0.02435
114.4	-0.00693	-0.02437
114.5	-0.00674	-0.02423
114.6	-0.0067	-0.02424
114.7	-0.0067	-0.02422
114.8	-0.0067	-0.02415
114.9	-0.00699	-0.02412
115	-0.00688	-0.02411
115.1	-0.00693	-0.02414
115.2	-0.00675	-0.02414
115.3	-0.00672	-0.02416
115.4	-0.00669	-0.02406
115.5	-0.00664	-0.02398
115.6	-0.00652	-0.02387
115.7	-0.00661	-0.0239
115.8	-0.00684	-0.02391
115.9	-0.00701	-0.02381
116	-0.00704	-0.02377
116.1	-0.00721	-0.0237
116.2	-0.00702	-0.02373
116.3	-0.00705	-0.02373
116.4	-0.00722	-0.02367
116.5	-0.00719	-0.0238
116.6	-0.00723	-0.02397
116.7	-0.00724	-0.02391
116.8	-0.00704	-0.02399
116.9	-0.00667	-0.02418
117	-0.00664	-0.02434
117.1	-0.00676	-0.02438
117.2	-0.00671	-0.02445
117.3	-0.00668	-0.02445
117.4	-0.00666	-0.02437
117.5	-0.00688	-0.02421
117.6	-0.00695	-0.02421
117.7	-0.00698	-0.0242
117.8	-0.00711	-0.02426
117.9	-0.00708	-0.02437
118	-0.00698	-0.02425
118.1	-0.00699	-0.02425
118.2	-0.00693	-0.02422
118.3	-0.00696	-0.02408
118.4	-0.00722	-0.02416
118.5	-0.00711	-0.0243
118.6	-0.00693	-0.02423
118.7	-0.00692	-0.02423
118.8	-0.00695	-0.02426
118.9	-0.0069	-0.02422
119	-0.00671	-0.0242
119.1	-0.00655	-0.02425
119.2	-0.00669	-0.02419
119.3	-0.0067	-0.02433
119.4	-0.00665	-0.02435
119.5	-0.0069	-0.02425
119.6	-0.00693	-0.0242
119.7	-0.00693	-0.02412
119.8	-0.00683	-0.02419
119.9	-0.00686	-0.02415
120	-0.00677	-0.02414
120.1	-0.00683	-0.02419
120.2	-0.00695	-0.02427
120.3	-0.00705	-0.02429
120.4	-0.00698	-0.0243
120.5	-0.00689	-0.0243
120.6	-0.00695	-0.02436
120.7	-0.00698	-0.0244
120.8	-0.00697	-0.02439
120.9	-0.00717	-0.02434
121	-0.00733	-0.02431
121.1	-0.00733	-0.02422
121.2	-0.00731	-0.02429
121.3	-0.00728	-0.02429
121.4	-0.00727	-0.02429
121.5	-0.00731	-0.02426
121.6	-0.00728	-0.02431
121.7	-0.00728	-0.02431
121.8	-0.00734	-0.02432
121.9	-0.00731	-0.0244
122	-0.00725	-0.0244
122.1	-0.00727	-0.0244
122.2	-0.00729	-0.02445
122.3	-0.00709	-0.02438
122.4	-0.00699	-0.02456
122.5	-0.00714	-0.02463
122.6	-0.00717	-0.02465
122.7	-0.00718	-0.02466
122.8	-0.00721	-0.02468
122.9	-0.00722	-0.02459
123	-0.00721	-0.02461
123.1	-0.00722	-0.02463
123.2	-0.0073	-0.02475
123.3	-0.0073	-0.02474
123.4	-0.00723	-0.02463
123.5	-0.00698	-0.0247
123.6	-0.00688	-0.02488
123.7	-0.00696	-0.0249
123.8	-0.00694	-0.0249
123.9	-0.00691	-0.02465
124	-0.0069	-0.02461
124.1	-0.00682	-0.02465
124.2	-0.00683	-0.02465
124.3	-0.00683	-0.0246
124.4	-0.00706	-0.0244
124.5	-0.00699	-0.02434
124.6	-0.00679	-0.02437
124.7	-0.00675	-0.02446
124.8	-0.0067	-0.02447
124.9	-0.00695	-0.02435
125	-0.00724	-0.0244
125.1	-0.00735	-0.02444
125.2	-0.0074	-0.02441
125.3	-0.00743	-0.02433
125.4	-0.00739	-0.02419
125.5	-0.00732	-0.02428
125.6	-0.00741	-0.0243
125.7	-0.00737	-0.02421
125.8	-0.0074	-0.02409
125.9	-0.00743	-0.02409
126	-0.00738	-0.02416
126.1	-0.00738	-0.02417
126.2	-0.00741	-0.02418
126.3	-0.0073	-0.02402
126.4	-0.00712	-0.02425
126.5	-0.00721	-0.02433
126.6	-0.00726	-0.02429
126.7	-0.00736	-0.02425
126.8	-0.00755	-0.02421
126.9	-0.00759	-0.02419
127	-0.00764	-0.0242
127.1	-0.00762	-0.02417
127.2	-0.0076	-0.02422
127.3	-0.00764	-0.0242
127.4	-0.0076	-0.02426
127.5	-0.00762	-0.02418
127.6	-0.00761	-0.02419
127.7	-0.00744	-0.02424
127.8	-0.00748	-0.02431
127.9	-0.00747	-0.02458
128	-0.00751	-0.02468
128.1	-0.00751	-0.02466
128.2	-0.00751	-0.02469
128.3	-0.00751	-0.02472
128.4	-0.00728	-0.02475
128.5	-0.0073	-0.02476
128.6	-0.00715	-0.02472
128.7	-0.00701	-0.02486
128.8	-0.00689	-0.02496
128.9	-0.00693	-0.02482
129	-0.0068	-0.02484
129.1	-0.00682	-0.02486
129.2	-0.00678	-0.02486
129.3	-0.0068	-0.02487
129.4	-0.00681	-0.02487
129.5	-0.00682	-0.02488
129.6	-0.00686	-0.02492
129.7	-0.00706	-0.02493
129.8	-0.00694	-0.02501
129.9	-0.00692	-0.02497
130	-0.007	-0.02496
130.1	-0.00698	-0.02482
130.2	-0.00695	-0.02474
130.3	-0.00699	-0.02459
130.4	-0.00691	-0.02471
130.5	-0.00695	-0.02477
130.6	-0.00689	-0.02499
130.7	-0.00684	-0.02478
130.8	-0.00663	-0.02464
130.9	-0.00661	-0.02464
131	-0.00669	-0.02467
131.1	-0.00675	-0.02466
131.2	-0.00673	-0.02465
131.3	-0.00673	-0.02463
131.4	-0.00672	-0.02464
131.5	-0.00666	-0.02469
131.6	-0.00669	-0.02498
131.7	-0.00671	-0.02508
131.8	-0.00681	-0.02505
131.9	-0.00684	-0.02511
132	-0.0068	-0.02535
132.1	-0.00673	-0.02532
132.2	-0.00683	-0.02533
132.3	-0.00699	-0.02532
132.4	-0.0069	-0.02535
132.5	-0.00688	-0.02553
132.6	-0.00692	-0.02562
132.7	-0.00689	-0.02559
132.8	-0.00689	-0.02554
132.9	-0.00689	-0.02561
133	-0.00691	-0.02555
133.1	-0.00685	-0.02515
133.2	-0.00689	-0.02511
133.3	-0.00679	-0.02513
133.4	-0.0068	-0.02511
133.5	-0.00683	-0.02511
133.6	-0.00682	-0.02516
133.7	-0.00687	-0.0254
133.8	-0.00694	-0.02528
133.9	-0.00697	-0.02539
134	-0.00711	-0.02556
134.1	-0.0073	-0.02559
134.2	-0.00732	-0.02527
134.3	-0.00731	-0.02529
134.4	-0.00728	-0.02542
134.5	-0.00728	-0.0254
134.6	-0.00731	-0.02529
134.7	-0.00732	-0.02532
134.8	-0.00731	-0.02539
134.9	-0.00726	-0.02542
135	-0.00715	-0.02552
135.1	-0.00718	-0.02544
135.2	-0.0069	-0.02517
135.3	-0.00681	-0.02504
135.4	-0.00695	-0.02498
135.5	-0.00693	-0.02484
135.6	-0.00682	-0.0248
135.7	-0.0068	-0.02486
135.8	-0.00699	-0.0249
135.9	-0.00692	-0.02475
136	-0.00694	-0.02453
136.1	-0.00679	-0.02418
136.2	-0.00693	-0.0243
136.3	-0.00693	-0.02422
136.4	-0.007	-0.02453
136.5	-0.00689	-0.02481
136.6	-0.00693	-0.02469
136.7	-0.00692	-0.02469
136.8	-0.00695	-0.02469
136.9	-0.00707	-0.02483
137	-0.00737	-0.02487
137.1	-0.00742	-0.02481
137.2	-0.00744	-0.02472
137.3	-0.00762	-0.02477
137.4	-0.00781	-0.02487
137.5	-0.00772	-0.02474
137.6	-0.00748	-0.02479
137.7	-0.00751	-0.02478
137.8	-0.00752	-0.02475
137.9	-0.00751	-0.02478
138	-0.00753	-0.02477
138.1	-0.0073	-0.02485
138.2	-0.00732	-0.02488
138.3	-0.00738	-0.02498
138.4	-0.00747	-0.02488
138.5	-0.00748	-0.02482
138.6	-0.00748	-0.02483
138.7	-0.00749	-0.02485
138.8	-0.0074	-0.02485
138.9	-0.00736	-0.02498
139	-0.00746	-0.02496
139.1	-0.0074	-0.02485
139.2	-0.00751	-0.02488
139.3	-0.0075	-0.02486
139.4	-0.00751	-0.02485
139.5	-0.00752	-0.02486
139.6	-0.00757	-0.02488
139.7	-0.00751	-0.02488
139.8	-0.00765	-0.02502
139.9	-0.00747	-0.02484
140	-0.00726	-0.02484
140.1	-0.00723	-0.02481
140.2	-0.00749	-0.02485
140.3	-0.00742	-0.02487
140.4	-0.00731	-0.02486
140.5	-0.00737	-0.02446
140.6	-0.00739	-0.02437
140.7	-0.00737	-0.02438
140.8	-0.00734	-0.02435
140.9	-0.00731	-0.02436
141	-0.00699	-0.02432
141.1	-0.00691	-0.02426
141.2	-0.00694	-0.02425
141.3	-0.00694	-0.02426
141.4	-0.00688	-0.02419
141.5	-0.0069	-0.02425
141.6	-0.00691	-0.02424
141.7	-0.00693	-0.02427
141.8	-0.00698	-0.02427
141.9	-0.00694	-0.02428
142	-0.0067	-0.0244
142.1	-0.00666	-0.02444
142.2	-0.00673	-0.02448
142.3	-0.00679	-0.02458
142.4	-0.00676	-0.02454
142.5	-0.00678	-0.0245
142.6	-0.0068	-0.02457
142.7	-0.00677	-0.02476
142.8	-0.00679	-0.02451
142.9	-0.00697	-0.02456
143	-0.00724	-0.02452
143.1	-0.00753	-0.02454
143.2	-0.00754	-0.02483
143.3	-0.00743	-0.02495
143.4	-0.00723	-0.02498
143.5	-0.00715	-0.02499
143.6	-0.00727	-0.02499
143.7	-0.00727	-0.02503
143.8	-0.00746	-0.02504
143.9	-0.00737	-0.02507
144	-0.00742	-0.025
144.1	-0.0074	-0.0249
144.2	-0.00724	-0.02494
144.3	-0.00711	-0.02507
144.4	-0.007	-0.02508
144.5	-0.00705	-0.02518
144.6	-0.00706	-0.02513
144.7	-0.00705	-0.02505
144.8	-0.00714	-0.02505
144.9	-0.00717	-0.02506
145	-0.007	-0.0251
145.1	-0.00704	-0.02511
145.2	-0.00711	-0.02514
145.3	-0.00704	-0.0251
145.4	-0.00703	-0.02506
145.5	-0.00704	-0.02506
145.6	-0.00701	-0.02476
145.7	-0.00708	-0.02484
145.8	-0.0071	-0.02484
145.9	-0.00724	-0.02482
146	-0.007	-0.02456
146.1	-0.0069	-0.02478
146.2	-0.00679	-0.02481
146.3	-0.0067	-0.02493
146.4	-0.00664	-0.02499
146.5	-0.00659	-0.02504
146.6	-0.00667	-0.02498
146.7	-0.00653	-0.02497
146.8	-0.00646	-0.02498
146.9	-0.00637	-0.02501
147	-0.00634	-0.02502
147.1	-0.00638	-0.02507
147.2	-0.00625	-0.02526
147.3	-0.00627	-0.02508
147.4	-0.00629	-0.02502
147.5	-0.00645	-0.02511
147.6	-0.00657	-0.02524
147.7	-0.00655	-0.02535
147.8	-0.00658	-0.02546
147.9	-0.00659	-0.02525
148	-0.00663	-0.02525
148.1	-0.00664	-0.02525
148.2	-0.00664	-0.02525
148.3	-0.00672	-0.02545
148.4	-0.00672	-0.02541
148.5	-0.00665	-0.02539
148.6	-0.00665	-0.02527
148.7	-0.00658	-0.02529
148.8	-0.00643	-0.02515
148.9	-0.00661	-0.02506
149	-0.00663	-0.02508
149.1	-0.00663	-0.02513
149.2	-0.00642	-0.02518
149.3	-0.00641	-0.02517
149.4	-0.00624	-0.02526
149.5	-0.00608	-0.02528
149.6	-0.006	-0.02524
149.7	-0.00594	-0.02524
149.8	-0.00596	-0.02514
149.9	-0.00606	-0.02511
150	-0.00611	-0.02503
150.1	-0.00599	-0.02503
150.2	-0.00595	-0.02499
150.3	-0.00604	-0.02496
150.4	-0.00609	-0.02484
150.5	-0.00634	-0.02478
150.6	-0.00622	-0.02477
150.7	-0.00635	-0.02477
150.8	-0.00638	-0.02481
150.9	-0.00629	-0.02487
151	-0.00629	-0.02509
151.1	-0.0063	-0.0251
151.2	-0.00628	-0.02515
151.3	-0.00596	-0.02505
151.4	-0.006	-0.02497
151.5	-0.00593	-0.02503
151.6	-0.00585	-0.02487
151.7	-0.00586	-0.02471
151.8	-0.00581	-0.02463
151.9	-0.00583	-0.02464
152	-0.00582	-0.02465
152.1	-0.0058	-0.02466
152.2	-0.00578	-0.02471
152.3	-0.00574	-0.02502
152.4	-0.00573	-0.025
152.5	-0.00575	-0.02482
152.6	-0.0057	-0.02488
152.7	-0.0057	-0.02478
152.8	-0.00568	-0.02484
152.9	-0.0057	-0.025
153	-0.00584	-0.02503
153.1	-0.00589	-0.02503
153.2	-0.00628	-0.02498
153.3	-0.00613	-0.02489
153.4	-0.00608	-0.02491
153.5	-0.00622	-0.02489
153.6	-0.00634	-0.02485
153.7	-0.00612	-0.02475
153.8	-0.00612	-0.02477
153.9	-0.00593	-0.02475
154	-0.00603	-0.025
154.1	-0.00596	-0.02506
154.2	-0.00593	-0.0251
154.3	-0.00595	-0.02516
154.4	-0.00604	-0.02513
154.5	-0.00601	-0.02512
154.6	-0.0059	-0.02513
154.7	-0.00586	-0.02509
154.8	-0.00574	-0.02493
154.9	-0.00562	-0.02496
155	-0.00562	-0.02492
155.1	-0.00564	-0.02492
155.2	-0.00573	-0.02498
155.3	-0.00586	-0.02499
155.4	-0.00575	-0.02504
155.5	-0.00603	-0.0251
155.6	-0.00618	-0.02497
155.7	-0.0064	-0.02491
155.8	-0.00648	-0.02484
155.9	-0.00658	-0.02491
156	-0.00663	-0.02502
156.1	-0.00663	-0.02499
156.2	-0.00666	-0.02473
156.3	-0.00668	-0.02459
156.4	-0.00674	-0.02457
156.5	-0.0074	-0.02453
156.6	-0.00731	-0.02473
156.7	-0.00717	-0.02469
156.8	-0.00729	-0.02474
156.9	-0.00736	-0.02508
157	-0.00733	-0.02521
157.1	-0.00718	-0.02509
157.2	-0.00715	-0.02516
157.3	-0.00688	-0.02548
157.4	-0.0068	-0.0255
157.5	-0.00677	-0.0255
157.6	-0.00674	-0.02549
157.7	-0.00661	-0.02547
157.8	-0.0066	-0.02542
157.9	-0.00665	-0.02543
158	-0.00667	-0.02548
158.1	-0.00675	-0.02529
158.2	-0.00667	-0.02525
158.3	-0.00673	-0.02516
158.4	-0.00673	-0.02508
158.5	-0.00669	-0.02488
158.6	-0.00664	-0.02488
158.7	-0.0067	-0.02502
158.8	-0.00674	-0.02507
158.9	-0.00679	-0.02504
159	-0.00678	-0.02495
159.1	-0.00674	-0.02504
159.2	-0.00664	-0.02501
159.3	-0.00642	-0.02498
159.4	-0.00647	-0.02499
159.5	-0.00638	-0.02523
159.6	-0.00654	-0.02522
159.7	-0.00659	-0.02522
159.8	-0.00662	-0.02525
159.9	-0.00667	-0.02524
160	-0.00663	-0.02526
160.1	-0.00664	-0.02525
160.2	-0.00672	-0.02541
160.3	-0.00673	-0.02543
160.4	-0.00674	-0.02547
160.5	-0.00666	-0.02528
160.6	-0.00671	-0.02522
160.7	-0.00661	-0.02535
160.8	-0.00659	-0.02537
160.9	-0.00659	-0.02533
161	-0.00661	-0.02515
161.1	-0.00655	-0.02511
161.2	-0.00648	-0.02517
161.3	-0.00639	-0.02519
161.4	-0.00639	-0.02539
161.5	-0.00622	-0.02536
161.6	-0.00614	-0.02524
161.7	-0.00607	-0.02539
161.8	-0.00604	-0.02537
161.9	-0.00611	-0.02536
162	-0.00605	-0.0253
162.1	-0.00601	-0.02522
162.2	-0.00603	-0.02535
162.3	-0.00602	-0.02542
162.4	-0.00607	-0.02538
162.5	-0.00614	-0.02529
162.6	-0.00602	-0.02519
162.7	-0.00609	-0.02519
162.8	-0.00632	-0.02521
162.9	-0.00653	-0.02522
163	-0.00663	-0.02529
163.1	-0.00678	-0.02516
163.2	-0.00664	-0.02508
163.3	-0.00656	-0.02507
163.4	-0.0066	-0.02508
163.5	-0.00649	-0.02508
163.6	-0.00647	-0.02514
163.7	-0.00649	-0.02515
163.8	-0.00651	-0.02516
163.9	-0.00663	-0.02509
164	-0.00666	-0.02511
164.1	-0.00663	-0.02529
164.2	-0.00634	-0.02549
164.3	-0.00646	-0.02542
164.4	-0.00658	-0.02535
164.5	-0.00654	-0.02534
164.6	-0.00662	-0.02529
164.7	-0.00663	-0.02525
164.8	-0.00658	-0.0252
164.9	-0.00634	-0.0252
165	-0.00641	-0.0252
165.1	-0.00623	-0.02523
165.2	-0.00619	-0.02523
165.3	-0.00622	-0.0253
165.4	-0.00617	-0.02528
165.5	-0.00619	-0.02522
165.6	-0.00635	-0.02523
165.7	-0.00635	-0.02525
165.8	-0.00653	-0.02529
165.9	-0.00651	-0.02527
166	-0.00656	-0.02548
166.1	-0.00662	-0.02553
166.2	-0.00654	-0.02556
166.3	-0.00669	-0.0256
166.4	-0.00664	-0.02561
166.5	-0.00661	-0.02555
166.6	-0.00659	-0.02555
166.7	-0.00662	-0.02549
166.8	-0.00661	-0.02543
166.9	-0.00667	-0.02525
167	-0.00681	-0.02519
167.1	-0.00694	-0.02524
167.2	-0.00687	-0.02517
167.3	-0.00687	-0.02511
167.4	-0.00687	-0.02521
167.5	-0.00675	-0.02528
167.6	-0.00661	-0.02527
167.7	-0.00651	-0.02528
167.8	-0.00663	-0.02534
167.9	-0.00652	-0.0255
168	-0.00661	-0.02545
168.1	-0.00652	-0.0254
168.2	-0.00653	-0.02541
168.3	-0.0065	-0.0254
168.4	-0.00649	-0.02542
168.5	-0.00633	-0.02557
168.6	-0.00642	-0.02568
168.7	-0.00628	-0.02537
168.8	-0.00632	-0.02538
168.9	-0.00629	-0.02538
169	-0.00608	-0.02541
169.1	-0.00627	-0.0255
169.2	-0.0062	-0.02552
169.3	-0.00632	-0.02552
169.4	-0.00637	-0.02557
169.5	-0.00634	-0.02543
169.6	-0.0064	-0.02544
169.7	-0.00659	-0.02538
169.8	-0.00663	-0.02537
169.9	-0.00662	-0.02537
170	-0.00681	-0.02513
170.1	-0.00677	-0.02511
170.2	-0.00672	-0.02506
170.3	-0.00676	-0.02507
170.4	-0.00675	-0.02503
170.5	-0.00657	-0.025
170.6	-0.00644	-0.02514
170.7	-0.00636	-0.02522
170.8	-0.0062	-0.02513
170.9	-0.00615	-0.02512
171	-0.00602	-0.02508
171.1	-0.00617	-0.02514
171.2	-0.00611	-0.02512
171.3	-0.00609	-0.0251
171.4	-0.00603	-0.025
171.5	-0.00603	-0.025
171.6	-0.00601	-0.02476
171.7	-0.00588	-0.02477
171.8	-0.00583	-0.02481
171.9	-0.00602	-0.02484
172	-0.00605	-0.02476
172.1	-0.00587	-0.02465
172.2	-0.00584	-0.02463
172.3	-0.00594	-0.02464
172.4	-0.006	-0.02477
172.5	-0.00602	-0.02486
172.6	-0.00605	-0.0249
172.7	-0.00612	-0.02507
172.8	-0.00597	-0.02504
172.9	-0.00596	-0.02514
173	-0.00597	-0.02525
173.1	-0.0059	-0.02522
173.2	-0.00572	-0.02524
173.3	-0.0057	-0.02525
173.4	-0.00574	-0.02522
173.5	-0.00578	-0.02514
173.6	-0.00583	-0.02509
173.7	-0.00584	-0.0251
173.8	-0.0058	-0.02513
173.9	-0.00571	-0.02515
174	-0.00576	-0.02512
174.1	-0.00578	-0.02513
174.2	-0.00573	-0.02507
174.3	-0.00568	-0.02505
174.4	-0.00574	-0.02505
174.5	-0.00583	-0.02508
174.6	-0.00589	-0.02508
174.7	-0.00597	-0.02515
174.8	-0.00617	-0.02514
174.9	-0.00621	-0.02508
175	-0.00625	-0.02509
175.1	-0.00635	-0.02504
175.2	-0.00639	-0.02503
175.3	-0.00658	-0.0252
175.4	-0.00666	-0.02527
175.5	-0.00663	-0.02522
175.6	-0.00667	-0.02506
175.7	-0.00648	-0.02496
175.8	-0.00653	-0.02498
175.9	-0.0067	-0.025
176	-0.00674	-0.0251
176.1	-0.00678	-0.02515
176.2	-0.0067	-0.02524
176.3	-0.00677	-0.02523
176.4	-0.00687	-0.02509
176.5	-0.00727	-0.02496
176.6	-0.00725	-0.02502
176.7	-0.00702	-0.02491
176.8	-0.00694	-0.02478
176.9	-0.00695	-0.02476
177	-0.00701	-0.0249
177.1	-0.00695	-0.02503
177.2	-0.00702	-0.02505
177.3	-0.00704	-0.02489
177.4	-0.00714	-0.02495
177.5	-0.00708	-0.02493
177.6	-0.00707	-0.02487
177.7	-0.00712	-0.0249
177.8	-0.00715	-0.02491
177.9	-0.00714	-0.02491
178	-0.00709	-0.02499
178.1	-0.00699	-0.02503
178.2	-0.00708	-0.02504
178.3	-0.00703	-0.02505
178.4	-0.007	-0.02503
178.5	-0.00698	-0.02504
178.6	-0.00695	-0.02503
178.7	-0.0069	-0.025
178.8	-0.00683	-0.02502
178.9	-0.00682	-0.02497
179	-0.00694	-0.02495
179.1	-0.00693	-0.02501
179.2	-0.00688	-0.02504
179.3	-0.00687	-0.02498
179.4	-0.0069	-0.02498
179.5	-0.00689	-0.02498
179.6	-0.00685	-0.02496
179.7	-0.00687	-0.02488
179.8	-0.00692	-0.0249
179.9	-0.00684	-0.02491
180	-0.00683	-0.02493
180.1	-0.00688	-0.02491
180.2	-0.00686	-0.02493
180.3	-0.00684	-0.02494
180.4	-0.00666	-0.02517
180.5	-0.00664	-0.02524
180.6	-0.0066	-0.02525
180.7	-0.00639	-0.02505
180.8	-0.00654	-0.02494
180.9	-0.00672	-0.0248
181	-0.00678	-0.02478
181.1	-0.00655	-0.0248
181.2	-0.00658	-0.02487
181.3	-0.00653	-0.02489
181.4	-0.0065	-0.02487
181.5	-0.00637	-0.02494
181.6	-0.00625	-0.02492
181.7	-0.00632	-0.02493
181.8	-0.00632	-0.02495
181.9	-0.00631	-0.02496
182	-0.00623	-0.02512
182.1	-0.00628	-0.02506
182.2	-0.00627	-0.02514
182.3	-0.00616	-0.02516
182.4	-0.00622	-0.02518
182.5	-0.00613	-0.02513
182.6	-0.00607	-0.02511
182.7	-0.00617	-0.02511
182.8	-0.00621	-0.02502
182.9	-0.00618	-0.025
183	-0.00614	-0.02483
183.1	-0.00601	-0.02471
183.2	-0.006	-0.02463
183.3	-0.006	-0.02473
183.4	-0.00592	-0.02486
183.5	-0.00594	-0.02489
183.6	-0.00601	-0.02512
183.7	-0.00614	-0.0252
183.8	-0.00615	-0.0252
183.9	-0.00628	-0.02522
184	-0.00623	-0.02528
184.1	-0.00618	-0.02522
184.2	-0.00599	-0.02521
184.3	-0.00599	-0.02522
184.4	-0.00597	-0.02523
184.5	-0.0059	-0.02527
184.6	-0.00589	-0.0252
184.7	-0.00596	-0.02521
184.8	-0.00595	-0.0252
184.9	-0.00591	-0.02523
185	-0.00579	-0.02525
185.1	-0.0057	-0.02513
185.2	-0.00586	-0.02515
185.3	-0.0059	-0.02488
185.4	-0.00591	-0.02468
185.5	-0.00578	-0.0246
185.6	-0.00591	-0.02442
185.7	-0.00593	-0.02428
185.8	-0.00563	-0.02421
185.9	-0.00558	-0.02414
186	-0.0056	-0.02412
186.1	-0.00565	-0.02412
186.2	-0.00563	-0.02411
186.3	-0.00566	-0.02433
186.4	-0.00551	-0.02456
186.5	-0.00562	-0.02456
186.6	-0.00563	-0.02445
186.7	-0.00574	-0.02441
186.8	-0.00582	-0.02443
186.9	-0.0059	-0.02452
187	-0.00602	-0.02464
187.1	-0.00624	-0.02464
187.2	-0.00613	-0.02489
187.3	-0.00615	-0.02489
187.4	-0.00611	-0.02498
187.5	-0.00599	-0.02505
187.6	-0.00598	-0.02503
187.7	-0.00594	-0.02501
187.8	-0.00592	-0.02502
187.9	-0.00589	-0.02502
188	-0.00598	-0.02503
188.1	-0.00592	-0.02515
188.2	-0.00585	-0.02524
188.3	-0.00586	-0.02521
188.4	-0.00581	-0.0251
188.5	-0.00576	-0.025
188.6	-0.00589	-0.02492
188.7	-0.00625	-0.02484
188.8	-0.00636	-0.02493
188.9	-0.00643	-0.02493
189	-0.00643	-0.02509
189.1	-0.00635	-0.02504
189.2	-0.00636	-0.02501
189.3	-0.00636	-0.02504
189.4	-0.00647	-0.02504
189.5	-0.00645	-0.02502
189.6	-0.00641	-0.02503
189.7	-0.00631	-0.02508
189.8	-0.00626	-0.02511
189.9	-0.00626	-0.02513
190	-0.00628	-0.02512
190.1	-0.00626	-0.02507
190.2	-0.00638	-0.02487
190.3	-0.00639	-0.02473
190.4	-0.00636	-0.02473
190.5	-0.00642	-0.02479
190.6	-0.00675	-0.02499
190.7	-0.00676	-0.02494
190.8	-0.00671	-0.02466
190.9	-0.00669	-0.02466
191	-0.00664	-0.02465
191.1	-0.00668	-0.02465
191.2	-0.00636	-0.02464
191.3	-0.00636	-0.02467
191.4	-0.0063	-0.02463
191.5	-0.00637	-0.02465
191.6	-0.00641	-0.02464
191.7	-0.00641	-0.02469
191.8	-0.00634	-0.02466
191.9	-0.00638	-0.02465
192	-0.00644	-0.02458
192.1	-0.00639	-0.02457
192.2	-0.0064	-0.02457
192.3	-0.0062	-0.02431
192.4	-0.00618	-0.02433
192.5	-0.00617	-0.02459
192.6	-0.00614	-0.02457
192.7	-0.00624	-0.02443
192.8	-0.00621	-0.02428
192.9	-0.00603	-0.02427
193	-0.00618	-0.02431
193.1	-0.00625	-0.02407
193.2	-0.00639	-0.02403
193.3	-0.00639	-0.02409
193.4	-0.00621	-0.02401
193.5	-0.0064	-0.02403
193.6	-0.00638	-0.02405
193.7	-0.0063	-0.02405
193.8	-0.00636	-0.02399
193.9	-0.00625	-0.02392
194	-0.00605	-0.02386
194.1	-0.00575	-0.02412
194.2	-0.00573	-0.02419
194.3	-0.00573	-0.02417
194.4	-0.00582	-0.02434
194.5	-0.00582	-0.02427
194.6	-0.00576	-0.02434
194.7	-0.00574	-0.02434
194.8	-0.00572	-0.02438
194.9	-0.00573	-0.02434
195	-0.0057	-0.02429
195.1	-0.00559	-0.02421
195.2	-0.00556	-0.02417
195.3	-0.00557	-0.02416
195.4	-0.00555	-0.02428
195.5	-0.00541	-0.02458
195.6	-0.00545	-0.02482
195.7	-0.0057	-0.02465
195.8	-0.00588	-0.0246
195.9	-0.00593	-0.02457
196	-0.00592	-0.02452
196.1	-0.00592	-0.02456
196.2	-0.00594	-0.0246
196.3	-0.00599	-0.02466
196.4	-0.00612	-0.02462
196.5	-0.00623	-0.02468
196.6	-0.00631	-0.02497
196.7	-0.00634	-0.02499
196.8	-0.00629	-0.02514
196.9	-0.00618	-0.02515
197	-0.00616	-0.02512
197.1	-0.00617	-0.02512
197.2	-0.00604	-0.02517
197.3	-0.00588	-0.02513
197.4	-0.00586	-0.02508
197.5	-0.00585	-0.02513
197.6	-0.00592	-0.02508
197.7	-0.00601	-0.02512
197.8	-0.00624	-0.02514
197.9	-0.00623	-0.02509
198	-0.00615	-0.02514
198.1	-0.00606	-0.02512
198.2	-0.00603	-0.02496
198.3	-0.00612	-0.02506
198.4	-0.00612	-0.02525
198.5	-0.00618	-0.02523
198.6	-0.00623	-0.02525
198.7	-0.00631	-0.0252
198.8	-0.00621	-0.02523
198.9	-0.00604	-0.02521
199	-0.00595	-0.02525
199.1	-0.00613	-0.02531
199.2	-0.00627	-0.02526
199.3	-0.00626	-0.02522
199.4	-0.00624	-0.02527
199.5	-0.00597	-0.02535
199.6	-0.00593	-0.0253
199.7	-0.00594	-0.02526
199.8	-0.00593	-0.02527
199.9	-0.00586	-0.02523
200	-0.00592	-0.02519
200.1	-0.00587	-0.02517
200.2	-0.00571	-0.0252
200.3	-0.0059	-0.02513
200.4	-0.00592	-0.02512
200.5	-0.00577	-0.02512
200.6	-0.00586	-0.0251
200.7	-0.00599	-0.02513
200.8	-0.00597	-0.02516
200.9	-0.00596	-0.02508
201	-0.00594	-0.02513
201.1	-0.00596	-0.02513
201.2	-0.00597	-0.02513
201.3	-0.0063	-0.02525
201.4	-0.00631	-0.02514
201.5	-0.00636	-0.02498
201.6	-0.00633	-0.02509
201.7	-0.0063	-0.02508
201.8	-0.00631	-0.02511
201.9	-0.00631	-0.02515
202	-0.00631	-0.02515
202.1	-0.00617	-0.02519
202.2	-0.00618	-0.02526
202.3	-0.00619	-0.02511
202.4	-0.00612	-0.02514
202.5	-0.00608	-0.02513
202.6	-0.00613	-0.02511
202.7	-0.0063	-0.02479
202.8	-0.00623	-0.02462
202.9	-0.00644	-0.02466
203	-0.00646	-0.0246
203.1	-0.00637	-0.02458
203.2	-0.00627	-0.02459
203.3	-0.0063	-0.0246
203.4	-0.00626	-0.02455
203.5	-0.0063	-0.02457
203.6	-0.00629	-0.02458
203.7	-0.00614	-0.02462
203.8	-0.00618	-0.02469
203.9	-0.00613	-0.02468
204	-0.006	-0.02486
204.1	-0.00579	-0.02496
204.2	-0.00587	-0.025
204.3	-0.00585	-0.02492
204.4	-0.00573	-0.025
204.5	-0.00623	-0.02518
204.6	-0.00608	-0.02513
204.7	-0.00599	-0.02516
204.8	-0.00594	-0.02512
204.9	-0.0058	-0.02521
205	-0.00599	-0.02517
205.1	-0.00592	-0.0251
205.2	-0.00589	-0.02511
205.3	-0.00589	-0.02521
205.4	-0.00592	-0.02525
205.5	-0.00595	-0.0252
205.6	-0.00572	-0.0252
205.7	-0.00571	-0.02518
205.8	-0.00573	-0.02524
205.9	-0.00569	-0.02523
206	-0.0057	-0.0252
206.1	-0.00593	-0.02532
206.2	-0.00597	-0.02532
206.3	-0.00598	-0.02524
206.4	-0.00595	-0.02524
206.5	-0.00593	-0.02529
206.6	-0.00591	-0.02528
206.7	-0.00585	-0.02527
206.8	-0.00579	-0.02526
206.9	-0.00596	-0.02518
207	-0.00591	-0.02527
207.1	-0.00593	-0.02526
207.2	-0.00593	-0.02524
207.3	-0.00596	-0.02516
207.4	-0.00606	-0.02515
207.5	-0.00602	-0.02515
207.6	-0.00607	-0.02517
207.7	-0.00599	-0.02523
207.8	-0.00595	-0.02536
207.9	-0.00602	-0.02568
208	-0.00602	-0.02552
208.1	-0.006	-0.02531
208.2	-0.00626	-0.02527
208.3	-0.0065	-0.02524
208.4	-0.00664	-0.02526
208.5	-0.00677	-0.02516
208.6	-0.00668	-0.02526
208.7	-0.00663	-0.02538
208.8	-0.00659	-0.0254
208.9	-0.00665	-0.0253
209	-0.00659	-0.02541
209.1	-0.00668	-0.02552
209.2	-0.00681	-0.02536
209.3	-0.00685	-0.02537
209.4	-0.00687	-0.02536
209.5	-0.00686	-0.02534
209.6	-0.00698	-0.02533
209.7	-0.00687	-0.02535
209.8	-0.00687	-0.02534
209.9	-0.00691	-0.02531
210	-0.00691	-0.02527
210.1	-0.00684	-0.02523
210.2	-0.00676	-0.02522
210.3	-0.00691	-0.02519
210.4	-0.00689	-0.02517
210.5	-0.00689	-0.0251
210.6	-0.00686	-0.02511
210.7	-0.00686	-0.02512
210.8	-0.00676	-0.02522
210.9	-0.00673	-0.02529
211	-0.0068	-0.0253
211.1	-0.00693	-0.02563
211.2	-0.00702	-0.02561
211.3	-0.00703	-0.0256
211.4	-0.00698	-0.02559
211.5	-0.00692	-0.0255
211.6	-0.00672	-0.02545
211.7	-0.00677	-0.02535
211.8	-0.00688	-0.02512
211.9	-0.00686	-0.02518
212	-0.00673	-0.02523
212.1	-0.00683	-0.02524
212.2	-0.0069	-0.02517
212.3	-0.00682	-0.02518
212.4	-0.00682	-0.02515
212.5	-0.00682	-0.02526
212.6	-0.00675	-0.0253
212.7	-0.00663	-0.02538
212.8	-0.00666	-0.02528
212.9	-0.0066	-0.02529
213	-0.00637	-0.0254
213.1	-0.00644	-0.02553
213.2	-0.00642	-0.02552
213.3	-0.0064	-0.0255
213.4	-0.00642	-0.02541
213.5	-0.00637	-0.02536
213.6	-0.00641	-0.02527
213.7	-0.00638	-0.02529
213.8	-0.00638	-0.02527
213.9	-0.00643	-0.02523
214	-0.00643	-0.02522
214.1	-0.00643	-0.02523
214.2	-0.00644	-0.02513
214.3	-0.00637	-0.02503
214.4	-0.00635	-0.025
214.5	-0.00624	-0.02491
214.6	-0.00626	-0.02496
214.7	-0.00623	-0.02493
214.8	-0.00618	-0.0249
214.9	-0.00625	-0.02498
215	-0.00612	-0.02494
215.1	-0.00624	-0.02493
215.2	-0.00625	-0.025
215.3	-0.00627	-0.02495
215.4	-0.00647	-0.0249
215.5	-0.00638	-0.02493
215.6	-0.00636	-0.02494
215.7	-0.00629	-0.02507
215.8	-0.00626	-0.025
215.9	-0.00624	-0.02498
216	-0.0063	-0.02518
216.1	-0.00601	-0.02524
216.2	-0.00579	-0.02524
216.3	-0.00575	-0.02523
216.4	-0.00572	-0.02514
216.5	-0.00566	-0.02512
216.6	-0.00573	-0.02523
216.7	-0.00575	-0.02524
216.8	-0.00567	-0.02521
216.9	-0.00571	-0.02523
217	-0.00568	-0.02519
217.1	-0.00571	-0.02516
217.2	-0.00568	-0.02513
217.3	-0.00567	-0.02513
217.4	-0.00569	-0.02503
217.5	-0.0057	-0.02491
217.6	-0.00574	-0.02476
217.7	-0.0057	-0.02482
217.8	-0.00568	-0.02497
217.9	-0.00582	-0.02502
218	-0.00582	-0.02501
218.1	-0.00576	-0.0249
218.2	-0.00604	-0.0249
218.3	-0.006	-0.02502
218.4	-0.00601	-0.02502
218.5	-0.00601	-0.02498
218.6	-0.00598	-0.02484
218.7	-0.00595	-0.02468
218.8	-0.00614	-0.02465
218.9	-0.00622	-0.02478
219	-0.00615	-0.02496
219.1	-0.00611	-0.02506
219.2	-0.00611	-0.02511
219.3	-0.00619	-0.02517
219.4	-0.00615	-0.02516
219.5	-0.00609	-0.02517
219.6	-0.00626	-0.02519
219.7	-0.00632	-0.02516
219.8	-0.00631	-0.02519
219.9	-0.00632	-0.02522
220	-0.00631	-0.02524
220.1	-0.00644	-0.02525
220.2	-0.00648	-0.02524
220.3	-0.00639	-0.02529
220.4	-0.00661	-0.0253
220.5	-0.00703	-0.02524
220.6	-0.0074	-0.02523
220.7	-0.00737	-0.02524
220.8	-0.00733	-0.02524
220.9	-0.00723	-0.0252
221	-0.00726	-0.02494
221.1	-0.00718	-0.0251
221.2	-0.00721	-0.0252
221.3	-0.00728	-0.02537
221.4	-0.00737	-0.0254
221.5	-0.00725	-0.02554
221.6	-0.0072	-0.02565
221.7	-0.00725	-0.02557
221.8	-0.00723	-0.02526
221.9	-0.00702	-0.02525
222	-0.00699	-0.02563
222.1	-0.00686	-0.02558
222.2	-0.00681	-0.02555
222.3	-0.00671	-0.02554
222.4	-0.00633	-0.02548
222.5	-0.006	-0.0254
222.6	-0.00627	-0.02533
222.7	-0.00628	-0.02531
222.8	-0.00626	-0.02524
222.9	-0.00616	-0.02521
223	-0.00617	-0.02523
223.1	-0.00622	-0.02508
223.2	-0.00616	-0.02509
223.3	-0.00615	-0.02508
223.4	-0.00622	-0.02502
223.5	-0.00617	-0.02496
223.6	-0.00625	-0.02498
223.7	-0.00619	-0.02472
223.8	-0.00618	-0.02472
223.9	-0.00617	-0.02471
224	-0.00605	-0.02463
224.1	-0.00595	-0.02456
224.2	-0.00601	-0.02462
224.3	-0.00625	-0.02451
224.4	-0.00628	-0.02452
224.5	-0.00623	-0.02436
224.6	-0.00622	-0.02432
224.7	-0.00632	-0.02427
224.8	-0.00628	-0.02435
224.9	-0.00634	-0.02428
225	-0.00631	-0.02429
225.1	-0.00622	-0.02429
225.2	-0.00618	-0.02434
225.3	-0.00607	-0.02433
225.4	-0.00613	-0.02428
225.5	-0.00618	-0.02432
225.6	-0.00604	-0.02438
225.7	-0.00602	-0.02447
225.8	-0.00608	-0.02487
225.9	-0.00597	-0.02463
226	-0.00591	-0.02458
226.1	-0.00592	-0.02459
226.2	-0.00592	-0.02463
226.3	-0.00603	-0.02495
226.4	-0.00614	-0.02494
226.5	-0.00613	-0.02505
226.6	-0.00599	-0.02521
226.7	-0.00599	-0.025
226.8	-0.00578	-0.0249
226.9	-0.00569	-0.02496
227	-0.00588	-0.02491
227.1	-0.00602	-0.02491
227.2	-0.00601	-0.025
227.3	-0.00583	-0.02491
227.4	-0.00594	-0.0248
227.5	-0.00607	-0.02479
227.6	-0.00603	-0.02494
227.7	-0.006	-0.02496
227.8	-0.00576	-0.02486
227.9	-0.0056	-0.02491
228	-0.0056	-0.02492
228.1	-0.00563	-0.02494
228.2	-0.00587	-0.02498
228.3	-0.00618	-0.02487
228.4	-0.00622	-0.02488
228.5	-0.00608	-0.02486
228.6	-0.00583	-0.02469
228.7	-0.00579	-0.0247
228.8	-0.00591	-0.02494
228.9	-0.00599	-0.02491
229	-0.00619	-0.02482
229.1	-0.00593	-0.02463
229.2	-0.00575	-0.02463
229.3	-0.00569	-0.02468
229.4	-0.00565	-0.02452
229.5	-0.00591	-0.02466
229.6	-0.00597	-0.02494
229.7	-0.00589	-0.02476
229.8	-0.00599	-0.02457
229.9	-0.00598	-0.02483
230	-0.00572	-0.02478
230.1	-0.00571	-0.02477
230.2	-0.00562	-0.02484
230.3	-0.00561	-0.02495
230.4	-0.00558	-0.02478
230.5	-0.0056	-0.02473
230.6	-0.0056	-0.02445
230.7	-0.00558	-0.02455
230.8	-0.0056	-0.02448
230.9	-0.00557	-0.02448
231	-0.00561	-0.02445
231.1	-0.00562	-0.02427
231.2	-0.00557	-0.02428
231.3	-0.00559	-0.02431
231.4	-0.00557	-0.02429
231.5	-0.00564	-0.02407
231.6	-0.00562	-0.02409
231.7	-0.00569	-0.02389
231.8	-0.00588	-0.02388
231.9	-0.00601	-0.02398
232	-0.00607	-0.02396
232.1	-0.00602	-0.02397
232.2	-0.00609	-0.02394
232.3	-0.00599	-0.02393
232.4	-0.00603	-0.02399
232.5	-0.00596	-0.02396
232.6	-0.00602	-0.02393
232.7	-0.006	-0.02392
232.8	-0.00605	-0.02396
232.9	-0.00581	-0.02395
233	-0.00573	-0.02399
233.1	-0.00591	-0.02403
233.2	-0.00582	-0.02399
233.3	-0.00574	-0.02413
233.4	-0.00576	-0.02407
233.5	-0.00575	-0.02401
233.6	-0.0057	-0.02394
233.7	-0.00571	-0.02401
233.8	-0.00568	-0.02392
233.9	-0.00562	-0.02394
234	-0.00552	-0.02397
234.1	-0.00532	-0.02404
234.2	-0.0053	-0.02406
234.3	-0.00542	-0.02399
234.4	-0.00538	-0.02405
234.5	-0.00541	-0.02409
234.6	-0.00542	-0.02413
234.7	-0.00541	-0.02421
234.8	-0.00542	-0.02425
234.9	-0.0056	-0.0244
235	-0.00576	-0.02442
235.1	-0.00571	-0.02441
235.2	-0.00585	-0.02434
235.3	-0.00581	-0.02437
235.4	-0.00573	-0.0245
235.5	-0.00568	-0.0245
235.6	-0.00581	-0.02444
235.7	-0.00608	-0.02446
235.8	-0.00627	-0.02451
235.9	-0.00602	-0.02483
236	-0.00606	-0.02487
236.1	-0.00605	-0.02493
236.2	-0.00624	-0.02488
236.3	-0.00611	-0.02503
236.4	-0.00612	-0.02507
236.5	-0.00617	-0.02514
236.6	-0.00611	-0.02509
236.7	-0.00616	-0.02513
236.8	-0.00614	-0.02514
236.9	-0.00613	-0.02513
237	-0.00605	-0.02513
237.1	-0.00605	-0.02512
237.2	-0.00589	-0.0249
237.3	-0.0059	-0.02487
237.4	-0.00591	-0.02486
237.5	-0.00593	-0.02485
237.6	-0.0059	-0.02482
237.7	-0.0058	-0.02505
237.8	-0.00582	-0.02523
237.9	-0.00587	-0.02514
238	-0.00579	-0.02503
238.1	-0.00577	-0.02508
238.2	-0.00579	-0.02518
238.3	-0.00577	-0.0252
238.4	-0.00574	-0.02515
238.5	-0.00572	-0.02514
238.6	-0.00573	-0.02522
238.7	-0.00572	-0.02523
238.8	-0.00572	-0.0252
238.9	-0.00568	-0.02517
239	-0.00566	-0.02499
239.1	-0.00566	-0.02491
239.2	-0.00571	-0.0248
239.3	-0.00568	-0.02481
239.4	-0.0058	-0.02485
239.5	-0.00584	-0.02485
239.6	-0.00574	-0.02491
239.7	-0.00556	-0.02492
239.8	-0.00541	-0.02487
239.9	-0.00543	-0.02488
240	-0.00543	-0.02481
240.1	-0.00542	-0.02476
240.2	-0.00551	-0.02481
240.3	-0.00546	-0.02495
240.4	-0.00548	-0.02523
240.5	-0.00551	-0.02528
240.6	-0.00551	-0.02522
240.7	-0.00553	-0.02523
240.8	-0.00553	-0.02524
240.9	-0.00574	-0.02522
241	-0.00623	-0.02526
241.1	-0.00624	-0.02544
241.2	-0.00644	-0.02546
241.3	-0.00646	-0.02537
241.4	-0.00654	-0.02529
241.5	-0.00662	-0.02523
241.6	-0.0066	-0.02523
241.7	-0.00665	-0.0252
241.8	-0.00664	-0.02525
241.9	-0.00659	-0.02526
242	-0.00661	-0.02529
242.1	-0.00661	-0.02551
242.2	-0.00658	-0.02541
242.3	-0.00645	-0.02524
242.4	-0.00638	-0.02521
242.5	-0.00649	-0.02501
242.6	-0.00666	-0.02515
242.7	-0.00668	-0.02519
242.8	-0.00665	-0.0252
242.9	-0.0066	-0.02524
243	-0.00666	-0.02524
243.1	-0.00663	-0.02523
243.2	-0.00629	-0.02522
243.3	-0.00618	-0.02521
243.4	-0.00616	-0.02521
243.5	-0.00614	-0.02518
243.6	-0.00621	-0.02508
243.7	-0.00619	-0.02509
243.8	-0.00608	-0.02509
243.9	-0.00592	-0.02512
244	-0.00615	-0.02511
244.1	-0.00617	-0.0251
244.2	-0.00619	-0.0251
244.3	-0.00621	-0.02511
244.4	-0.00632	-0.02508
244.5	-0.00638	-0.02504
244.6	-0.0065	-0.02499
244.7	-0.00666	-0.02506
244.8	-0.00659	-0.02522
244.9	-0.00661	-0.02522
245	-0.00657	-0.02501
245.1	-0.00661	-0.02487
245.2	-0.00652	-0.02491
245.3	-0.00651	-0.02501
245.4	-0.00646	-0.02505
245.5	-0.0064	-0.02506
245.6	-0.00643	-0.02513
245.7	-0.00642	-0.02509
245.8	-0.00627	-0.02515
245.9	-0.00625	-0.02514
246	-0.00635	-0.02511
246.1	-0.00642	-0.02508
246.2	-0.00636	-0.02489
246.3	-0.00634	-0.02496
246.4	-0.00641	-0.02494
246.5	-0.00639	-0.02491
246.6	-0.0064	-0.02493
246.7	-0.00637	-0.02469
246.8	-0.00641	-0.0247
246.9	-0.00654	-0.02455
247	-0.00656	-0.02447
247.1	-0.00655	-0.02444
247.2	-0.00659	-0.02443
247.3	-0.00663	-0.02445
247.4	-0.00656	-0.02447
247.5	-0.00648	-0.02456
247.6	-0.0064	-0.02481
247.7	-0.00634	-0.02469
247.8	-0.00648	-0.02456
247.9	-0.00658	-0.02465
248	-0.00657	-0.02489
248.1	-0.0065	-0.02488
248.2	-0.00653	-0.02485
248.3	-0.00652	-0.02489
248.4	-0.00649	-0.02491
248.5	-0.00627	-0.02491
248.6	-0.00611	-0.02502
248.7	-0.00625	-0.02494
248.8	-0.00628	-0.02489
248.9	-0.00607	-0.02496
249	-0.006	-0.02485
249.1	-0.00596	-0.02484
249.2	-0.00607	-0.02477
249.3	-0.00597	-0.02481
249.4	-0.00578	-0.02485
249.5	-0.00576	-0.02481
249.6	-0.00562	-0.02471
249.7	-0.00556	-0.02463
249.8	-0.00564	-0.0246
249.9	-0.00573	-0.02442
250	-0.0057	-0.02442
250.1	-0.00567	-0.02443
250.2	-0.00569	-0.02441
250.3	-0.00571	-0.0244
250.4	-0.00569	-0.02439
250.5	-0.0057	-0.02441
250.6	-0.0056	-0.02435
250.7	-0.00549	-0.02444
250.8	-0.00546	-0.02449
250.9	-0.00564	-0.02439
251	-0.00568	-0.02436
251.1	-0.00571	-0.02431
251.2	-0.00574	-0.02431
251.3	-0.00576	-0.02435
251.4	-0.00572	-0.02431
251.5	-0.00575	-0.02431
251.6	-0.00594	-0.02432
251.7	-0.00585	-0.02436
251.8	-0.00576	-0.02433
251.9	-0.00569	-0.02427
252	-0.00576	-0.02411
252.1	-0.00576	-0.02395
252.2	-0.00569	-0.02391
252.3	-0.00569	-0.02387
252.4	-0.00567	-0.02395
252.5	-0.00569	-0.024
252.6	-0.00566	-0.02401
252.7	-0.00568	-0.02415
252.8	-0.00572	-0.02428
252.9	-0.00575	-0.02423
253	-0.00569	-0.02422
253.1	-0.00572	-0.02417
253.2	-0.00569	-0.02404
253.3	-0.00566	-0.02429
253.4	-0.00572	-0.02432
253.5	-0.00573	-0.02427
253.6	-0.00572	-0.02431
253.7	-0.00571	-0.02434
253.8	-0.00569	-0.02436
253.9	-0.00569	-0.02443
254	-0.00573	-0.02454
254.1	-0.00576	-0.02469
254.2	-0.00598	-0.02497
254.3	-0.00599	-0.02513
254.4	-0.00604	-0.02517
254.5	-0.00603	-0.02519
254.6	-0.00583	-0.0253
254.7	-0.0058	-0.02523
254.8	-0.00583	-0.02526
254.9	-0.00605	-0.02541
255	-0.00602	-0.02526
255.1	-0.00611	-0.02528
255.2	-0.00605	-0.02527
255.3	-0.00607	-0.0253
255.4	-0.00616	-0.02527
255.5	-0.00609	-0.02557
255.6	-0.00601	-0.02565
255.7	-0.00602	-0.02564
255.8	-0.00606	-0.02564
255.9	-0.00604	-0.0256
256	-0.00605	-0.02558
256.1	-0.00597	-0.02552
256.2	-0.00574	-0.02525
256.3	-0.00571	-0.0252
256.4	-0.00571	-0.02525
256.5	-0.00572	-0.02523
256.6	-0.00571	-0.02526
256.7	-0.00587	-0.02523
256.8	-0.00609	-0.02522
256.9	-0.00611	-0.02523
257	-0.00602	-0.02529
257.1	-0.00592	-0.02533
257.2	-0.00579	-0.02524
257.3	-0.00573	-0.02523
257.4	-0.00568	-0.02526
257.5	-0.00572	-0.02525
257.6	-0.00572	-0.02524
257.7	-0.00572	-0.02524
257.8	-0.00572	-0.02525
257.9	-0.00571	-0.02526
258	-0.00575	-0.02523
258.1	-0.00571	-0.02524
258.2	-0.00573	-0.02524
258.3	-0.00607	-0.0252
258.4	-0.00605	-0.02504
258.5	-0.00594	-0.02515
258.6	-0.00592	-0.02517
258.7	-0.00591	-0.02519
258.8	-0.00592	-0.0252
258.9	-0.00594	-0.02524
259	-0.00584	-0.02524
259.1	-0.00577	-0.02525
259.2	-0.00579	-0.02526
259.3	-0.00579	-0.02523
259.4	-0.0058	-0.02524
259.5	-0.00599	-0.02521
259.6	-0.00593	-0.02523
259.7	-0.00596	-0.02521
259.8	-0.00599	-0.02522
259.9	-0.00598	-0.02522
260	-0.00593	-0.02522
260.1	-0.00605	-0.02505
260.2	-0.00608	-0.02493
260.3	-0.00608	-0.02495
260.4	-0.006	-0.02487
260.5	-0.00588	-0.0247
260.6	-0.0059	-0.0247
260.7	-0.00592	-0.02478
260.8	-0.00588	-0.0248
260.9	-0.00603	-0.02482
261	-0.00612	-0.02486
261.1	-0.00608	-0.02495
261.2	-0.00609	-0.02488
261.3	-0.00604	-0.02508
261.4	-0.00607	-0.02502
261.5	-0.00605	-0.02502
261.6	-0.006	-0.02508
261.7	-0.00601	-0.02497
261.8	-0.00604	-0.02505
261.9	-0.0061	-0.02517
262	-0.00611	-0.02518
262.1	-0.00608	-0.02517
262.2	-0.00607	-0.02512
262.3	-0.00607	-0.02518
262.4	-0.00609	-0.02518
262.5	-0.00606	-0.02512
262.6	-0.00608	-0.02499
262.7	-0.00607	-0.02495
262.8	-0.00609	-0.02487
262.9	-0.00603	-0.02502
263	-0.00608	-0.02497
263.1	-0.00601	-0.02505
263.2	-0.00594	-0.02498
263.3	-0.0059	-0.02487
263.4	-0.00569	-0.0249
263.5	-0.00566	-0.02491
263.6	-0.00565	-0.0249
263.7	-0.00562	-0.02488
263.8	-0.00566	-0.02473
263.9	-0.00568	-0.02462
264	-0.00536	-0.02463
264.1	-0.00524	-0.02453
264.2	-0.00526	-0.02439
264.3	-0.00527	-0.02446
264.4	-0.00562	-0.02459
264.5	-0.00558	-0.02477
264.6	-0.00559	-0.02472
264.7	-0.00559	-0.02485
264.8	-0.0056	-0.02494
264.9	-0.00563	-0.02506
265	-0.00559	-0.02499
265.1	-0.00559	-0.02501
265.2	-0.00557	-0.02503
265.3	-0.00558	-0.02501
265.4	-0.0056	-0.02503
265.5	-0.00565	-0.02506
265.6	-0.00567	-0.02507
265.7	-0.00572	-0.02512
265.8	-0.00586	-0.02513
265.9	-0.00622	-0.02546
266	-0.00619	-0.02548
266.1	-0.00616	-0.02528
266.2	-0.00616	-0.02531
266.3	-0.0062	-0.02521
266.4	-0.00619	-0.02493
266.5	-0.00615	-0.02472
266.6	-0.00598	-0.02476
266.7	-0.00597	-0.02479
266.8	-0.00595	-0.02479
266.9	-0.00589	-0.02483
267	-0.00606	-0.02482
267.1	-0.006	-0.02478
267.2	-0.00595	-0.02481
267.3	-0.00573	-0.02489
267.4	-0.00574	-0.02497
267.5	-0.00574	-0.02484
267.6	-0.00571	-0.02482
267.7	-0.00579	-0.02505
267.8	-0.00605	-0.02511
267.9	-0.00605	-0.02508
268	-0.0059	-0.02515
268.1	-0.00592	-0.02517
268.2	-0.00605	-0.02512
268.3	-0.0061	-0.02514
268.4	-0.00612	-0.02505
268.5	-0.00592	-0.02507
268.6	-0.00574	-0.02509
268.7	-0.0057	-0.02501
268.8	-0.00565	-0.02497
268.9	-0.00569	-0.02493
269	-0.00568	-0.02495
269.1	-0.00568	-0.02495
269.2	-0.00569	-0.02492
269.3	-0.0057	-0.02489
269.4	-0.00569	-0.0249
269.5	-0.0057	-0.02491
269.6	-0.00567	-0.02488
269.7	-0.00569	-0.0249
269.8	-0.0057	-0.02491
269.9	-0.0057	-0.0249
270	-0.00571	-0.02488
270.1	-0.00567	-0.02491
270.2	-0.00568	-0.0249
270.3	-0.00567	-0.02492
270.4	-0.00536	-0.02482
270.5	-0.00565	-0.02475
270.6	-0.00574	-0.02456
270.7	-0.00571	-0.02484
270.8	-0.00569	-0.02482
270.9	-0.00574	-0.0248
271	-0.00569	-0.02483
271.1	-0.0057	-0.02482
271.2	-0.00595	-0.0252
271.3	-0.00598	-0.02523
271.4	-0.00597	-0.02523
271.5	-0.00595	-0.02536
271.6	-0.00593	-0.02554
271.7	-0.00587	-0.02538
271.8	-0.00585	-0.0252
271.9	-0.00577	-0.02505
272	-0.00574	-0.0252
272.1	-0.00573	-0.02514
272.2	-0.0057	-0.0252
272.3	-0.00573	-0.02523
272.4	-0.0057	-0.02526
272.5	-0.00568	-0.02524
272.6	-0.00566	-0.02523
272.7	-0.00573	-0.02523
272.8	-0.00575	-0.02524
272.9	-0.00618	-0.02523
273	-0.00619	-0.0252
273.1	-0.00613	-0.02499
273.2	-0.00622	-0.025
273.3	-0.00622	-0.02481
273.4	-0.00619	-0.02465
273.5	-0.00622	-0.02477
273.6	-0.00621	-0.02483
273.7	-0.00621	-0.0248
273.8	-0.00621	-0.0248
273.9	-0.0062	-0.02482
274	-0.00621	-0.02478
274.1	-0.0062	-0.02483
274.2	-0.0062	-0.02491
274.3	-0.0064	-0.02491
274.4	-0.00623	-0.02478
274.5	-0.00621	-0.02475
274.6	-0.00615	-0.02492
274.7	-0.0062	-0.02505
274.8	-0.00614	-0.02514
274.9	-0.00615	-0.0251
275	-0.00617	-0.02513
275.1	-0.00615	-0.02513
275.2	-0.00616	-0.02517
275.3	-0.00596	-0.02526
275.4	-0.00582	-0.02522
275.5	-0.00603	-0.02533
275.6	-0.00589	-0.02526
275.7	-0.00611	-0.02525
275.8	-0.00608	-0.02523
275.9	-0.00605	-0.02523
276	-0.00605	-0.02524
276.1	-0.006	-0.02528
276.2	-0.00581	-0.02527
276.3	-0.00587	-0.02522
276.4	-0.00583	-0.02525
276.5	-0.00577	-0.02527
276.6	-0.00575	-0.02529
276.7	-0.00575	-0.02524
276.8	-0.00573	-0.02528
276.9	-0.00572	-0.02523
277	-0.00573	-0.02521
277.1	-0.00588	-0.02508
277.2	-0.00572	-0.02498
277.3	-0.00568	-0.02499
277.4	-0.0057	-0.02506
277.5	-0.00574	-0.02511
277.6	-0.00575	-0.02513
277.7	-0.00574	-0.02514
277.8	-0.00572	-0.02516
277.9	-0.00571	-0.02516
278	-0.0057	-0.02499
278.1	-0.0057	-0.02505
278.2	-0.00574	-0.02505
278.3	-0.00576	-0.02507
278.4	-0.00573	-0.0251
278.5	-0.00571	-0.02513
278.6	-0.00566	-0.02503
278.7	-0.00567	-0.02513
278.8	-0.00572	-0.02514
278.9	-0.00569	-0.0251
279	-0.00568	-0.02502
279.1	-0.00569	-0.02508
279.2	-0.00569	-0.02516
279.3	-0.0057	-0.0251
279.4	-0.00572	-0.0252
279.5	-0.00572	-0.02527
279.6	-0.00571	-0.02523
279.7	-0.00571	-0.02524
279.8	-0.00572	-0.02522
279.9	-0.00571	-0.02521
280	-0.00574	-0.02521
280.1	-0.00571	-0.02524
280.2	-0.00574	-0.02491
280.3	-0.00577	-0.02485
280.4	-0.00576	-0.02487
280.5	-0.00575	-0.02495
280.6	-0.00574	-0.0252
280.7	-0.00576	-0.02519
280.8	-0.00572	-0.02525
280.9	-0.00572	-0.02523
281	-0.00576	-0.02521
281.1	-0.00576	-0.02524
281.2	-0.00574	-0.02527
281.3	-0.00603	-0.02526
281.4	-0.00602	-0.02536
281.5	-0.00585	-0.02524
281.6	-0.00582	-0.02525
281.7	-0.00583	-0.02524
281.8	-0.00582	-0.02524
281.9	-0.00586	-0.02521
282	-0.00586	-0.02522
282.1	-0.00583	-0.02523
282.2	-0.00582	-0.02522
282.3	-0.00589	-0.02512
282.4	-0.00588	-0.02513
282.5	-0.00586	-0.02492
282.6	-0.00578	-0.02483
282.7	-0.00575	-0.02458
282.8	-0.00569	-0.02456
282.9	-0.00572	-0.02477
283	-0.0057	-0.0248
283.1	-0.0057	-0.02481
283.2	-0.00567	-0.02484
283.3	-0.00568	-0.02482
283.4	-0.00568	-0.02481
283.5	-0.0057	-0.02477
283.6	-0.0057	-0.02479
283.7	-0.00571	-0.02445
283.8	-0.00572	-0.02447
283.9	-0.00568	-0.02459
284	-0.00567	-0.0245
284.1	-0.0055	-0.02446
284.2	-0.0055	-0.0245
284.3	-0.00552	-0.02458
284.4	-0.00547	-0.02459
284.5	-0.00548	-0.02453
284.6	-0.0055	-0.02479
284.7	-0.00549	-0.0248
284.8	-0.00551	-0.02481
284.9	-0.00565	-0.0248
285	-0.00573	-0.02506
285.1	-0.00559	-0.02495
285.2	-0.00547	-0.02499
285.3	-0.0055	-0.02502
285.4	-0.00549	-0.02505
285.5	-0.00546	-0.02503
285.6	-0.00547	-0.02502
285.7	-0.00543	-0.02503
285.8	-0.00537	-0.02534
285.9	-0.00519	-0.02532
286	-0.00545	-0.02513
286.1	-0.00566	-0.02516
286.2	-0.00568	-0.02517
286.3	-0.00567	-0.02513
286.4	-0.00566	-0.025
286.5	-0.00568	-0.02501
286.6	-0.00568	-0.02501
286.7	-0.00556	-0.02497
286.8	-0.00522	-0.02504
286.9	-0.00523	-0.02504
287	-0.00533	-0.02501
287.1	-0.00536	-0.02505
287.2	-0.0054	-0.02498
287.3	-0.00534	-0.02494
287.4	-0.00533	-0.02479
287.5	-0.00537	-0.02474
287.6	-0.00535	-0.0248
287.7	-0.00535	-0.02483
287.8	-0.00535	-0.02504
287.9	-0.00537	-0.02505
288	-0.00537	-0.0254
288.1	-0.00552	-0.02537
288.2	-0.00549	-0.02509
288.3	-0.0055	-0.02517
288.4	-0.00548	-0.02518
288.5	-0.0055	-0.02517
288.6	-0.00549	-0.02512
288.7	-0.00546	-0.02504
288.8	-0.00548	-0.02483
288.9	-0.00547	-0.02486
289	-0.00548	-0.02491
289.1	-0.00549	-0.02489
289.2	-0.00545	-0.02484
289.3	-0.00529	-0.02486
289.4	-0.0052	-0.02489
289.5	-0.00512	-0.0248
289.6	-0.005	-0.02477
289.7	-0.00501	-0.02475
289.8	-0.00502	-0.02479
289.9	-0.00499	-0.02472
290	-0.00501	-0.02471
290.1	-0.00501	-0.02466
290.2	-0.005	-0.02464
290.3	-0.00504	-0.02469
290.4	-0.00506	-0.02469
290.5	-0.005	-0.02459
290.6	-0.00498	-0.0245
290.7	-0.005	-0.02456
290.8	-0.00519	-0.02475
290.9	-0.00525	-0.02477
291	-0.00497	-0.02473
291.1	-0.00481	-0.02478
291.2	-0.00508	-0.0248
291.3	-0.00533	-0.02484
291.4	-0.00536	-0.02502
291.5	-0.00543	-0.02498
291.6	-0.00539	-0.02557
291.7	-0.00535	-0.02513
291.8	-0.00531	-0.025
291.9	-0.00531	-0.02503
292	-0.00512	-0.02507
292.1	-0.00531	-0.02502
292.2	-0.00538	-0.02502
292.3	-0.00533	-0.02501
292.4	-0.0051	-0.02502
292.5	-0.00499	-0.02507
292.6	-0.00481	-0.02486
292.7	-0.00482	-0.02491
292.8	-0.00483	-0.02489
292.9	-0.00483	-0.02493
293	-0.00498	-0.02493
293.1	-0.00506	-0.02486
293.2	-0.00506	-0.02489
293.3	-0.00502	-0.02493
293.4	-0.00501	-0.0249
293.5	-0.005	-0.02475
293.6	-0.00504	-0.02487
293.7	-0.00505	-0.02483
293.8	-0.00503	-0.02474
293.9	-0.00509	-0.02475
294	-0.00514	-0.02476
294.1	-0.00517	-0.02468
294.2	-0.00516	-0.02464
294.3	-0.00515	-0.02472
294.4	-0.00516	-0.02465
294.5	-0.00519	-0.02462
294.6	-0.00517	-0.02467
294.7	-0.00516	-0.02467
294.8	-0.00516	-0.02464
294.9	-0.00514	-0.02468
295	-0.00516	-0.0247
295.1	-0.00517	-0.02471
295.2	-0.0053	-0.02456
295.3	-0.00526	-0.02428
295.4	-0.00524	-0.02427
295.5	-0.00522	-0.02431
295.6	-0.0052	-0.02417
295.7	-0.00522	-0.02417
295.8	-0.0051	-0.02402
295.9	-0.00487	-0.024
296	-0.00482	-0.02403
296.1	-0.00489	-0.02424
296.2	-0.00516	-0.02414
296.3	-0.00514	-0.024
296.4	-0.00517	-0.02389
296.5	-0.00514	-0.02384
296.6	-0.00517	-0.02385
296.7	-0.00517	-0.02387
296.8	-0.00517	-0.02382
296.9	-0.00516	-0.02383
297	-0.00516	-0.02379
297.1	-0.00517	-0.02386
297.2	-0.00518	-0.0239
297.3	-0.00538	-0.02372
297.4	-0.00535	-0.02375
297.5	-0.00532	-0.02391
297.6	-0.00552	-0.02408
297.7	-0.00553	-0.02413
297.8	-0.00551	-0.0243
297.9	-0.00571	-0.02438
298	-0.00583	-0.02433
298.1	-0.00575	-0.02432
298.2	-0.00586	-0.02428
298.3	-0.00572	-0.02431
298.4	-0.00569	-0.02432
298.5	-0.00571	-0.02434
298.6	-0.0057	-0.02435
298.7	-0.0057	-0.02433
298.8	-0.0057	-0.02431
298.9	-0.0057	-0.02433
299	-0.00571	-0.02447
299.1	-0.00568	-0.02479
299.2	-0.00568	-0.02475
299.3	-0.00567	-0.02468
299.4	-0.00568	-0.02472
299.5	-0.00572	-0.02461
299.6	-0.00572	-0.02467
299.7	-0.00572	-0.02467
299.8	-0.00573	-0.02505
299.9	-0.00582	-0.02506
