0	0.04028	0.02927
0.1	0.04032	0.02938
0.2	0.04043	0.02965
0.3	0.04041	0.02949
0.4	0.0404	0.02945
0.5	0.04039	0.02961
0.6	0.04034	0.02975
0.7	0.04023	0.02969
0.8	0.04018	0.02943
0.9	0.04021	0.02954
1	0.04043	0.02955
1.1	0.04043	0.02948
1.2	0.04041	0.02946
1.3	0.04039	0.02939
1.4	0.0404	0.02937
1.5	0.04045	0.02937
1.6	0.04047	0.02939
1.7	0.04073	0.02957
1.8	0.04075	0.02963
1.9	0.04069	0.02967
2	0.04075	0.02981
2.1	0.04079	0.02984
2.2	0.04063	0.02961
2.3	0.04054	0.02943
2.4	0.04047	0.02949
2.5	0.04044	0.0296
2.6	0.04052	0.02964
2.7	0.04062	0.02964
2.8	0.04062	0.02976
2.9	0.04064	0.02973
3	0.04058	0.02964
3.1	0.04058	0.02952
3.2	0.04044	0.02961
3.3	0.04059	0.02963
3.4	0.04044	0.02961
3.5	0.04036	0.02964
3.6	0.04031	0.02966
3.7	0.04024	0.02976
3.8	0.04008	0.02982
3.9	0.04011	0.0298
4	0.0401	0.02984
4.1	0.04014	0.02984
4.2	0.04051	0.02989
4.3	0.04082	0.03004
4.4	0.04085	0.02987
4.5	0.04079	0.02985
4.6	0.04068	0.02979
4.7	0.0406	0.02969
4.8	0.04059	0.02968
4.9	0.04065	0.02981
5	0.04045	0.02991
5.1	0.0403	0.03002
5.2	0.04006	0.0298
5.3	0.0399	0.02966
5.4	0.03985	0.02963
5.5	0.03981	0.0296
5.6	0.03978	0.02948
5.7	0.04014	0.02957
5.8	0.04042	0.02963
5.9	0.04034	0.02962
6	0.04016	0.0296
6.1	0.04005	0.02963
6.2	0.04006	0.02957
6.3	0.04005	0.02967
6.4	0.04009	0.02959
6.5	0.04005	0.02948
6.6	0.04009	0.02947
6.7	0.03976	0.02941
6.8	0.03965	0.02948
6.9	0.03955	0.02961
7	0.03955	0.02968
7.1	0.03952	0.02966
7.2	0.03974	0.02969
7.3	0.03991	0.02986
7.4	0.03994	0.02982
7.5	0.04016	0.02987
7.6	0.04002	0.02985
7.7	0.04005	0.02987
7.8	0.04002	0.02965
7.9	0.03997	0.02946
8	0.04016	0.02956
8.1	0.04022	0.02965
8.2	0.04029	0.02965
8.3	0.04015	0.0296
8.4	0.03996	0.02946
8.5	0.03994	0.02946
8.6	0.03975	0.0294
8.7	0.03964	0.02939
8.8	0.03961	0.0295
8.9	0.03969	0.02965
9	0.03971	0.02965
9.1	0.03972	0.02965
9.2	0.03986	0.02965
9.3	0.03985	0.02966
9.4	0.03986	0.02961
9.5	0.03984	0.02956
9.6	0.03986	0.0295
9.7	0.03972	0.02953
9.8	0.03971	0.02967
9.9	0.03978	0.02967
10	0.04001	0.02968
10.1	0.04001	0.02956
10.2	0.03998	0.02957
10.3	0.03981	0.0295
10.4	0.03984	0.0296
10.5	0.03993	0.02946
10.6	0.03997	0.02943
10.7	0.03986	0.02935
10.8	0.03985	0.02946
10.9	0.03991	0.02956
11	0.03986	0.02957
11.1	0.03986	0.02959
11.2	0.03978	0.02964
11.3	0.03988	0.02964
11.4	0.03995	0.02956
11.5	0.03995	0.0295
11.6	0.03992	0.02948
11.7	0.03978	0.02961
11.8	0.03962	0.02942
11.9	0.03943	0.02937
12	0.03973	0.02936
12.1	0.03992	0.02927
12.2	0.0399	0.02931
12.3	0.03988	0.02929
12.4	0.03985	0.0293
12.5	0.03999	0.02928
12.6	0.04013	0.02933
12.7	0.04002	0.02942
12.8	0.04002	0.0294
12.9	0.04008	0.02939
13	0.04003	0.02945
13.1	0.04017	0.02959
13.2	0.03997	0.02937
13.3	0.03983	0.0294
13.4	0.03986	0.02937
13.5	0.03973	0.0294
13.6	0.03943	0.02937
13.7	0.03933	0.02938
13.8	0.03929	0.02946
13.9	0.03931	0.02959
14	0.03937	0.02963
14.1	0.03963	0.02965
14.2	0.03981	0.02958
14.3	0.03961	0.0296
14.4	0.03963	0.02951
14.5	0.0396	0.02955
14.6	0.03938	0.02963
14.7	0.03957	0.02964
14.8	0.03952	0.02948
14.9	0.03965	0.02943
15	0.03966	0.02938
15.1	0.03969	0.02936
15.2	0.03968	0.02931
15.3	0.03971	0.02926
15.4	0.03969	0.02936
15.5	0.03941	0.02937
15.6	0.03915	0.02935
15.7	0.03903	0.02938
15.8	0.03907	0.02946
15.9	0.03909	0.02956
16	0.03878	0.02956
16.1	0.03877	0.02948
16.2	0.03885	0.02952
16.3	0.0388	0.02969
16.4	0.03903	0.02958
16.5	0.03903	0.02964
16.6	0.03908	0.02967
16.7	0.03915	0.02982
16.8	0.03918	0.02986
16.9	0.03928	0.02982
17	0.03916	0.02983
17.1	0.03901	0.0298
17.2	0.03892	0.02989
17.3	0.03901	0.02998
17.4	0.03901	0.03001
17.5	0.03909	0.02991
17.6	0.03922	0.02982
17.7	0.03929	0.02964
17.8	0.03931	0.02955
17.9	0.03936	0.02936
18	0.03939	0.02935
18.1	0.03932	0.02928
18.2	0.03926	0.02932
18.3	0.03933	0.02941
18.4	0.03942	0.02942
18.5	0.03927	0.02945
18.6	0.03935	0.02952
18.7	0.03953	0.02961
18.8	0.03954	0.02966
18.9	0.03927	0.02963
19	0.03922	0.02976
19.1	0.0393	0.02979
19.2	0.03933	0.02975
19.3	0.03929	0.02979
19.4	0.0393	0.02977
19.5	0.03921	0.02971
19.6	0.039	0.02972
19.7	0.03897	0.02976
19.8	0.03903	0.02975
19.9	0.03899	0.02972
20	0.03903	0.0297
20.1	0.03912	0.0297
20.2	0.03914	0.02981
20.3	0.03919	0.02975
20.4	0.0394	0.02972
20.5	0.03942	0.02981
20.6	0.03936	0.02984
20.7	0.03935	0.02959
20.8	0.03941	0.0296
20.9	0.03944	0.02963
21	0.03953	0.02967
21.1	0.03947	0.02963
21.2	0.03952	0.02955
21.3	0.03949	0.02978
21.4	0.03934	0.02964
21.5	0.03917	0.02957
21.6	0.0393	0.02957
21.7	0.0393	0.02946
21.8	0.03937	0.02946
21.9	0.03937	0.02949
22	0.03936	0.02955
22.1	0.03935	0.02952
22.2	0.03935	0.02951
22.3	0.03937	0.0295
22.4	0.0395	0.02951
22.5	0.03948	0.02955
22.6	0.03939	0.02955
22.7	0.03927	0.02951
22.8	0.03921	0.0297
22.9	0.03908	0.02974
23	0.03879	0.0299
23.1	0.03878	0.02987
23.2	0.0389	0.02988
23.3	0.0391	0.0298
23.4	0.03936	0.02977
23.5	0.03938	0.02981
23.6	0.03951	0.02988
23.7	0.0396	0.02987
23.8	0.03955	0.02983
23.9	0.0395	0.02981
24	0.03949	0.02982
24.1	0.0394	0.02983
24.2	0.03933	0.02982
24.3	0.03929	0.02987
24.4	0.03925	0.02983
24.5	0.03916	0.02964
24.6	0.03926	0.02961
24.7	0.03893	0.02965
24.8	0.03894	0.02963
24.9	0.03889	0.02953
25	0.03904	0.02949
25.1	0.03902	0.02957
25.2	0.03899	0.02958
25.3	0.03904	0.02979
25.4	0.03909	0.02968
25.5	0.03934	0.02967
25.6	0.0394	0.02965
25.7	0.03973	0.02974
25.8	0.03967	0.02961
25.9	0.0397	0.0296
26	0.03939	0.02947
26.1	0.03946	0.02955
26.2	0.03945	0.02954
26.3	0.03947	0.02953
26.4	0.03949	0.0295
26.5	0.03942	0.02954
26.6	0.03916	0.02967
26.7	0.03894	0.02981
26.8	0.03903	0.02981
26.9	0.03912	0.02992
27	0.03901	0.02976
27.1	0.03885	0.02965
27.2	0.03906	0.02984
27.3	0.03937	0.02976
27.4	0.03941	0.02952
27.5	0.03946	0.02947
27.6	0.03962	0.0294
27.7	0.03963	0.02941
27.8	0.03944	0.0295
27.9	0.03935	0.02961
28	0.03958	0.0296
28.1	0.03971	0.02959
28.2	0.0396	0.02957
28.3	0.03957	0.02959
28.4	0.03944	0.02963
28.5	0.03936	0.02966
28.6	0.0394	0.02964
28.7	0.0394	0.02969
28.8	0.03971	0.02974
28.9	0.03979	0.02977
29	0.03968	0.02993
29.1	0.0397	0.02995
29.2	0.03974	0.02977
29.3	0.03988	0.02995
29.4	0.03973	0.02998
29.5	0.03982	0.02988
29.6	0.03989	0.02981
29.7	0.03991	0.02984
29.8	0.0398	0.0299
29.9	0.03986	0.02997
30	0.03981	0.02995
30.1	0.0397	0.02987
30.2	0.03969	0.02977
30.3	0.0397	0.02982
30.4	0.03957	0.02979
30.5	0.03951	0.02966
30.6	0.03971	0.02968
30.7	0.03976	0.02975
30.8	0.03972	0.02975
30.9	0.03969	0.02958
31	0.0398	0.02957
31.1	0.03983	0.02961
31.2	0.03983	0.02964
31.3	0.03984	0.02962
31.4	0.03979	0.0296
31.5	0.03989	0.02981
31.6	0.03995	0.02975
31.7	0.03995	0.02974
31.8	0.04002	0.02974
31.9	0.04009	0.0298
32	0.04027	0.02976
32.1	0.04025	0.02969
32.2	0.0403	0.02953
32.3	0.04018	0.02948
32.4	0.04023	0.02959
32.5	0.04023	0.02973
32.6	0.04013	0.02969
32.7	0.04014	0.02976
32.8	0.03996	0.02964
32.9	0.03985	0.02961
33	0.04004	0.02964
33.1	0.04005	0.02959
33.2	0.04002	0.02958
33.3	0.03991	0.02954
33.4	0.03989	0.02952
33.5	0.03986	0.02959
33.6	0.03987	0.02979
33.7	0.03988	0.02975
33.8	0.0398	0.02984
33.9	0.03991	0.02974
34	0.03996	0.02971
34.1	0.0399	0.02976
34.2	0.03991	0.02982
34.3	0.0399	0.02976
34.4	0.03989	0.02952
34.5	0.03989	0.02943
34.6	0.03985	0.02938
34.7	0.03977	0.02948
34.8	0.03989	0.02963
34.9	0.04009	0.0299
35	0.04006	0.02993
35.1	0.03996	0.02979
35.2	0.03997	0.02962
35.3	0.03982	0.02957
35.4	0.03963	0.0296
35.5	0.0398	0.02962
35.6	0.03987	0.02957
35.7	0.04012	0.02947
35.8	0.04046	0.02961
35.9	0.04063	0.02963
36	0.04073	0.02976
36.1	0.04068	0.02962
36.2	0.04076	0.02962
36.3	0.04046	0.02963
36.4	0.04028	0.02973
36.5	0.04013	0.02965
36.6	0.04017	0.02963
36.7	0.04016	0.02961
36.8	0.04015	0.02961
36.9	0.0402	0.02959
37	0.04016	0.02961
37.1	0.04018	0.02968
37.2	0.04017	0.02962
37.3	0.04014	0.02969
37.4	0.04013	0.02975
37.5	0.04017	0.0298
37.6	0.04021	0.02987
37.7	0.04054	0.02987
37.8	0.04081	0.03001
37.9	0.04095	0.03002
38	0.04088	0.02985
38.1	0.04098	0.02996
38.2	0.04088	0.03
38.3	0.04076	0.02996
38.4	0.04062	0.02996
38.5	0.04061	0.02992
38.6	0.04069	0.02989
38.7	0.04065	0.02982
38.8	0.04062	0.02984
38.9	0.04057	0.02993
39	0.04055	0.02994
39.1	0.04055	0.02998
39.2	0.04076	0.03025
39.3	0.04065	0.03028
39.4	0.04049	0.03017
39.5	0.0404	0.03022
39.6	0.04049	0.03028
39.7	0.04072	0.0304
39.8	0.04091	0.0306
39.9	0.04088	0.03046
40	0.04091	0.03038
40.1	0.0412	0.0305
40.2	0.0414	0.03057
40.3	0.04151	0.03049
40.4	0.04167	0.03064
40.5	0.04154	0.03052
40.6	0.04129	0.03044
40.7	0.04125	0.03053
40.8	0.04129	0.03056
40.9	0.04151	0.03066
41	0.04154	0.0309
41.1	0.04133	0.03114
41.2	0.0415	0.0313
41.3	0.0413	0.03122
41.4	0.04103	0.03092
41.5	0.04097	0.03081
41.6	0.04116	0.03069
41.7	0.04129	0.03054
41.8	0.04123	0.03046
41.9	0.0412	0.03035
42	0.04093	0.03027
42.1	0.04098	0.0303
42.2	0.04098	0.03055
42.3	0.04074	0.03037
42.4	0.04073	0.03036
42.5	0.04067	0.03031
42.6	0.04067	0.03021
42.7	0.04081	0.03006
42.8	0.04104	0.03008
42.9	0.04126	0.03008
43	0.04112	0.03011
43.1	0.04114	0.03018
43.2	0.04113	0.03035
43.3	0.04109	0.03025
43.4	0.0411	0.03017
43.5	0.04102	0.03005
43.6	0.04105	0.03019
43.7	0.04107	0.03018
43.8	0.04109	0.03018
43.9	0.04097	0.03016
44	0.04066	0.03021
44.1	0.04064	0.03015
44.2	0.04064	0.03013
44.3	0.04086	0.03026
44.4	0.04091	0.03032
44.5	0.04104	0.03028
44.6	0.04106	0.0302
44.7	0.04083	0.03028
44.8	0.04087	0.03027
44.9	0.04087	0.0303
45	0.04087	0.0303
45.1	0.04065	0.0303
45.2	0.04065	0.03022
45.3	0.04095	0.03022
45.4	0.04102	0.03022
45.5	0.04087	0.03015
45.6	0.04087	0.03052
45.7	0.04102	0.03081
45.8	0.04088	0.03035
45.9	0.04092	0.0303
46	0.04108	0.03022
46.1	0.04107	0.03025
46.2	0.04113	0.03024
46.3	0.04118	0.03024
46.4	0.04123	0.03021
46.5	0.0412	0.03027
46.6	0.04129	0.03026
46.7	0.04136	0.03021
46.8	0.04136	0.03019
46.9	0.04117	0.03008
47	0.0411	0.03013
47.1	0.04153	0.03022
47.2	0.04139	0.03049
47.3	0.04129	0.03053
47.4	0.04136	0.03043
47.5	0.04113	0.03019
47.6	0.04121	0.03024
47.7	0.04125	0.03021
47.8	0.04139	0.03052
47.9	0.04117	0.03052
48	0.04139	0.03037
48.1	0.04146	0.03052
48.2	0.04168	0.03066
48.3	0.04168	0.03103
48.4	0.04153	0.03074
48.5	0.04124	0.03096
48.6	0.04122	0.03092
48.7	0.04118	0.03074
48.8	0.04116	0.03068
48.9	0.04104	0.03061
49	0.04082	0.03061
49.1	0.04073	0.03062
49.2	0.04083	0.03078
49.3	0.04077	0.03086
49.4	0.04085	0.03106
49.5	0.0409	0.03127
49.6	0.04106	0.03114
49.7	0.04104	0.03095
49.8	0.04102	0.03062
49.9	0.04117	0.03082
50	0.04122	0.0309
50.1	0.04122	0.0309
50.2	0.0412	0.03089
50.3	0.04115	0.03084
50.4	0.04116	0.03074
50.5	0.04114	0.03083
50.6	0.04112	0.03091
50.7	0.04122	0.03065
50.8	0.04106	0.0305
50.9	0.04093	0.03048
51	0.04066	0.0304
51.1	0.0408	0.03043
51.2	0.04078	0.03047
51.3	0.0408	0.03047
51.4	0.04078	0.03049
51.5	0.04083	0.03048
51.6	0.04097	0.0305
51.7	0.04081	0.03054
51.8	0.04095	0.03051
51.9	0.04079	0.03045
52	0.04092	0.03045
52.1	0.04097	0.03046
52.2	0.0408	0.03046
52.3	0.04065	0.03045
52.4	0.04062	0.03051
52.5	0.04044	0.03053
52.6	0.04036	0.03047
52.7	0.0404	0.0304
52.8	0.04056	0.03039
52.9	0.04061	0.03036
53	0.04075	0.03033
53.1	0.04068	0.03041
53.2	0.0407	0.03041
53.3	0.04034	0.03033
53.4	0.04029	0.03039
53.5	0.04028	0.03037
53.6	0.0402	0.0304
53.7	0.04017	0.0304
53.8	0.04018	0.03032
53.9	0.04012	0.03024
54	0.04009	0.03038
54.1	0.04014	0.0304
54.2	0.0403	0.03038
54.3	0.0404	0.03039
54.4	0.04029	0.03033
54.5	0.04011	0.03021
54.6	0.04021	0.03027
54.7	0.04012	0.03024
54.8	0.0402	0.03032
54.9	0.04033	0.03041
55	0.04045	0.03042
55.1	0.04049	0.03042
55.2	0.04059	0.03044
55.3	0.0404	0.03037
55.4	0.04065	0.03048
55.5	0.04068	0.03048
55.6	0.0407	0.03047
55.7	0.04079	0.03043
55.8	0.04084	0.03038
55.9	0.04093	0.0304
56	0.04091	0.03039
56.1	0.04077	0.03028
56.2	0.04082	0.0303
56.3	0.04065	0.03022
56.4	0.04051	0.03024
56.5	0.04051	0.03016
56.6	0.04057	0.03026
56.7	0.04044	0.0306
56.8	0.04043	0.03059
56.9	0.04047	0.03063
57	0.04048	0.03057
57.1	0.04058	0.0304
57.2	0.04057	0.03039
57.3	0.04048	0.03046
57.4	0.04052	0.0304
57.5	0.04073	0.03044
57.6	0.04081	0.03053
57.7	0.04089	0.0309
57.8	0.04084	0.03098
57.9	0.04084	0.03094
58	0.04094	0.03084
58.1	0.04122	0.03092
58.2	0.04122	0.03092
58.3	0.04095	0.03087
58.4	0.04082	0.03067
58.5	0.04108	0.03059
58.6	0.04108	0.03051
58.7	0.04104	0.03049
58.8	0.04087	0.03049
58.9	0.0407	0.03046
59	0.04072	0.03045
59.1	0.04067	0.03046
59.2	0.04069	0.03063
59.3	0.04063	0.03058
59.4	0.04068	0.03064
59.5	0.04073	0.03064
59.6	0.04069	0.03058
59.7	0.0406	0.03064
59.8	0.04082	0.03051
59.9	0.04081	0.03054
60	0.04121	0.03087
60.1	0.04129	0.03106
60.2	0.04125	0.03101
60.3	0.04122	0.03097
60.4	0.04125	0.03104
60.5	0.04123	0.03102
60.6	0.04124	0.03109
60.7	0.04124	0.03101
60.8	0.04121	0.03099
60.9	0.04125	0.0309
61	0.04124	0.03093
61.1	0.04124	0.03093
61.2	0.04116	0.03068
61.3	0.04121	0.03093
61.4	0.04124	0.03093
61.5	0.04125	0.03099
61.6	0.04123	0.03101
61.7	0.04125	0.03099
61.8	0.04125	0.03091
61.9	0.04122	0.03092
62	0.04124	0.03093
62.1	0.04132	0.03094
62.2	0.04126	0.03092
62.3	0.04121	0.03093
62.4	0.0412	0.03068
62.5	0.04125	0.03092
62.6	0.04124	0.03094
62.7	0.04127	0.031
62.8	0.04127	0.03101
62.9	0.04128	0.03095
63	0.04132	0.03086
63.1	0.04133	0.03077
63.2	0.04125	0.03082
63.3	0.04129	0.03085
63.4	0.04133	0.03094
63.5	0.04125	0.03091
63.6	0.04123	0.03081
63.7	0.04127	0.03075
63.8	0.04123	0.03092
63.9	0.04119	0.03093
64	0.04106	0.03097
64.1	0.04119	0.03093
64.2	0.04124	0.03093
64.3	0.04134	0.0309
64.4	0.04157	0.03089
64.5	0.04158	0.03086
64.6	0.0416	0.03088
64.7	0.04161	0.03088
64.8	0.04165	0.03105
64.9	0.04162	0.03106
65	0.04163	0.03099
65.1	0.04156	0.0309
65.2	0.04161	0.03098
65.3	0.04163	0.03098
65.4	0.04169	0.03113
65.5	0.04176	0.03128
65.6	0.04189	0.03133
65.7	0.04205	0.03128
65.8	0.04195	0.03127
65.9	0.04176	0.03099
66	0.04171	0.03097
66.1	0.0416	0.0309
66.2	0.04157	0.0309
66.3	0.04144	0.03089
66.4	0.04158	0.03086
66.5	0.0415	0.03084
66.6	0.04133	0.03065
66.7	0.0413	0.03061
66.8	0.04124	0.03072
66.9	0.04136	0.03065
67	0.04127	0.03061
67.1	0.04142	0.0307
67.2	0.04137	0.03075
67.3	0.04125	0.03065
67.4	0.04123	0.03055
67.5	0.04122	0.03061
67.6	0.04104	0.03069
67.7	0.0411	0.03049
67.8	0.04095	0.0305
67.9	0.04069	0.03065
68	0.0405	0.03071
68.1	0.04062	0.03069
68.2	0.04074	0.03058
68.3	0.04083	0.03051
68.4	0.0408	0.0305
68.5	0.04078	0.03049
68.6	0.04061	0.03048
68.7	0.04063	0.03053
68.8	0.04068	0.03051
68.9	0.0408	0.03053
69	0.0408	0.03048
69.1	0.04114	0.03048
69.2	0.0412	0.03083
69.3	0.04122	0.03084
69.4	0.04123	0.03088
69.5	0.04123	0.03085
69.6	0.04118	0.03092
69.7	0.04122	0.03088
69.8	0.04085	0.0308
69.9	0.04073	0.03085
70	0.04065	0.03082
70.1	0.04066	0.03086
70.2	0.04075	0.03064
70.3	0.0408	0.03058
70.4	0.04081	0.0305
70.5	0.04081	0.03046
70.6	0.0411	0.03055
70.7	0.04121	0.03084
70.8	0.04109	0.03084
70.9	0.04101	0.03081
71	0.0412	0.03083
71.1	0.04125	0.03064
71.2	0.04122	0.03057
71.3	0.04122	0.03065
71.4	0.04125	0.03088
71.5	0.04123	0.03063
71.6	0.04136	0.03066
71.7	0.04135	0.03058
71.8	0.04134	0.03059
71.9	0.04125	0.03061
72	0.0412	0.03049
72.1	0.04116	0.0305
72.2	0.04084	0.03052
72.3	0.0408	0.03051
72.4	0.04083	0.03047
72.5	0.04082	0.03049
72.6	0.04071	0.03045
72.7	0.04078	0.03047
72.8	0.04078	0.03053
72.9	0.0408	0.03052
73	0.04088	0.03053
73.1	0.04117	0.03048
73.2	0.04127	0.0308
73.3	0.04151	0.03061
73.4	0.04145	0.03061
73.5	0.04121	0.03081
73.6	0.04073	0.03054
73.7	0.0406	0.03039
73.8	0.04052	0.03033
73.9	0.04039	0.03042
74	0.04028	0.03039
74.1	0.04028	0.03038
74.2	0.04028	0.03038
74.3	0.04017	0.03041
74.4	0.04011	0.03041
74.5	0.04018	0.0304
74.6	0.04013	0.0304
74.7	0.04019	0.03039
74.8	0.04019	0.0304
74.9	0.04015	0.0304
75	0.04023	0.03042
75.1	0.04016	0.03039
75.2	0.04023	0.03036
75.3	0.0401	0.03038
75.4	0.04005	0.0304
75.5	0.0402	0.03037
75.6	0.04018	0.03038
75.7	0.04019	0.03039
75.8	0.04021	0.03039
75.9	0.04024	0.03041
76	0.04018	0.03037
76.1	0.0401	0.03038
76.2	0.04021	0.03038
76.3	0.04043	0.0302
76.4	0.04043	0.03035
76.5	0.04033	0.03044
76.6	0.04023	0.03043
76.7	0.04021	0.03035
76.8	0.0402	0.03041
76.9	0.0402	0.03039
77	0.04019	0.0304
77.1	0.04022	0.03038
77.2	0.04024	0.03033
77.3	0.0402	0.03039
77.4	0.04017	0.0304
77.5	0.04016	0.0304
77.6	0.04	0.03039
77.7	0.03998	0.03039
77.8	0.03981	0.0304
77.9	0.03982	0.03043
78	0.03975	0.03042
78.1	0.03994	0.03032
78.2	0.03998	0.03037
78.3	0.04005	0.03032
78.4	0.04016	0.03039
78.5	0.04011	0.0304
78.6	0.04008	0.0304
78.7	0.04014	0.03039
78.8	0.04025	0.03038
78.9	0.04034	0.03037
79	0.04042	0.03036
79.1	0.04058	0.03041
79.2	0.04042	0.03036
79.3	0.04064	0.03034
79.4	0.04062	0.03033
79.5	0.04065	0.03035
79.6	0.04068	0.0304
79.7	0.04065	0.03034
79.8	0.04066	0.03036
79.9	0.04062	0.03042
80	0.0405	0.03036
80.1	0.04033	0.03033
80.2	0.04018	0.03037
80.3	0.04026	0.03037
80.4	0.04027	0.03038
80.5	0.04033	0.03041
80.6	0.04034	0.03041
80.7	0.0403	0.03039
80.8	0.04007	0.03037
80.9	0.04026	0.03037
81	0.04031	0.03041
81.1	0.04028	0.03042
81.2	0.04017	0.03039
81.3	0.04018	0.03038
81.4	0.04018	0.03039
81.5	0.04027	0.03042
81.6	0.04051	0.03038
81.7	0.04072	0.03043
81.8	0.04066	0.03042
81.9	0.04039	0.03042
82	0.04053	0.03033
82.1	0.04061	0.03036
82.2	0.0404	0.03041
82.3	0.04033	0.03042
82.4	0.04038	0.03043
82.5	0.04041	0.03063
82.6	0.04034	0.03042
82.7	0.04027	0.03037
82.8	0.04035	0.03037
82.9	0.04035	0.03042
83	0.04026	0.03039
83.1	0.0403	0.0304
83.2	0.04045	0.0304
83.3	0.0404	0.0304
83.4	0.0406	0.03042
83.5	0.04062	0.0304
83.6	0.0405	0.03037
83.7	0.04051	0.03038
83.8	0.04039	0.0304
83.9	0.0404	0.03041
84	0.04042	0.0304
84.1	0.04033	0.03041
84.2	0.04041	0.03039
84.3	0.04064	0.03041
84.4	0.04066	0.03035
84.5	0.04075	0.03043
84.6	0.04067	0.03041
84.7	0.04061	0.03067
84.8	0.04066	0.03055
84.9	0.0409	0.03073
85	0.04106	0.03072
85.1	0.04075	0.03098
85.2	0.04064	0.03102
85.3	0.04049	0.03111
85.4	0.04067	0.03114
85.5	0.0407	0.03104
85.6	0.0406	0.03108
85.7	0.0406	0.0311
85.8	0.04076	0.031
85.9	0.04083	0.03096
86	0.0407	0.03091
86.1	0.04063	0.03093
86.2	0.04048	0.03087
86.3	0.0405	0.03099
86.4	0.04058	0.0309
86.5	0.04054	0.0308
86.6	0.04048	0.03078
86.7	0.04059	0.03067
86.8	0.04088	0.03077
86.9	0.04111	0.03075
87	0.04117	0.03069
87.1	0.04119	0.03075
87.2	0.04122	0.03079
87.3	0.04121	0.03081
87.4	0.04127	0.03084
87.5	0.04126	0.03078
87.6	0.04126	0.0308
87.7	0.04133	0.03076
87.8	0.04129	0.03072
87.9	0.04139	0.03076
88	0.0415	0.03075
88.1	0.0417	0.03083
88.2	0.04172	0.03086
88.3	0.04175	0.03083
88.4	0.04173	0.03085
88.5	0.04176	0.03096
88.6	0.04173	0.03086
88.7	0.04172	0.03084
88.8	0.04174	0.03087
88.9	0.04172	0.03082
89	0.04176	0.03084
89.1	0.04174	0.03084
89.2	0.04197	0.03088
89.3	0.04181	0.03083
89.4	0.04176	0.03084
89.5	0.04159	0.03085
89.6	0.0415	0.03078
89.7	0.04148	0.03075
89.8	0.04167	0.03082
89.9	0.04154	0.03083
90	0.04139	0.03089
90.1	0.04129	0.03082
90.2	0.04125	0.03082
90.3	0.04136	0.03101
90.4	0.04138	0.03098
90.5	0.04135	0.03106
90.6	0.04138	0.031
90.7	0.04134	0.03084
90.8	0.04134	0.03066
90.9	0.04132	0.03072
91	0.04127	0.03074
91.1	0.0411	0.0304
91.2	0.04095	0.03038
91.3	0.04106	0.03039
91.4	0.04088	0.03036
91.5	0.04082	0.03037
91.6	0.04081	0.03033
91.7	0.0408	0.03039
91.8	0.04085	0.03038
91.9	0.041	0.03037
92	0.04085	0.03038
92.1	0.04105	0.0304
92.2	0.04106	0.03039
92.3	0.041	0.0304
92.4	0.04087	0.03043
92.5	0.04087	0.03042
92.6	0.04088	0.03043
92.7	0.04077	0.03059
92.8	0.04084	0.03046
92.9	0.04093	0.03042
93	0.04109	0.03049
93.1	0.0412	0.03063
93.2	0.04128	0.0306
93.3	0.04133	0.03059
93.4	0.04128	0.03062
93.5	0.04127	0.03063
93.6	0.04125	0.03063
93.7	0.04158	0.03064
93.8	0.04141	0.03065
93.9	0.04134	0.03065
94	0.04128	0.03061
94.1	0.04137	0.03065
94.2	0.04126	0.03061
94.3	0.04127	0.03057
94.4	0.04132	0.03057
94.5	0.04134	0.0306
94.6	0.0413	0.03061
94.7	0.04127	0.03063
94.8	0.04128	0.03066
94.9	0.04142	0.03061
95	0.04161	0.03064
95.1	0.04153	0.031
95.2	0.04149	0.0311
95.3	0.04165	0.0308
95.4	0.04175	0.03091
95.5	0.04162	0.03089
95.6	0.04151	0.03065
95.7	0.04166	0.03056
95.8	0.04173	0.0307
95.9	0.04174	0.03073
96	0.04138	0.03076
96.1	0.04131	0.03072
96.2	0.04129	0.03062
96.3	0.04111	0.0306
96.4	0.04119	0.03065
96.5	0.04121	0.03065
96.6	0.04119	0.03058
96.7	0.04119	0.0306
96.8	0.04108	0.03055
96.9	0.04112	0.0306
97	0.0411	0.0306
97.1	0.04109	0.03051
97.2	0.04086	0.03035
97.3	0.04086	0.03036
97.4	0.04087	0.03034
97.5	0.04089	0.03037
97.6	0.04088	0.03038
97.7	0.04092	0.03042
97.8	0.04088	0.03052
97.9	0.04086	0.0304
98	0.04086	0.0304
98.1	0.04087	0.03035
98.2	0.04082	0.03035
98.3	0.04077	0.03048
98.4	0.04079	0.03042
98.5	0.0408	0.03046
98.6	0.04082	0.03049
98.7	0.04081	0.03051
98.8	0.04079	0.03044
98.9	0.04077	0.03044
99	0.0408	0.0305
99.1	0.04102	0.03052
99.2	0.04102	0.03052
99.3	0.04104	0.03049
99.4	0.04102	0.03048
99.5	0.04108	0.03053
99.6	0.0413	0.03063
99.7	0.04135	0.03085
99.8	0.04143	0.03086
99.9	0.04157	0.03083
100	0.04152	0.03074
100.1	0.04126	0.03078
100.2	0.04133	0.03072
100.3	0.04129	0.03067
100.4	0.04129	0.03065
100.5	0.04122	0.03054
100.6	0.04121	0.03066
100.7	0.0412	0.03064
100.8	0.04115	0.03054
100.9	0.0412	0.03066
101	0.0412	0.03065
101.1	0.04118	0.03059
101.2	0.04119	0.0305
101.3	0.04122	0.03057
101.4	0.04124	0.03065
101.5	0.041	0.03058
101.6	0.04119	0.03056
101.7	0.04124	0.03058
101.8	0.04126	0.03061
101.9	0.04128	0.03061
102	0.04122	0.03067
102.1	0.04128	0.03063
102.2	0.04124	0.03063
102.3	0.04123	0.03074
102.4	0.04126	0.03062
102.5	0.04148	0.03056
102.6	0.04143	0.0306
102.7	0.04139	0.03061
102.8	0.04132	0.03058
102.9	0.04121	0.03054
103	0.04117	0.03052
103.1	0.04105	0.03042
103.2	0.04119	0.03036
103.3	0.04131	0.03034
103.4	0.04127	0.03037
103.5	0.04098	0.03041
103.6	0.04121	0.03036
103.7	0.04104	0.0304
103.8	0.04136	0.03052
103.9	0.04155	0.03054
104	0.04142	0.03038
104.1	0.04136	0.0304
104.2	0.04132	0.03047
104.3	0.04103	0.03044
104.4	0.04089	0.03049
104.5	0.04083	0.03049
104.6	0.04069	0.03051
104.7	0.0407	0.03053
104.8	0.04085	0.0305
104.9	0.04088	0.03051
105	0.04071	0.0305
105.1	0.04086	0.03053
105.2	0.04108	0.03059
105.3	0.04125	0.03061
105.4	0.04137	0.03051
105.5	0.0416	0.0305
105.6	0.04161	0.03055
105.7	0.04143	0.03059
105.8	0.04145	0.03052
105.9	0.04137	0.03061
106	0.04146	0.03068
106.1	0.04151	0.03071
106.2	0.04174	0.03078
106.3	0.04177	0.03072
106.4	0.04185	0.03076
106.5	0.0418	0.03068
106.6	0.04182	0.03078
106.7	0.04169	0.03074
106.8	0.04156	0.03063
106.9	0.04138	0.03067
107	0.04133	0.03076
107.1	0.04119	0.03072
107.2	0.04124	0.03072
107.3	0.04129	0.03086
107.4	0.04128	0.03074
107.5	0.04124	0.03071
107.6	0.0411	0.03066
107.7	0.0408	0.03051
107.8	0.04045	0.03069
107.9	0.04029	0.0307
108	0.04033	0.03069
108.1	0.04045	0.03047
108.2	0.04034	0.0306
108.3	0.0404	0.03048
108.4	0.04034	0.03059
108.5	0.04035	0.03055
108.6	0.0403	0.03053
108.7	0.04029	0.03052
108.8	0.04036	0.03047
108.9	0.04039	0.03039
109	0.04048	0.03041
109.1	0.04066	0.03047
109.2	0.04065	0.03045
109.3	0.04065	0.03047
109.4	0.04061	0.03041
109.5	0.0405	0.03033
109.6	0.0405	0.03025
109.7	0.04049	0.03026
109.8	0.0405	0.03031
109.9	0.04044	0.03033
110	0.04045	0.03031
110.1	0.04013	0.03047
110.2	0.03987	0.03051
110.3	0.03986	0.0305
110.4	0.03997	0.03047
110.5	0.0401	0.03051
110.6	0.04007	0.03047
110.7	0.04024	0.03053
110.8	0.04022	0.03054
110.9	0.04049	0.03048
111	0.0407	0.03047
111.1	0.04068	0.03048
111.2	0.04083	0.03048
111.3	0.04115	0.03047
111.4	0.0412	0.03046
111.5	0.04125	0.03047
111.6	0.04122	0.03047
111.7	0.04121	0.03047
111.8	0.04125	0.03054
111.9	0.04126	0.03051
112	0.04143	0.03053
112.1	0.04151	0.03053
112.2	0.04157	0.03081
112.3	0.04178	0.03069
112.4	0.04186	0.0308
112.5	0.04182	0.03086
112.6	0.04183	0.03084
112.7	0.04189	0.03086
112.8	0.04191	0.03084
112.9	0.04193	0.03081
113	0.04186	0.03067
113.1	0.04182	0.03069
113.2	0.04187	0.03079
113.3	0.04181	0.03073
113.4	0.04183	0.03086
113.5	0.04192	0.03081
113.6	0.04162	0.03093
113.7	0.04165	0.03092
113.8	0.04185	0.03084
113.9	0.04171	0.03073
114	0.04166	0.03059
114.1	0.04169	0.03058
114.2	0.04165	0.03057
114.3	0.04142	0.03056
114.4	0.04163	0.03062
114.5	0.04159	0.03061
114.6	0.04159	0.03063
114.7	0.04164	0.03066
114.8	0.04161	0.03067
114.9	0.04145	0.03064
115	0.04148	0.03063
115.1	0.0416	0.03063
115.2	0.04152	0.03058
115.3	0.0415	0.03059
115.4	0.04153	0.03061
115.5	0.04176	0.03071
115.6	0.04159	0.03058
115.7	0.0416	0.03059
115.8	0.04158	0.03059
115.9	0.0414	0.03063
116	0.04136	0.03061
116.1	0.04133	0.03058
116.2	0.04128	0.03056
116.3	0.04122	0.03052
116.4	0.04128	0.03055
116.5	0.0413	0.03063
116.6	0.0414	0.03063
116.7	0.04128	0.03057
116.8	0.04132	0.03057
116.9	0.04141	0.0306
117	0.0414	0.03059
117.1	0.04154	0.03076
117.2	0.04142	0.03062
117.3	0.0415	0.03061
117.4	0.04131	0.03062
117.5	0.04129	0.0306
117.6	0.04123	0.03067
117.7	0.04126	0.03068
117.8	0.04123	0.03061
117.9	0.04127	0.03066
118	0.04139	0.03061
118.1	0.04143	0.03064
118.2	0.0413	0.03068
118.3	0.0413	0.03068
118.4	0.04119	0.03072
118.5	0.04111	0.0306
118.6	0.04095	0.03069
118.7	0.04093	0.03072
118.8	0.04084	0.0307
118.9	0.04081	0.03061
119	0.04037	0.03057
119.1	0.04074	0.03058
119.2	0.0409	0.03049
119.3	0.04102	0.03053
119.4	0.04098	0.0305
119.5	0.04081	0.03049
119.6	0.0408	0.03047
119.7	0.04076	0.03049
119.8	0.04076	0.03053
119.9	0.04076	0.03051
120	0.04107	0.03058
120.1	0.04121	0.0305
120.2	0.04106	0.03055
120.3	0.0409	0.03054
120.4	0.0409	0.0305
120.5	0.04084	0.03049
120.6	0.04097	0.0305
120.7	0.04101	0.0305
120.8	0.04101	0.03052
120.9	0.04092	0.03049
121	0.04094	0.03049
121.1	0.04095	0.03049
121.2	0.04088	0.03051
121.3	0.04081	0.03053
121.4	0.04104	0.0304
121.5	0.04102	0.03041
121.6	0.04099	0.03043
121.7	0.04096	0.03043
121.8	0.04094	0.03048
121.9	0.04084	0.03042
122	0.04083	0.03043
122.1	0.04076	0.03037
122.2	0.04061	0.03042
122.3	0.04058	0.03042
122.4	0.04027	0.03058
122.5	0.04027	0.03058
122.6	0.04027	0.03059
122.7	0.0403	0.03058
122.8	0.04031	0.03044
122.9	0.04029	0.03047
123	0.04022	0.03047
123.1	0.04032	0.03043
123.2	0.04028	0.03045
123.3	0.04026	0.03058
123.4	0.04032	0.03059
123.5	0.04032	0.03059
123.6	0.04028	0.03053
123.7	0.04049	0.03048
123.8	0.04072	0.03047
123.9	0.04066	0.03067
124	0.04063	0.0307
124.1	0.04083	0.03059
124.2	0.04116	0.03049
124.3	0.04115	0.03048
124.4	0.04115	0.03048
124.5	0.04092	0.03047
124.6	0.04098	0.03036
124.7	0.04088	0.03039
124.8	0.04031	0.03016
124.9	0.0402	0.03017
125	0.04029	0.03027
125.1	0.04017	0.03047
125.2	0.04017	0.03051
125.3	0.04025	0.0305
125.4	0.04032	0.03035
125.5	0.04031	0.03032
125.6	0.04025	0.03038
125.7	0.04028	0.03028
125.8	0.04009	0.03042
125.9	0.04011	0.0305
126	0.0403	0.03061
126.1	0.04023	0.03057
126.2	0.04031	0.03053
126.3	0.04029	0.03032
126.4	0.04028	0.03028
126.5	0.04027	0.03024
126.6	0.04039	0.03028
126.7	0.04042	0.03029
126.8	0.04034	0.0303
126.9	0.04044	0.03026
127	0.04045	0.03026
127.1	0.04049	0.03034
127.2	0.04051	0.03037
127.3	0.04039	0.03046
127.4	0.04037	0.03046
127.5	0.04054	0.03044
127.6	0.04062	0.03038
127.7	0.04055	0.03037
127.8	0.04061	0.03038
127.9	0.04066	0.03043
128	0.04076	0.03049
128.1	0.04111	0.03053
128.2	0.04117	0.03052
128.3	0.04115	0.03051
128.4	0.04113	0.0304
128.5	0.04112	0.03044
128.6	0.04112	0.03042
128.7	0.04087	0.03046
128.8	0.0408	0.03044
128.9	0.04106	0.03051
129	0.04102	0.03045
129.1	0.04105	0.03047
129.2	0.04109	0.03054
129.3	0.0411	0.03055
129.4	0.04107	0.03051
129.5	0.04099	0.03053
129.6	0.0411	0.03057
129.7	0.04116	0.03066
129.8	0.04113	0.03065
129.9	0.04115	0.03066
130	0.04119	0.03078
130.1	0.0413	0.03096
130.2	0.04167	0.03086
130.3	0.04159	0.03075
130.4	0.04157	0.03065
130.5	0.04131	0.03063
130.6	0.04138	0.03063
130.7	0.04151	0.0306
130.8	0.04154	0.03058
130.9	0.04172	0.0306
131	0.04178	0.03064
131.1	0.04164	0.03062
131.2	0.04162	0.03067
131.3	0.04158	0.03059
131.4	0.04122	0.03056
131.5	0.04108	0.03048
131.6	0.04107	0.03049
131.7	0.04114	0.03057
131.8	0.04114	0.03059
131.9	0.04112	0.0306
132	0.04116	0.0308
132.1	0.04141	0.03081
132.2	0.04142	0.03073
132.3	0.04149	0.03067
132.4	0.04149	0.03073
132.5	0.04146	0.03071
132.6	0.04146	0.03067
132.7	0.04146	0.03067
132.8	0.04144	0.03068
132.9	0.04139	0.03061
133	0.0413	0.03056
133.1	0.04119	0.0305
133.2	0.04117	0.0305
133.3	0.0412	0.03046
133.4	0.04111	0.03048
133.5	0.04113	0.03045
133.6	0.04111	0.03046
133.7	0.04121	0.03058
133.8	0.04125	0.03054
133.9	0.04121	0.03055
134	0.04119	0.03058
134.1	0.04098	0.03052
134.2	0.04086	0.03052
134.3	0.04092	0.0305
134.4	0.04091	0.03054
134.5	0.04096	0.03074
134.6	0.04097	0.03072
134.7	0.04076	0.03075
134.8	0.04072	0.0306
134.9	0.04077	0.03053
135	0.04098	0.0306
135.1	0.0412	0.03062
135.2	0.04142	0.03058
135.3	0.04154	0.03058
135.4	0.04155	0.03059
135.5	0.04154	0.03059
135.6	0.04158	0.03059
135.7	0.04158	0.03064
135.8	0.04117	0.03072
135.9	0.0411	0.03074
136	0.04086	0.03066
136.1	0.04068	0.0306
136.2	0.04072	0.03057
136.3	0.04066	0.03065
136.4	0.04069	0.03054
136.5	0.04068	0.03053
136.6	0.04067	0.03049
136.7	0.04072	0.03048
136.8	0.0408	0.03047
136.9	0.04086	0.03039
137	0.04086	0.03044
137.1	0.04094	0.03047
137.2	0.04093	0.03057
137.3	0.04091	0.03048
137.4	0.04073	0.03023
137.5	0.04057	0.03023
137.6	0.04048	0.03021
137.7	0.04049	0.03027
137.8	0.04057	0.03036
137.9	0.04075	0.03047
138	0.04108	0.03037
138.1	0.04103	0.03039
138.2	0.04089	0.03044
138.3	0.04094	0.03059
138.4	0.04092	0.03082
138.5	0.04093	0.03059
138.6	0.04089	0.03058
138.7	0.04094	0.03062
138.8	0.04081	0.03072
138.9	0.04076	0.03068
139	0.04101	0.03061
139.1	0.04116	0.03063
139.2	0.04128	0.03061
139.3	0.04151	0.03064
139.4	0.0417	0.03087
139.5	0.04179	0.03079
139.6	0.04185	0.03079
139.7	0.04196	0.03097
139.8	0.04198	0.03119
139.9	0.042	0.03128
140	0.04205	0.03134
140.1	0.04182	0.03118
140.2	0.04183	0.03134
140.3	0.04178	0.0312
140.4	0.04162	0.0312
140.5	0.04173	0.03124
140.6	0.04176	0.03121
140.7	0.04172	0.03101
140.8	0.04155	0.03099
140.9	0.04137	0.03091
141	0.04105	0.03093
141.1	0.04114	0.03066
141.2	0.04114	0.03064
141.3	0.04113	0.03061
141.4	0.04128	0.03062
141.5	0.04129	0.03075
141.6	0.04112	0.03087
141.7	0.04125	0.03085
141.8	0.04162	0.0309
141.9	0.04181	0.03089
142	0.0418	0.03084
142.1	0.04181	0.03083
142.2	0.04178	0.03083
142.3	0.04168	0.03085
142.4	0.04109	0.03072
142.5	0.04109	0.03072
142.6	0.04111	0.03079
142.7	0.04119	0.03067
142.8	0.04115	0.0307
142.9	0.04121	0.03066
143	0.04116	0.03063
143.1	0.04114	0.03058
143.2	0.04121	0.03056
143.3	0.04136	0.0304
143.4	0.04121	0.03043
143.5	0.04104	0.03045
143.6	0.04124	0.03042
143.7	0.04121	0.03044
143.8	0.04118	0.03044
143.9	0.0412	0.03047
144	0.04091	0.03044
144.1	0.04092	0.03045
144.2	0.04102	0.0306
144.3	0.04089	0.03053
144.4	0.0409	0.03042
144.5	0.04092	0.03045
144.6	0.04142	0.03059
144.7	0.04118	0.03065
144.8	0.04108	0.03051
144.9	0.04115	0.03053
145	0.04118	0.03056
145.1	0.04129	0.03059
145.2	0.04126	0.0306
145.3	0.04127	0.03061
145.4	0.04126	0.03062
145.5	0.04097	0.03069
145.6	0.04051	0.03058
145.7	0.04049	0.03056
145.8	0.04053	0.03059
145.9	0.04063	0.03054
146	0.04058	0.0305
146.1	0.04056	0.03055
146.2	0.04053	0.03057
146.3	0.0405	0.03062
146.4	0.0405	0.03057
146.5	0.04046	0.03054
146.6	0.04031	0.03052
146.7	0.04039	0.03057
146.8	0.04054	0.03055
146.9	0.04057	0.03051
147	0.04064	0.03041
147.1	0.04064	0.03049
147.2	0.04066	0.03045
147.3	0.04072	0.03048
147.4	0.04076	0.03049
147.5	0.04089	0.03047
147.6	0.0407	0.03047
147.7	0.04061	0.03046
147.8	0.04063	0.03048
147.9	0.0407	0.03048
148	0.04067	0.03033
148.1	0.04067	0.03035
148.2	0.04068	0.03039
148.3	0.04062	0.03039
148.4	0.04061	0.03034
148.5	0.04063	0.03034
148.6	0.04069	0.03039
148.7	0.04068	0.03039
148.8	0.04065	0.03038
148.9	0.04064	0.03042
149	0.04064	0.03037
149.1	0.04065	0.03033
149.2	0.04083	0.03035
149.3	0.04079	0.03037
149.4	0.04084	0.03033
149.5	0.04122	0.03034
149.6	0.04123	0.03049
149.7	0.04121	0.03046
149.8	0.04125	0.03048
149.9	0.04126	0.03037
150	0.04101	0.03046
150.1	0.04104	0.03049
150.2	0.04101	0.03054
150.3	0.04095	0.03051
150.4	0.04102	0.03039
150.5	0.041	0.03039
150.6	0.04104	0.03038
150.7	0.04117	0.03039
150.8	0.04115	0.03057
150.9	0.04128	0.03058
151	0.04135	0.03058
151.1	0.04139	0.0306
151.2	0.0417	0.03064
151.3	0.0416	0.03061
151.4	0.04161	0.03063
151.5	0.04144	0.03057
151.6	0.04148	0.03058
151.7	0.04149	0.03053
151.8	0.04168	0.03055
151.9	0.04174	0.03059
152	0.04186	0.0307
152.1	0.04183	0.03069
152.2	0.04185	0.03072
152.3	0.04184	0.03072
152.4	0.04179	0.03069
152.5	0.04179	0.03071
152.6	0.0418	0.03077
152.7	0.04179	0.03082
152.8	0.04184	0.03081
152.9	0.04188	0.03074
153	0.04182	0.03073
153.1	0.04186	0.03077
153.2	0.04162	0.03062
153.3	0.04119	0.0306
153.4	0.0412	0.03059
153.5	0.04123	0.03061
153.6	0.04128	0.03062
153.7	0.0414	0.03063
153.8	0.04138	0.0306
153.9	0.04125	0.0306
154	0.04104	0.03064
154.1	0.04102	0.03067
154.2	0.04099	0.03071
154.3	0.04101	0.03073
154.4	0.041	0.03075
154.5	0.04104	0.03081
154.6	0.041	0.03067
154.7	0.04102	0.0307
154.8	0.04111	0.03068
154.9	0.04111	0.0307
155	0.04115	0.03073
155.1	0.04099	0.03075
155.2	0.04103	0.0307
155.3	0.04102	0.03071
155.4	0.04111	0.03069
155.5	0.04137	0.0306
155.6	0.04135	0.03062
155.7	0.04136	0.03069
155.8	0.04167	0.03077
155.9	0.04187	0.03075
156	0.04192	0.03095
156.1	0.04193	0.03097
156.2	0.04198	0.03099
156.3	0.04197	0.03098
156.4	0.04197	0.03096
156.5	0.04202	0.03095
156.6	0.04193	0.03095
156.7	0.04197	0.03094
156.8	0.04191	0.03092
156.9	0.04194	0.03094
157	0.04192	0.03094
157.1	0.04189	0.03088
157.2	0.04179	0.03082
157.3	0.04168	0.03064
157.4	0.04157	0.0309
157.5	0.04155	0.03094
157.6	0.04158	0.03094
157.7	0.0418	0.03086
157.8	0.04173	0.03081
157.9	0.04147	0.03082
158	0.0416	0.03057
158.1	0.0416	0.03057
158.2	0.04156	0.03051
158.3	0.04122	0.0305
158.4	0.04098	0.0305
158.5	0.0409	0.03047
158.6	0.0409	0.03053
158.7	0.04104	0.03062
158.8	0.04123	0.03059
158.9	0.0412	0.03064
159	0.04132	0.03059
159.1	0.04165	0.0306
159.2	0.04175	0.03094
159.3	0.04175	0.03088
159.4	0.04164	0.03092
159.5	0.04166	0.03086
159.6	0.04166	0.03085
159.7	0.04165	0.03086
159.8	0.04165	0.03088
159.9	0.04138	0.03083
160	0.04146	0.03066
160.1	0.04172	0.03071
160.2	0.04143	0.03074
160.3	0.04148	0.03067
160.4	0.04144	0.0307
160.5	0.04153	0.03067
160.6	0.04123	0.0309
160.7	0.04115	0.03091
160.8	0.04109	0.03079
160.9	0.04107	0.03083
161	0.04109	0.03093
161.1	0.0411	0.03096
161.2	0.04113	0.03106
161.3	0.04113	0.03107
161.4	0.04111	0.03106
161.5	0.04111	0.03105
161.6	0.0411	0.03095
161.7	0.04111	0.03089
161.8	0.04114	0.03075
161.9	0.04116	0.03092
162	0.04109	0.03082
162.1	0.04122	0.03092
162.2	0.0414	0.031
162.3	0.04159	0.03098
162.4	0.04152	0.03094
162.5	0.04138	0.03081
162.6	0.04126	0.03092
162.7	0.04125	0.03092
162.8	0.0413	0.03099
162.9	0.04144	0.03106
163	0.04162	0.03094
163.1	0.0418	0.03087
163.2	0.04188	0.03106
163.3	0.042	0.0312
163.4	0.04183	0.03144
163.5	0.04188	0.03119
163.6	0.04194	0.03116
163.7	0.0419	0.03111
163.8	0.04175	0.03102
163.9	0.04181	0.03101
164	0.04179	0.0309
164.1	0.04182	0.0308
164.2	0.04186	0.0309
164.3	0.04195	0.03097
164.4	0.042	0.03101
164.5	0.04191	0.03097
164.6	0.04207	0.0312
164.7	0.0424	0.03117
164.8	0.04238	0.03133
164.9	0.04229	0.03133
165	0.04233	0.0313
165.1	0.04216	0.031
165.2	0.04193	0.03093
165.3	0.04191	0.03092
165.4	0.0419	0.03096
165.5	0.04198	0.03103
165.6	0.04204	0.03101
165.7	0.04201	0.03102
165.8	0.04214	0.03097
165.9	0.04208	0.03102
166	0.04198	0.03102
166.1	0.04197	0.03098
166.2	0.04209	0.03098
166.3	0.04211	0.03097
166.4	0.04222	0.031
166.5	0.04236	0.03107
166.6	0.0424	0.03108
166.7	0.04226	0.03101
166.8	0.04219	0.03104
166.9	0.04226	0.03125
167	0.04233	0.03111
167.1	0.04229	0.03105
167.2	0.0423	0.03106
167.3	0.04235	0.03112
167.4	0.04242	0.0311
167.5	0.04243	0.03118
167.6	0.04244	0.03136
167.7	0.04242	0.03119
167.8	0.04233	0.03109
167.9	0.0422	0.03097
168	0.04214	0.03097
168.1	0.04221	0.03099
168.2	0.04204	0.031
168.3	0.04205	0.03099
168.4	0.04219	0.03096
168.5	0.04215	0.031
168.6	0.04211	0.03097
168.7	0.04209	0.03098
168.8	0.04212	0.03097
168.9	0.04223	0.0311
169	0.04223	0.03101
169.1	0.04209	0.03102
169.2	0.04207	0.03096
169.3	0.04197	0.031
169.4	0.04191	0.03083
169.5	0.04196	0.03088
169.6	0.04198	0.03088
169.7	0.04198	0.03091
169.8	0.04199	0.03096
169.9	0.04198	0.03096
170	0.0421	0.03094
170.1	0.04192	0.03086
170.2	0.04188	0.03079
170.3	0.0419	0.03087
170.4	0.04196	0.03104
170.5	0.04198	0.03106
170.6	0.04225	0.03126
170.7	0.04237	0.03127
170.8	0.0424	0.03129
170.9	0.04247	0.03111
171	0.04236	0.03103
171.1	0.04233	0.03117
171.2	0.04238	0.0311
171.3	0.04225	0.03103
171.4	0.04214	0.03108
171.5	0.04214	0.03103
171.6	0.04197	0.03102
171.7	0.04171	0.03079
171.8	0.04183	0.03077
171.9	0.04186	0.03084
172	0.04198	0.03096
172.1	0.04196	0.03091
172.2	0.04191	0.03089
172.3	0.04192	0.03093
172.4	0.04194	0.03089
172.5	0.04197	0.03078
172.6	0.04194	0.03062
172.7	0.04192	0.03057
172.8	0.04195	0.03056
172.9	0.04244	0.0307
173	0.04243	0.03069
173.1	0.0424	0.03065
173.2	0.0423	0.03068
173.3	0.04225	0.03063
173.4	0.04182	0.03066
173.5	0.04181	0.03068
173.6	0.04177	0.03058
173.7	0.04191	0.03068
173.8	0.04224	0.0307
173.9	0.04217	0.03068
174	0.04217	0.03062
174.1	0.04207	0.03071
174.2	0.04186	0.03044
174.3	0.0419	0.03038
174.4	0.04198	0.03051
174.5	0.04194	0.03049
174.6	0.04192	0.03049
174.7	0.04181	0.03044
174.8	0.04184	0.03047
174.9	0.04183	0.03046
175	0.04184	0.03046
175.1	0.04195	0.03051
175.2	0.04191	0.03058
175.3	0.04189	0.03059
175.4	0.04191	0.03059
175.5	0.04226	0.03066
175.6	0.0422	0.03062
175.7	0.04224	0.03058
175.8	0.04223	0.03054
175.9	0.04244	0.0306
176	0.04246	0.03064
176.1	0.04245	0.0306
176.2	0.04249	0.03065
176.3	0.04249	0.03073
176.4	0.04247	0.03063
176.5	0.04246	0.0306
176.6	0.04251	0.0307
176.7	0.04228	0.03053
176.8	0.04236	0.03078
176.9	0.04228	0.03066
177	0.04227	0.03066
177.1	0.04209	0.03065
177.2	0.04205	0.03069
177.3	0.04216	0.03064
177.4	0.04211	0.03065
177.5	0.0422	0.03063
177.6	0.04212	0.03061
177.7	0.04214	0.03062
177.8	0.04207	0.03057
177.9	0.04187	0.03037
178	0.04154	0.03045
178.1	0.04172	0.03041
178.2	0.04166	0.03028
178.3	0.04151	0.03031
178.4	0.04157	0.03034
178.5	0.04134	0.0303
178.6	0.04135	0.0304
178.7	0.04138	0.03048
178.8	0.04169	0.03069
178.9	0.0417	0.03069
179	0.04196	0.03058
179.1	0.04193	0.03049
179.2	0.04189	0.0304
179.3	0.04187	0.03038
179.4	0.04187	0.03038
179.5	0.04186	0.03038
179.6	0.04187	0.03042
179.7	0.04193	0.03044
179.8	0.04189	0.0304
179.9	0.04189	0.03041
180	0.0419	0.03041
180.1	0.04194	0.03042
180.2	0.04194	0.03058
180.3	0.04196	0.0305
180.4	0.04197	0.03051
180.5	0.04201	0.03059
180.6	0.042	0.03064
180.7	0.04214	0.03083
180.8	0.04224	0.03073
180.9	0.04226	0.03063
181	0.04215	0.03057
181.1	0.04214	0.03053
181.2	0.04214	0.03061
181.3	0.04216	0.03064
181.4	0.04217	0.03059
181.5	0.04214	0.03053
181.6	0.04211	0.0306
181.7	0.0419	0.0307
181.8	0.04151	0.0307
181.9	0.04152	0.03063
182	0.0415	0.03039
182.1	0.04138	0.03048
182.2	0.0413	0.03043
182.3	0.04136	0.03041
182.4	0.04134	0.03057
182.5	0.04129	0.03055
182.6	0.04131	0.03058
182.7	0.04118	0.03063
182.8	0.04112	0.03058
182.9	0.04111	0.03058
183	0.04126	0.03044
183.1	0.04131	0.0303
183.2	0.04131	0.03048
183.3	0.04139	0.03049
183.4	0.04139	0.03048
183.5	0.04139	0.0305
183.6	0.04133	0.03037
183.7	0.04136	0.03045
183.8	0.04135	0.03041
183.9	0.04123	0.03034
184	0.0413	0.03036
184.1	0.04132	0.03033
184.2	0.04137	0.03035
184.3	0.04138	0.03034
184.4	0.04172	0.03047
184.5	0.04158	0.0306
184.6	0.04182	0.03065
184.7	0.04184	0.03069
184.8	0.04178	0.03059
184.9	0.04165	0.03054
185	0.04168	0.03056
185.1	0.04167	0.0305
185.2	0.04171	0.0305
185.3	0.04168	0.03052
185.4	0.04166	0.03057
185.5	0.04144	0.03055
185.6	0.04123	0.03055
185.7	0.04133	0.03035
185.8	0.04134	0.03031
185.9	0.0413	0.03027
186	0.04125	0.03028
186.1	0.04117	0.03042
186.2	0.04123	0.03048
186.3	0.04122	0.03027
186.4	0.04123	0.03029
186.5	0.04141	0.03029
186.6	0.04139	0.03031
186.7	0.0413	0.03027
186.8	0.04121	0.03028
186.9	0.04109	0.03035
187	0.04113	0.03044
187.1	0.04107	0.03041
187.2	0.04111	0.03038
187.3	0.04116	0.0303
187.4	0.04131	0.03032
187.5	0.04135	0.0303
187.6	0.0414	0.03037
187.7	0.04129	0.03043
187.8	0.04132	0.03034
187.9	0.04134	0.03028
188	0.04132	0.03032
188.1	0.04132	0.03047
188.2	0.04133	0.03049
188.3	0.04136	0.03057
188.4	0.04138	0.03035
188.5	0.0414	0.03036
188.6	0.04138	0.03029
188.7	0.04137	0.03035
188.8	0.04117	0.03041
188.9	0.04131	0.03044
189	0.04159	0.03056
189.1	0.04155	0.03067
189.2	0.04161	0.03069
189.3	0.0416	0.03067
189.4	0.0416	0.03068
189.5	0.0416	0.03067
189.6	0.04186	0.03068
189.7	0.04191	0.03068
189.8	0.04196	0.03065
189.9	0.04207	0.03068
190	0.042	0.03067
190.1	0.04203	0.03064
190.2	0.04222	0.03067
190.3	0.04227	0.03071
190.4	0.04227	0.03073
190.5	0.04231	0.03077
190.6	0.04232	0.03074
190.7	0.04227	0.03073
190.8	0.04226	0.03078
190.9	0.04225	0.03074
191	0.04228	0.03071
191.1	0.04225	0.03062
191.2	0.04226	0.03065
191.3	0.0423	0.0307
191.4	0.04232	0.03076
191.5	0.04232	0.03081
191.6	0.04234	0.03082
191.7	0.04239	0.03078
191.8	0.04241	0.03077
191.9	0.04242	0.03076
192	0.04242	0.03081
192.1	0.04241	0.03076
192.2	0.04231	0.03067
192.3	0.04231	0.03067
192.4	0.04232	0.03068
192.5	0.04237	0.03072
192.6	0.04231	0.03077
192.7	0.04227	0.03073
192.8	0.04231	0.03078
192.9	0.04231	0.03076
193	0.04227	0.03069
193.1	0.04211	0.0306
193.2	0.04201	0.03058
193.3	0.04187	0.0305
193.4	0.04186	0.03052
193.5	0.04171	0.03052
193.6	0.04175	0.03055
193.7	0.04186	0.03053
193.8	0.04176	0.03053
193.9	0.04157	0.03051
194	0.0416	0.03054
194.1	0.04159	0.03054
194.2	0.04155	0.03056
194.3	0.04154	0.0305
194.4	0.04162	0.03053
194.5	0.04163	0.03053
194.6	0.0418	0.03053
194.7	0.04189	0.03058
194.8	0.04195	0.03056
194.9	0.04198	0.03066
195	0.04204	0.03071
195.1	0.04217	0.03069
195.2	0.04218	0.03061
195.3	0.04216	0.03062
195.4	0.04222	0.03063
195.5	0.04228	0.03066
195.6	0.04227	0.03067
195.7	0.04227	0.03069
195.8	0.04229	0.03066
195.9	0.04229	0.03067
196	0.04231	0.03068
196.1	0.04223	0.03071
196.2	0.0423	0.03074
196.3	0.04228	0.03066
196.4	0.04225	0.03067
196.5	0.04222	0.03069
196.6	0.04235	0.0308
196.7	0.04239	0.03078
196.8	0.04243	0.03073
196.9	0.04239	0.03075
197	0.04232	0.03067
197.1	0.04231	0.03068
197.2	0.04242	0.03096
197.3	0.04258	0.03124
197.4	0.04242	0.03124
197.5	0.04241	0.03126
197.6	0.04232	0.03118
197.7	0.04231	0.03113
197.8	0.04235	0.03101
197.9	0.04237	0.031
198	0.04232	0.0307
198.1	0.04231	0.03067
198.2	0.04229	0.03067
198.3	0.04223	0.03065
198.4	0.04216	0.03061
198.5	0.04207	0.03061
198.6	0.04204	0.03069
198.7	0.04209	0.03066
198.8	0.04216	0.03064
198.9	0.04214	0.03062
199	0.04207	0.0306
199.1	0.04209	0.03065
199.2	0.04203	0.0307
199.3	0.04206	0.03067
199.4	0.04215	0.03065
199.5	0.04212	0.03067
199.6	0.04211	0.03064
199.7	0.04225	0.03062
199.8	0.04227	0.03063
199.9	0.0423	0.03066
200	0.04231	0.03068
200.1	0.04229	0.03068
200.2	0.04229	0.03065
200.3	0.04227	0.03063
200.4	0.04226	0.03064
200.5	0.04229	0.03066
200.6	0.04232	0.0307
200.7	0.04229	0.03064
200.8	0.04226	0.03063
200.9	0.04226	0.03063
201	0.04201	0.03061
201.1	0.04204	0.03062
201.2	0.04207	0.03062
201.3	0.04203	0.03063
201.4	0.04205	0.03063
201.5	0.04207	0.03066
201.6	0.04216	0.03064
201.7	0.04204	0.03062
201.8	0.04197	0.03061
201.9	0.042	0.03063
202	0.04204	0.03063
202.1	0.04199	0.03061
202.2	0.04196	0.03062
202.3	0.04196	0.03062
202.4	0.04192	0.03062
202.5	0.04172	0.03055
202.6	0.04182	0.0306
202.7	0.0419	0.03061
202.8	0.04194	0.03064
202.9	0.04193	0.03066
203	0.04176	0.03067
203.1	0.0418	0.03062
203.2	0.04179	0.03058
203.3	0.0419	0.03056
203.4	0.04196	0.03059
203.5	0.04189	0.03056
203.6	0.04161	0.03053
203.7	0.04155	0.0305
203.8	0.04188	0.03056
203.9	0.04178	0.0306
204	0.04148	0.03056
204.1	0.04161	0.03059
204.2	0.04148	0.03063
204.3	0.04156	0.0306
204.4	0.04162	0.03051
204.5	0.04158	0.03051
204.6	0.0416	0.03052
204.7	0.04163	0.03052
204.8	0.04171	0.03053
204.9	0.04154	0.03053
205	0.0415	0.03047
205.1	0.04165	0.03048
205.2	0.04156	0.03059
205.3	0.04172	0.03054
205.4	0.04164	0.03052
205.5	0.04147	0.03041
205.6	0.04152	0.03044
205.7	0.04172	0.03052
205.8	0.04154	0.03043
205.9	0.04159	0.03043
206	0.04154	0.0304
206.1	0.04149	0.03042
206.2	0.04147	0.03044
206.3	0.0415	0.0305
206.4	0.04139	0.03059
206.5	0.0414	0.03063
206.6	0.04162	0.03062
206.7	0.04164	0.03066
206.8	0.04166	0.03063
206.9	0.04162	0.03063
207	0.04176	0.0306
207.1	0.04182	0.03061
207.2	0.04182	0.03062
207.3	0.0417	0.0306
207.4	0.04144	0.03045
207.5	0.04137	0.03037
207.6	0.04143	0.03039
207.7	0.04149	0.03043
207.8	0.04157	0.03041
207.9	0.04145	0.03041
208	0.04145	0.03045
208.1	0.04133	0.03046
208.2	0.04119	0.03049
208.3	0.0412	0.03053
208.4	0.04129	0.03053
208.5	0.04138	0.03049
208.6	0.04126	0.03044
208.7	0.04116	0.03039
208.8	0.04085	0.03046
208.9	0.04089	0.03042
209	0.04107	0.03035
209.1	0.04139	0.03038
209.2	0.04113	0.03031
209.3	0.04114	0.03031
209.4	0.04111	0.03042
209.5	0.04114	0.03034
209.6	0.04112	0.03038
209.7	0.04114	0.03049
209.8	0.04107	0.03051
209.9	0.04091	0.03049
210	0.0408	0.03042
210.1	0.0407	0.03029
210.2	0.04068	0.0304
210.3	0.04074	0.03043
210.4	0.0408	0.03044
210.5	0.04122	0.03034
210.6	0.04126	0.03032
210.7	0.04134	0.03035
210.8	0.04138	0.03036
210.9	0.0412	0.0303
211	0.0412	0.03034
211.1	0.04116	0.03027
211.2	0.04118	0.03026
211.3	0.04115	0.03028
211.4	0.04106	0.03028
211.5	0.04095	0.03031
211.6	0.0409	0.03035
211.7	0.04094	0.03036
211.8	0.04102	0.03031
211.9	0.04113	0.03031
212	0.04112	0.0303
212.1	0.0411	0.03028
212.2	0.04104	0.0303
212.3	0.04098	0.03028
212.4	0.04089	0.0304
212.5	0.04096	0.03034
212.6	0.04098	0.0303
212.7	0.04097	0.03034
212.8	0.04095	0.03035
212.9	0.04096	0.03033
213	0.04107	0.03035
213.1	0.04113	0.03036
213.2	0.04138	0.0303
213.3	0.0414	0.03033
213.4	0.04145	0.03036
213.5	0.04151	0.03035
213.6	0.04151	0.03034
213.7	0.0416	0.03035
213.8	0.04185	0.03036
213.9	0.04221	0.03048
214	0.04225	0.03051
214.1	0.04227	0.03061
214.2	0.04229	0.03064
214.3	0.04228	0.03064
214.4	0.04252	0.03075
214.5	0.04249	0.03079
214.6	0.04242	0.0308
214.7	0.04239	0.03082
214.8	0.0424	0.03083
214.9	0.04249	0.03085
215	0.04253	0.03084
215.1	0.04268	0.03093
215.2	0.04266	0.03096
215.3	0.04277	0.03106
215.4	0.04266	0.03099
215.5	0.04252	0.03094
215.6	0.04225	0.03068
215.7	0.0423	0.03066
215.8	0.04227	0.03063
215.9	0.04226	0.03062
216	0.04226	0.03063
216.1	0.04217	0.03058
216.2	0.04227	0.03062
216.3	0.04227	0.03064
216.4	0.04219	0.03064
216.5	0.04222	0.03066
216.6	0.04222	0.03065
216.7	0.04224	0.03063
216.8	0.04224	0.03063
216.9	0.04223	0.03063
217	0.04216	0.03062
217.1	0.04209	0.03063
217.2	0.04212	0.03063
217.3	0.04215	0.03066
217.4	0.04196	0.03064
217.5	0.04211	0.03061
217.6	0.04218	0.03063
217.7	0.04217	0.03063
217.8	0.04225	0.03064
217.9	0.04231	0.03069
218	0.0423	0.03068
218.1	0.04232	0.03066
218.2	0.04226	0.03063
218.3	0.04236	0.03069
218.4	0.04239	0.03077
218.5	0.04238	0.03075
218.6	0.04231	0.03068
218.7	0.04218	0.03067
218.8	0.04215	0.03064
218.9	0.04225	0.03063
219	0.04231	0.03066
219.1	0.04231	0.03069
219.2	0.04238	0.03074
219.3	0.04232	0.03068
219.4	0.04234	0.03071
219.5	0.04237	0.03071
219.6	0.04231	0.03065
219.7	0.04239	0.03071
219.8	0.04242	0.03069
219.9	0.04246	0.03077
220	0.04266	0.03118
220.1	0.0429	0.03123
220.2	0.04289	0.03129
220.3	0.04291	0.03138
220.4	0.04283	0.03139
220.5	0.04251	0.03133
220.6	0.04276	0.03129
220.7	0.04278	0.03124
220.8	0.04272	0.03125
220.9	0.04281	0.03126
221	0.04284	0.03122
221.1	0.04283	0.03127
221.2	0.04286	0.03126
221.3	0.0429	0.03123
221.4	0.04286	0.03121
221.5	0.04284	0.03111
221.6	0.04265	0.03107
221.7	0.04258	0.03108
221.8	0.04257	0.03098
221.9	0.04251	0.031
222	0.0425	0.03099
222.1	0.04247	0.03098
222.2	0.04247	0.03095
222.3	0.04252	0.03099
222.4	0.04252	0.031
222.5	0.04253	0.03096
222.6	0.04252	0.03099
222.7	0.0425	0.03099
222.8	0.04254	0.031
222.9	0.04253	0.03101
223	0.04252	0.03101
223.1	0.04251	0.03101
223.2	0.04239	0.03102
223.3	0.0424	0.03099
223.4	0.04224	0.03101
223.5	0.04227	0.03086
223.6	0.04237	0.03095
223.7	0.04228	0.03089
223.8	0.04226	0.03075
223.9	0.04214	0.03066
224	0.04199	0.03065
224.1	0.04198	0.03065
224.2	0.04196	0.03065
224.3	0.04203	0.03063
224.4	0.04197	0.03065
224.5	0.04207	0.03066
224.6	0.0422	0.03069
224.7	0.04217	0.0307
224.8	0.04234	0.03095
224.9	0.04239	0.03129
225	0.04242	0.03127
225.1	0.04237	0.03132
225.2	0.04241	0.03129
225.3	0.04236	0.03111
225.4	0.04225	0.03112
225.5	0.04219	0.03104
225.6	0.04236	0.03096
225.7	0.04239	0.03097
225.8	0.04244	0.03097
225.9	0.0424	0.03099
226	0.04244	0.03102
226.1	0.04245	0.03101
226.2	0.04246	0.03097
226.3	0.0425	0.031
226.4	0.04252	0.031
226.5	0.04252	0.031
226.6	0.04242	0.03077
226.7	0.04228	0.0307
226.8	0.04223	0.03061
226.9	0.04225	0.03062
227	0.04226	0.03062
227.1	0.0423	0.03064
227.2	0.04231	0.03067
227.3	0.04224	0.03064
227.4	0.04227	0.03064
227.5	0.04227	0.03064
227.6	0.04224	0.03065
227.7	0.04229	0.03066
227.8	0.04227	0.03064
227.9	0.04223	0.03065
228	0.0423	0.03066
228.1	0.04227	0.03064
228.2	0.04223	0.03063
228.3	0.04228	0.03064
228.4	0.04228	0.03064
228.5	0.04231	0.03066
228.6	0.04227	0.03063
228.7	0.04225	0.03064
228.8	0.04224	0.03062
228.9	0.04222	0.03062
229	0.0423	0.03068
229.1	0.04231	0.03065
229.2	0.04253	0.03069
229.3	0.04267	0.03071
229.4	0.04259	0.03076
229.5	0.04254	0.03075
229.6	0.04253	0.03075
229.7	0.04254	0.03076
229.8	0.04255	0.0308
229.9	0.0425	0.03078
230	0.0424	0.0307
230.1	0.04232	0.03065
230.2	0.0423	0.03065
230.3	0.04229	0.03065
230.4	0.04226	0.03063
230.5	0.04227	0.03064
230.6	0.04223	0.03064
230.7	0.04228	0.03065
230.8	0.04228	0.03064
230.9	0.04228	0.03064
231	0.0423	0.03068
231.1	0.04228	0.03066
231.2	0.04226	0.03062
231.3	0.04228	0.03063
231.4	0.0423	0.03066
231.5	0.04215	0.03061
231.6	0.04217	0.03063
231.7	0.04214	0.03061
231.8	0.04214	0.03061
231.9	0.04216	0.03064
232	0.04215	0.03063
232.1	0.04216	0.03063
232.2	0.04216	0.03064
232.3	0.04218	0.03065
232.4	0.04215	0.03063
232.5	0.04215	0.03062
232.6	0.04182	0.03055
232.7	0.04211	0.03058
232.8	0.04146	0.03044
232.9	0.04147	0.03046
233	0.04154	0.03039
233.1	0.04149	0.03041
233.2	0.04153	0.03041
233.3	0.04167	0.03044
233.4	0.04178	0.03047
233.5	0.0418	0.03045
233.6	0.04182	0.03044
233.7	0.04224	0.03061
233.8	0.04217	0.03064
233.9	0.04214	0.03061
234	0.04225	0.03064
234.1	0.04228	0.03066
234.2	0.04218	0.03062
234.3	0.04207	0.0305
234.4	0.04167	0.03048
234.5	0.04167	0.03048
234.6	0.04183	0.03049
234.7	0.04189	0.03051
234.8	0.0419	0.03052
234.9	0.04196	0.03051
235	0.04203	0.03053
235.1	0.04207	0.03057
235.2	0.04206	0.03056
235.3	0.04189	0.03052
235.4	0.0419	0.03055
235.5	0.04189	0.03054
235.6	0.04171	0.03053
235.7	0.04164	0.03051
235.8	0.04145	0.03052
235.9	0.04165	0.03054
236	0.04192	0.03058
236.1	0.04182	0.0305
236.2	0.04172	0.03044
236.3	0.04184	0.03053
236.4	0.04184	0.03053
236.5	0.04176	0.03049
236.6	0.04176	0.03051
236.7	0.04173	0.03049
236.8	0.0417	0.0305
236.9	0.0417	0.0305
237	0.0418	0.03055
237.1	0.04151	0.03049
237.2	0.04146	0.03046
237.3	0.04123	0.03041
237.4	0.04115	0.03034
237.5	0.04081	0.03047
237.6	0.04073	0.03046
237.7	0.04096	0.03041
237.8	0.04102	0.03039
237.9	0.04099	0.03043
238	0.04091	0.03045
238.1	0.04086	0.03047
238.2	0.04095	0.0306
238.3	0.04105	0.03056
238.4	0.04095	0.03056
238.5	0.04103	0.03054
238.6	0.04105	0.03051
238.7	0.04113	0.03051
238.8	0.04148	0.03054
238.9	0.04148	0.03064
239	0.04132	0.03063
239.1	0.04115	0.03043
239.2	0.04109	0.03035
239.3	0.04111	0.03032
239.4	0.04125	0.0303
239.5	0.04127	0.0303
239.6	0.04107	0.03031
239.7	0.04109	0.0303
239.8	0.04113	0.03027
239.9	0.04125	0.0303
240	0.04112	0.03027
240.1	0.04121	0.03029
240.2	0.04127	0.0303
240.3	0.04126	0.03031
240.4	0.04109	0.03029
240.5	0.04109	0.03025
240.6	0.04111	0.03028
240.7	0.04109	0.03027
240.8	0.04111	0.03029
240.9	0.04113	0.03028
241	0.04111	0.03042
241.1	0.04102	0.03037
241.2	0.04101	0.03039
241.3	0.04098	0.03041
241.4	0.04108	0.03035
241.5	0.04106	0.03033
241.6	0.04116	0.0304
241.7	0.04133	0.03036
241.8	0.04136	0.03033
241.9	0.04146	0.0304
242	0.0415	0.03034
242.1	0.04144	0.03036
242.2	0.04168	0.03043
242.3	0.0417	0.03043
242.4	0.04159	0.03035
242.5	0.04181	0.03043
242.6	0.04191	0.03039
242.7	0.04192	0.03043
242.8	0.04199	0.03046
242.9	0.04211	0.03047
243	0.0423	0.03047
243.1	0.04228	0.03061
243.2	0.04228	0.03063
243.3	0.04229	0.03065
243.4	0.04228	0.03066
243.5	0.04216	0.03064
243.6	0.04212	0.03063
243.7	0.04214	0.03061
243.8	0.04216	0.03063
243.9	0.04215	0.03064
244	0.0421	0.03066
244.1	0.04223	0.03067
244.2	0.0423	0.03068
244.3	0.04217	0.03064
244.4	0.04216	0.03064
244.5	0.04219	0.03065
244.6	0.04225	0.03063
244.7	0.04214	0.03064
244.8	0.04214	0.03063
244.9	0.04208	0.03041
245	0.04183	0.03037
245.1	0.04176	0.03028
245.2	0.04168	0.03033
245.3	0.04167	0.03044
245.4	0.04171	0.03034
245.5	0.04168	0.0303
245.6	0.04172	0.03028
245.7	0.04182	0.03042
245.8	0.04181	0.03047
245.9	0.04177	0.03046
246	0.04156	0.03044
246.1	0.04152	0.03038
246.2	0.04152	0.03033
246.3	0.04151	0.03027
246.4	0.04149	0.0303
246.5	0.04146	0.03029
246.6	0.04143	0.03027
246.7	0.04143	0.03031
246.8	0.04145	0.0303
246.9	0.04147	0.0303
247	0.04146	0.03029
247.1	0.04147	0.0303
247.2	0.04175	0.0304
247.3	0.04181	0.03041
247.4	0.04196	0.03041
247.5	0.04197	0.03038
247.6	0.04176	0.03041
247.7	0.04179	0.03041
247.8	0.04179	0.03041
247.9	0.04205	0.03046
248	0.04209	0.03046
248.1	0.0422	0.03056
248.2	0.04221	0.03053
248.3	0.04229	0.03058
248.4	0.04225	0.03054
248.5	0.04227	0.03054
248.6	0.04229	0.03057
248.7	0.04237	0.03064
248.8	0.04235	0.03064
248.9	0.04228	0.03058
249	0.04235	0.03063
249.1	0.04234	0.03063
249.2	0.04234	0.03064
249.3	0.04229	0.03065
249.4	0.04227	0.03063
249.5	0.04226	0.03065
249.6	0.04206	0.03062
249.7	0.04206	0.03064
249.8	0.04209	0.03062
249.9	0.04208	0.03062
250	0.04208	0.03064
250.1	0.04202	0.03063
250.2	0.04193	0.03063
250.3	0.04188	0.03062
250.4	0.04166	0.03062
250.5	0.04192	0.03064
250.6	0.04191	0.03062
250.7	0.04171	0.03043
250.8	0.04159	0.03045
250.9	0.04154	0.03048
251	0.04138	0.03046
251.1	0.04149	0.03039
251.2	0.04153	0.03039
251.3	0.04151	0.0304
251.4	0.04141	0.03038
251.5	0.04144	0.03039
251.6	0.04145	0.03039
251.7	0.04143	0.03038
251.8	0.04144	0.03038
251.9	0.04145	0.03038
252	0.04142	0.0304
252.1	0.04119	0.03038
252.2	0.04142	0.03039
252.3	0.04151	0.03044
252.4	0.04185	0.03048
252.5	0.04197	0.03048
252.6	0.04204	0.03045
252.7	0.042	0.03044
252.8	0.04203	0.03045
252.9	0.04206	0.03045
253	0.04207	0.03045
253.1	0.04229	0.0306
253.2	0.04234	0.03064
253.3	0.04235	0.03067
253.4	0.04236	0.03067
253.5	0.04231	0.03065
253.6	0.04225	0.03063
253.7	0.04224	0.03063
253.8	0.04226	0.03065
253.9	0.04223	0.03066
254	0.04223	0.03065
254.1	0.04228	0.03064
254.2	0.04218	0.03062
254.3	0.0421	0.03065
254.4	0.04197	0.03061
254.5	0.04206	0.03048
254.6	0.0421	0.03062
254.7	0.04229	0.03068
254.8	0.04241	0.03065
254.9	0.04242	0.0307
255	0.0423	0.03068
255.1	0.04223	0.03067
255.2	0.04229	0.03066
255.3	0.04233	0.03067
255.4	0.04236	0.03064
255.5	0.04242	0.03067
255.6	0.0425	0.0307
255.7	0.04256	0.03071
255.8	0.0428	0.03109
255.9	0.04281	0.03115
256	0.04296	0.03113
256.1	0.04281	0.03115
256.2	0.0425	0.03161
256.3	0.04243	0.03157
256.4	0.04238	0.03153
256.5	0.04223	0.03152
256.6	0.04223	0.03147
256.7	0.04223	0.03147
256.8	0.04228	0.03156
256.9	0.04227	0.03158
257	0.04224	0.03146
257.1	0.04224	0.03146
257.2	0.04221	0.03145
257.3	0.04217	0.03145
257.4	0.04216	0.03145
257.5	0.04211	0.03146
257.6	0.0419	0.03132
257.7	0.04174	0.03134
257.8	0.04206	0.03144
257.9	0.04215	0.0315
258	0.04216	0.0315
258.1	0.04216	0.0315
258.2	0.04209	0.03156
258.3	0.0422	0.03164
258.4	0.04227	0.03164
258.5	0.04239	0.03158
258.6	0.04225	0.03156
258.7	0.04211	0.0315
258.8	0.04205	0.03145
258.9	0.04195	0.03146
259	0.04204	0.03146
259.1	0.0421	0.03146
259.2	0.04209	0.03147
259.3	0.04216	0.03151
