0	0.01688	0.01282
0.1	0.01686	0.01295
0.2	0.01661	0.01307
0.3	0.01659	0.01314
0.4	0.01659	0.01328
0.5	0.01663	0.01337
0.6	0.01647	0.01365
0.7	0.01662	0.01359
0.8	0.01635	0.01357
0.9	0.01631	0.01333
1	0.01615	0.01315
1.1	0.01588	0.01321
1.2	0.01577	0.01337
1.3	0.0157	0.01308
1.4	0.01573	0.01293
1.5	0.01566	0.01329
1.6	0.0155	0.01346
1.7	0.01554	0.0133
1.8	0.01555	0.01328
1.9	0.01565	0.01301
2	0.0155	0.01289
2.1	0.01553	0.013
2.2	0.01556	0.01315
2.3	0.01562	0.01312
2.4	0.01561	0.01326
2.5	0.01565	0.01306
2.6	0.01566	0.01289
2.7	0.01556	0.01303
2.8	0.01549	0.01301
2.9	0.0155	0.01314
3	0.01539	0.01355
3.1	0.01546	0.0138
3.2	0.01559	0.01385
3.3	0.01586	0.01363
3.4	0.01619	0.01346
3.5	0.01628	0.01336
3.6	0.01653	0.01326
3.7	0.01653	0.01323
3.8	0.01673	0.01329
3.9	0.01676	0.01332
4	0.01669	0.01341
4.1	0.01676	0.01325
4.2	0.01664	0.01325
4.3	0.01651	0.01335
4.4	0.01634	0.01344
4.5	0.01628	0.01326
4.6	0.01629	0.01329
4.7	0.01624	0.01315
4.8	0.01657	0.01297
4.9	0.01668	0.01282
5	0.0169	0.01279
5.1	0.0171	0.01289
5.2	0.01711	0.01316
5.3	0.01687	0.01331
5.4	0.01686	0.01317
5.5	0.01686	0.01291
5.6	0.01691	0.01269
5.7	0.01692	0.01271
5.8	0.0171	0.01265
5.9	0.01713	0.01235
6	0.01696	0.01216
6.1	0.01666	0.01197
6.2	0.01645	0.01196
6.3	0.01649	0.01223
6.4	0.01638	0.01236
6.5	0.01637	0.01274
6.6	0.01643	0.01268
6.7	0.01651	0.01291
6.8	0.01656	0.0129
6.9	0.01669	0.01294
7	0.01701	0.01288
7.1	0.01727	0.01298
7.2	0.01746	0.01318
7.3	0.01745	0.01292
7.4	0.01754	0.01292
7.5	0.01739	0.01279
7.6	0.0173	0.01247
7.7	0.01719	0.01228
7.8	0.01693	0.01227
7.9	0.01673	0.01245
8	0.01645	0.01253
8.1	0.01643	0.01249
8.2	0.01626	0.01246
8.3	0.01614	0.01233
8.4	0.01636	0.01221
8.5	0.01638	0.01222
8.6	0.01632	0.01229
8.7	0.01648	0.0123
8.8	0.01654	0.01253
8.9	0.0164	0.01245
9	0.01618	0.01238
9.1	0.01623	0.01242
9.2	0.01632	0.01229
9.3	0.01638	0.01217
9.4	0.01636	0.01211
9.5	0.01638	0.01208
9.6	0.01662	0.01178
9.7	0.01651	0.01163
9.8	0.0164	0.0116
9.9	0.01621	0.01144
10	0.01605	0.01143
10.1	0.01593	0.01139
10.2	0.01598	0.01153
10.3	0.0163	0.01186
10.4	0.0163	0.01191
10.5	0.01645	0.01174
10.6	0.01639	0.01155
10.7	0.0163	0.01168
10.8	0.01625	0.0118
10.9	0.01637	0.01185
11	0.01623	0.0121
11.1	0.01599	0.01208
11.2	0.0161	0.01218
11.3	0.01615	0.01206
11.4	0.01623	0.01212
11.5	0.01611	0.01208
11.6	0.01619	0.01177
11.7	0.01606	0.01175
11.8	0.01585	0.01203
11.9	0.0159	0.01234
12	0.01592	0.01273
12.1	0.01614	0.01302
12.2	0.01621	0.0133
12.3	0.0166	0.0133
12.4	0.01661	0.01305
12.5	0.01628	0.01301
12.6	0.01627	0.01304
12.7	0.01642	0.0128
12.8	0.01674	0.01264
12.9	0.01677	0.01245
13	0.01645	0.01246
13.1	0.0166	0.01264
13.2	0.01653	0.01257
13.3	0.01683	0.0123
13.4	0.01696	0.01236
13.5	0.01731	0.01253
13.6	0.01751	0.01255
13.7	0.01714	0.01215
13.8	0.01733	0.01193
13.9	0.01763	0.01178
14	0.01792	0.01147
14.1	0.01787	0.01133
14.2	0.01792	0.01104
14.3	0.01784	0.01114
14.4	0.01775	0.01118
14.5	0.01758	0.01121
14.6	0.01737	0.01106
14.7	0.01724	0.01128
14.8	0.01732	0.01119
14.9	0.0172	0.01098
15	0.0171	0.01078
15.1	0.01689	0.01063
15.2	0.01724	0.01062
15.3	0.01749	0.01032
15.4	0.01777	0.01008
15.5	0.01794	0.01035
15.6	0.01807	0.01043
15.7	0.01827	0.01038
15.8	0.01838	0.01022
15.9	0.01842	0.01039
16	0.01875	0.01045
16.1	0.01876	0.01052
16.2	0.01876	0.0107
16.3	0.01874	0.01092
16.4	0.01897	0.01083
16.5	0.01917	0.01094
16.6	0.01904	0.01095
16.7	0.01895	0.01078
16.8	0.01885	0.01085
16.9	0.01866	0.01072
17	0.01883	0.01052
17.1	0.01852	0.01016
17.2	0.01868	0.00978
17.3	0.01851	0.00978
17.4	0.01835	0.00974
17.5	0.01848	0.00982
17.6	0.01874	0.00965
17.7	0.01876	0.00935
17.8	0.01867	0.00949
17.9	0.01854	0.00929
18	0.01855	0.00926
18.1	0.01836	0.0091
18.2	0.01822	0.00928
18.3	0.01774	0.00956
18.4	0.01759	0.00994
18.5	0.01753	0.00996
18.6	0.01737	0.00952
18.7	0.01732	0.00965
18.8	0.01731	0.0098
18.9	0.01724	0.00976
19	0.01723	0.00973
19.1	0.01741	0.00964
19.2	0.01765	0.00966
19.3	0.01785	0.00965
19.4	0.01797	0.00974
19.5	0.01796	0.00973
19.6	0.01793	0.00959
19.7	0.01782	0.00954
19.8	0.01816	0.00959
19.9	0.01821	0.00942
20	0.01839	0.00939
20.1	0.0186	0.00922
20.2	0.01886	0.00926
20.3	0.01893	0.00911
20.4	0.01874	0.00887
20.5	0.01897	0.00841
20.6	0.0191	0.00832
20.7	0.01919	0.00801
20.8	0.01929	0.00807
20.9	0.01934	0.0078
21	0.01951	0.00755
21.1	0.01979	0.0075
21.2	0.01946	0.00748
21.3	0.01939	0.00736
21.4	0.01951	0.0076
21.5	0.0198	0.00749
21.6	0.01956	0.00711
21.7	0.0196	0.00711
21.8	0.01986	0.00723
21.9	0.02004	0.00719
22	0.02028	0.00732
22.1	0.02035	0.00726
22.2	0.02048	0.00751
22.3	0.02063	0.00751
22.4	0.0208	0.00743
22.5	0.02102	0.00751
22.6	0.02125	0.0075
22.7	0.0213	0.00728
22.8	0.02133	0.00749
22.9	0.02123	0.0074
23	0.02114	0.007
23.1	0.0212	0.00675
23.2	0.02124	0.00649
23.3	0.02133	0.00654
23.4	0.02127	0.00639
23.5	0.0213	0.00642
23.6	0.02129	0.00616
23.7	0.02149	0.00612
23.8	0.02135	0.0062
23.9	0.02136	0.00632
24	0.02137	0.00628
24.1	0.02137	0.00596
24.2	0.0215	0.00581
24.3	0.0215	0.00565
24.4	0.02132	0.00564
24.5	0.02137	0.00572
24.6	0.02134	0.00537
24.7	0.02156	0.00527
24.8	0.02152	0.00513
24.9	0.0215	0.00486
25	0.02157	0.00478
25.1	0.02174	0.00472
25.2	0.02184	0.00474
25.3	0.02191	0.00483
25.4	0.02198	0.00458
25.5	0.02213	0.00473
25.6	0.02232	0.00458
25.7	0.02233	0.00459
25.8	0.02234	0.00446
25.9	0.02233	0.00414
26	0.02225	0.00404
26.1	0.02223	0.00411
26.2	0.02222	0.00402
26.3	0.02219	0.00387
26.4	0.02246	0.00377
26.5	0.02238	0.00386
26.6	0.02224	0.00401
26.7	0.02219	0.00403
26.8	0.02234	0.00386
26.9	0.02245	0.00388
27	0.02215	0.00359
27.1	0.02213	0.00345
27.2	0.02182	0.00323
27.3	0.02206	0.00317
27.4	0.0223	0.00307
27.5	0.02221	0.00317
27.6	0.02197	0.00312
27.7	0.02197	0.00322
27.8	0.02198	0.00327
27.9	0.02202	0.00344
28	0.02221	0.00333
28.1	0.02215	0.00326
28.2	0.02217	0.00324
28.3	0.02222	0.00324
28.4	0.02237	0.003
28.5	0.02238	0.00271
28.6	0.02237	0.00266
28.7	0.02243	0.00275
28.8	0.02241	0.00312
28.9	0.02237	0.00318
29	0.02231	0.00328
29.1	0.02206	0.00343
29.2	0.02192	0.00362
29.3	0.02169	0.00396
29.4	0.02166	0.00413
29.5	0.02177	0.00432
29.6	0.02189	0.00434
29.7	0.02192	0.00419
29.8	0.02174	0.00388
29.9	0.02189	0.00388
30	0.02182	0.0038
30.1	0.02192	0.00372
30.2	0.02182	0.00396
30.3	0.02171	0.00408
30.4	0.0218	0.00412
30.5	0.02192	0.00434
30.6	0.02191	0.00441
30.7	0.02166	0.00427
30.8	0.02168	0.00418
30.9	0.02155	0.00406
31	0.02119	0.00406
31.1	0.02116	0.00399
31.2	0.02117	0.00387
31.3	0.02117	0.0039
31.4	0.0212	0.00393
31.5	0.02118	0.00393
31.6	0.02077	0.00375
31.7	0.02065	0.00388
31.8	0.0208	0.00416
31.9	0.0208	0.00414
32	0.02101	0.00421
32.1	0.02099	0.00406
32.2	0.0209	0.00398
32.3	0.02104	0.00401
32.4	0.02083	0.00399
32.5	0.02071	0.0042
32.6	0.02065	0.00436
32.7	0.02064	0.00442
32.8	0.02075	0.00461
32.9	0.02063	0.00488
33	0.02067	0.00501
33.1	0.02039	0.0049
33.2	0.02012	0.00478
33.3	0.01986	0.005
33.4	0.01972	0.00499
33.5	0.01956	0.0052
33.6	0.01946	0.00533
33.7	0.01922	0.00567
33.8	0.01929	0.00582
33.9	0.01939	0.006
34	0.01956	0.00614
34.1	0.01965	0.006
34.2	0.01958	0.00603
34.3	0.01946	0.00605
34.4	0.0195	0.00616
34.5	0.01936	0.00613
34.6	0.01919	0.0059
34.7	0.01925	0.0059
34.8	0.01955	0.00588
34.9	0.01968	0.00583
35	0.0197	0.00564
35.1	0.01956	0.0055
35.2	0.01927	0.00552
35.3	0.01922	0.00546
35.4	0.01926	0.0054
35.5	0.01925	0.00576
35.6	0.01943	0.00588
35.7	0.01963	0.00585
35.8	0.01966	0.00557
35.9	0.01959	0.00565
36	0.01982	0.00571
36.1	0.02002	0.00577
36.2	0.01993	0.00576
36.3	0.01998	0.00554
36.4	0.0198	0.00563
36.5	0.01976	0.00552
36.6	0.01996	0.00525
36.7	0.01992	0.00527
36.8	0.01977	0.00523
36.9	0.01992	0.00549
37	0.0203	0.0056
37.1	0.02039	0.00547
37.2	0.02056	0.00537
37.3	0.02055	0.00529
37.4	0.02047	0.00543
37.5	0.02056	0.00506
37.6	0.02078	0.00461
37.7	0.02114	0.0047
37.8	0.02134	0.0047
37.9	0.02152	0.00451
38	0.0213	0.00434
38.1	0.02129	0.00451
38.2	0.02138	0.00471
38.3	0.0215	0.00468
38.4	0.02125	0.00475
38.5	0.02132	0.0048
38.6	0.02127	0.00476
38.7	0.02129	0.0047
38.8	0.02164	0.00474
38.9	0.0218	0.00484
39	0.02163	0.00471
39.1	0.02164	0.00457
39.2	0.02199	0.00463
39.3	0.02201	0.0047
39.4	0.02208	0.00466
39.5	0.02211	0.00462
39.6	0.02195	0.00466
39.7	0.02183	0.00444
39.8	0.02168	0.00436
39.9	0.0215	0.00438
40	0.02146	0.00418
40.1	0.02179	0.00422
40.2	0.02179	0.00442
40.3	0.02176	0.00456
40.4	0.02177	0.00479
40.5	0.02176	0.00484
40.6	0.02181	0.00469
40.7	0.02196	0.00465
40.8	0.02206	0.00454
40.9	0.02202	0.00458
41	0.02191	0.00449
41.1	0.02199	0.00445
41.2	0.02202	0.00428
41.3	0.02219	0.00417
41.4	0.02239	0.00392
41.5	0.02244	0.00367
41.6	0.02246	0.00343
41.7	0.0227	0.00361
41.8	0.02269	0.00362
41.9	0.02248	0.00351
42	0.02257	0.00334
42.1	0.02251	0.00299
42.2	0.02249	0.00296
42.3	0.02249	0.00313
42.4	0.02239	0.0034
42.5	0.02231	0.00322
42.6	0.02232	0.00317
42.7	0.02226	0.0032
42.8	0.02229	0.00317
42.9	0.02219	0.00316
43	0.02206	0.00312
43.1	0.02178	0.00324
43.2	0.02179	0.00309
43.3	0.02165	0.0031
43.4	0.02164	0.00327
43.5	0.02158	0.00324
43.6	0.02164	0.00315
43.7	0.02188	0.00316
43.8	0.02198	0.00299
43.9	0.02179	0.00298
44	0.02186	0.00278
44.1	0.02171	0.00261
44.2	0.02162	0.00255
44.3	0.02172	0.00274
44.4	0.02173	0.00285
44.5	0.02178	0.00285
44.6	0.02175	0.00271
44.7	0.02139	0.00264
44.8	0.02139	0.00285
44.9	0.02096	0.0031
45	0.02085	0.00345
45.1	0.02111	0.00346
45.2	0.02105	0.0034
45.3	0.02095	0.00349
45.4	0.02072	0.00351
45.5	0.02085	0.00343
45.6	0.02081	0.00365
45.7	0.02074	0.00374
45.8	0.0208	0.00384
45.9	0.02071	0.00405
46	0.02091	0.00409
46.1	0.02104	0.00411
46.2	0.02117	0.00425
46.3	0.02118	0.00402
46.4	0.02124	0.00394
46.5	0.02133	0.00374
46.6	0.0215	0.00332
46.7	0.02142	0.00334
46.8	0.02142	0.00337
46.9	0.02158	0.00338
47	0.02192	0.0033
47.1	0.0219	0.00335
47.2	0.02184	0.0036
47.3	0.02168	0.00376
47.4	0.02161	0.00357
47.5	0.02155	0.00364
47.6	0.02148	0.0036
47.7	0.02149	0.00335
47.8	0.0215	0.00321
47.9	0.02163	0.00331
48	0.02164	0.00331
48.1	0.02164	0.00337
48.2	0.02161	0.00357
48.3	0.02157	0.00367
48.4	0.02145	0.00365
48.5	0.02129	0.00356
48.6	0.02137	0.0033
48.7	0.02141	0.00331
48.8	0.0215	0.00315
48.9	0.0213	0.00317
49	0.02125	0.00305
49.1	0.02142	0.00283
49.2	0.02161	0.00261
49.3	0.02167	0.00257
49.4	0.02161	0.00272
49.5	0.0216	0.00253
49.6	0.02176	0.00227
49.7	0.02179	0.00211
49.8	0.02215	0.00221
49.9	0.02228	0.0023
50	0.02214	0.00227
50.1	0.02214	0.00223
50.2	0.0221	0.00219
50.3	0.02214	0.00214
50.4	0.02214	0.00204
50.5	0.02204	0.002
50.6	0.02228	0.00237
50.7	0.02244	0.00261
50.8	0.02263	0.0025
50.9	0.02247	0.00242
51	0.02232	0.0026
51.1	0.02247	0.00243
51.2	0.02252	0.00214
51.3	0.02254	0.00185
51.4	0.02256	0.00185
51.5	0.02268	0.00172
51.6	0.0226	0.00158
51.7	0.02256	0.00161
51.8	0.02268	0.00137
51.9	0.0228	0.00134
52	0.02281	0.00127
52.1	0.02282	0.00131
52.2	0.02266	0.00147
52.3	0.0227	0.00167
52.4	0.02233	0.00167
52.5	0.02202	0.00167
52.6	0.02197	0.00157
52.7	0.02205	0.00161
52.8	0.02229	0.00147
52.9	0.02222	0.0013
53	0.02209	0.00122
53.1	0.02168	0.00126
53.2	0.0215	0.00123
53.3	0.02162	0.00145
53.4	0.02158	0.0015
53.5	0.02142	0.0015
53.6	0.02134	0.00164
53.7	0.02144	0.00169
53.8	0.0213	0.00187
53.9	0.02114	0.00168
54	0.02111	0.00146
54.1	0.02111	0.00137
54.2	0.02105	0.00153
54.3	0.021	0.00143
54.4	0.02097	0.00118
54.5	0.02095	0.00109
54.6	0.02107	0.00108
54.7	0.02104	0.0013
54.8	0.02118	0.00138
54.9	0.02134	0.0014
55	0.02153	0.00156
55.1	0.02145	0.00141
55.2	0.02147	0.00128
55.3	0.02153	0.00137
55.4	0.02151	0.0014
55.5	0.02166	0.00158
55.6	0.02193	0.00148
55.7	0.02188	0.00142
55.8	0.02189	0.00126
55.9	0.02189	0.00139
56	0.02194	0.00152
56.1	0.02191	0.00151
56.2	0.02183	0.00165
56.3	0.02176	0.00178
56.4	0.02189	0.00183
56.5	0.0216	0.00184
56.6	0.02166	0.00206
56.7	0.02173	0.0023
56.8	0.02182	0.00253
56.9	0.0219	0.00257
57	0.02192	0.00252
57.1	0.02167	0.00231
57.2	0.02171	0.00238
57.3	0.02185	0.00236
57.4	0.02196	0.00238
57.5	0.02188	0.00238
57.6	0.02186	0.00232
57.7	0.02186	0.00221
57.8	0.02197	0.00194
57.9	0.02186	0.00198
58	0.02195	0.00208
58.1	0.02181	0.00209
58.2	0.02164	0.00224
58.3	0.02194	0.00228
58.4	0.02197	0.00221
58.5	0.02174	0.00215
58.6	0.02172	0.00195
58.7	0.02174	0.00186
58.8	0.02201	0.00175
58.9	0.0224	0.00186
59	0.02246	0.00171
59.1	0.02268	0.00179
59.2	0.0225	0.00214
59.3	0.02253	0.0023
59.4	0.02241	0.00234
59.5	0.0221	0.00262
59.6	0.02201	0.00255
59.7	0.02204	0.00231
59.8	0.02207	0.00223
59.9	0.02212	0.00241
60	0.02212	0.00215
60.1	0.02233	0.00204
60.2	0.02246	0.00208
60.3	0.02254	0.00223
60.4	0.02266	0.00237
60.5	0.0225	0.00241
60.6	0.02234	0.00237
60.7	0.02235	0.0024
60.8	0.02244	0.0025
60.9	0.02253	0.00245
61	0.02271	0.00238
61.1	0.02275	0.00229
61.2	0.02282	0.00208
61.3	0.02289	0.00202
61.4	0.02287	0.00189
61.5	0.02282	0.00183
61.6	0.02255	0.00193
61.7	0.02245	0.00179
61.8	0.02233	0.00163
61.9	0.02213	0.00179
62	0.02213	0.00178
62.1	0.02193	0.00197
62.2	0.02204	0.00214
62.3	0.02197	0.00217
62.4	0.02182	0.00227
62.5	0.02186	0.0024
62.6	0.02183	0.00221
62.7	0.02193	0.00224
62.8	0.02211	0.00242
62.9	0.02232	0.00248
63	0.02247	0.00243
63.1	0.02249	0.00246
63.2	0.02234	0.00276
63.3	0.02243	0.00262
63.4	0.02267	0.00241
63.5	0.02263	0.00235
63.6	0.02261	0.0023
63.7	0.02241	0.00232
63.8	0.02224	0.0022
63.9	0.02241	0.00223
64	0.02239	0.00227
64.1	0.0224	0.00219
64.2	0.02252	0.00224
64.3	0.0227	0.00218
64.4	0.02283	0.00218
64.5	0.02287	0.00201
64.6	0.02284	0.00182
64.7	0.02278	0.00179
64.8	0.02272	0.00148
64.9	0.02262	0.00116
65	0.02258	0.00114
65.1	0.02272	0.00125
65.2	0.02279	0.00101
65.3	0.02263	0.00084
65.4	0.02254	0.00112
65.5	0.02248	0.00128
65.6	0.02251	0.00128
65.7	0.02261	0.00124
65.8	0.02266	0.00129
65.9	0.02274	0.00116
66	0.0226	0.00113
66.1	0.02283	0.0009
66.2	0.0228	0.001
66.3	0.02293	0.00133
66.4	0.02296	0.00133
66.5	0.02305	0.00137
66.6	0.02324	0.00143
66.7	0.02335	0.00143
66.8	0.02325	0.00166
66.9	0.02344	0.00148
67	0.02367	0.00143
67.1	0.02392	0.00137
67.2	0.02398	0.00137
67.3	0.02377	0.00154
67.4	0.02383	0.00161
67.5	0.02373	0.00156
67.6	0.02352	0.00156
67.7	0.02343	0.00145
67.8	0.02345	0.00137
67.9	0.02344	0.00149
68	0.02336	0.00149
68.1	0.02331	0.00145
68.2	0.02334	0.00119
68.3	0.0233	0.00098
68.4	0.02341	0.00103
68.5	0.02383	0.00106
68.6	0.0242	0.00118
68.7	0.02435	0.00114
68.8	0.02445	0.00127
68.9	0.02439	0.00141
69	0.02422	0.00133
69.1	0.02388	0.00109
69.2	0.02379	0.00119
69.3	0.02389	0.00131
69.4	0.02395	0.00123
69.5	0.02367	0.00141
69.6	0.02349	0.00152
69.7	0.02339	0.00157
69.8	0.02338	0.00175
69.9	0.02321	0.0017
70	0.02324	0.00156
70.1	0.02328	0.0015
70.2	0.02316	0.00148
70.3	0.02304	0.00145
70.4	0.0229	0.00149
70.5	0.02301	0.00168
70.6	0.02303	0.00191
70.7	0.02321	0.00179
70.8	0.02329	0.0018
70.9	0.02348	0.00186
71	0.02351	0.00187
71.1	0.02332	0.00194
71.2	0.02338	0.00184
71.3	0.02324	0.00183
71.4	0.02334	0.00189
71.5	0.02344	0.00182
71.6	0.02341	0.00176
71.7	0.02341	0.00189
71.8	0.02331	0.0019
71.9	0.02316	0.00201
72	0.02307	0.00193
72.1	0.02329	0.00195
72.2	0.02336	0.00194
72.3	0.02329	0.00196
72.4	0.02324	0.00192
72.5	0.02296	0.00173
72.6	0.02273	0.00176
72.7	0.02264	0.00191
72.8	0.02266	0.00178
72.9	0.02275	0.00172
73	0.02256	0.00175
73.1	0.02238	0.00154
73.2	0.02238	0.00129
73.3	0.02243	0.00123
73.4	0.02265	0.00116
73.5	0.02256	0.00126
73.6	0.02234	0.00138
73.7	0.02233	0.00146
73.8	0.02243	0.00137
73.9	0.02244	0.00149
74	0.0227	0.00134
74.1	0.02274	0.0014
74.2	0.02267	0.00134
74.3	0.02252	0.00145
74.4	0.0226	0.00149
74.5	0.02247	0.00149
74.6	0.02234	0.00146
74.7	0.02208	0.00126
74.8	0.02208	0.00105
74.9	0.02232	0.00106
75	0.02218	0.00096
75.1	0.02205	0.00095
75.2	0.02212	0.00084
75.3	0.02223	0.00053
75.4	0.02209	0.00033
75.5	0.02171	0.00042
75.6	0.02155	0.00046
75.7	0.02144	0.00037
75.8	0.02129	0.00007
75.9	0.02131	0.00009
76	0.02132	0.00033
76.1	0.02148	0.00036
76.2	0.02155	0.0005
76.3	0.02158	0.00067
76.4	0.02172	0.00087
76.5	0.02185	0.00097
76.6	0.02188	0.00093
76.7	0.02155	0.00095
76.8	0.0213	0.00124
76.9	0.02127	0.00111
77	0.02151	0.00091
77.1	0.02165	0.00093
77.2	0.02151	0.00105
77.3	0.0211	0.0009
77.4	0.02097	0.00092
77.5	0.02124	0.00083
77.6	0.02114	0.00086
77.7	0.02106	0.00087
77.8	0.02095	0.00089
77.9	0.02106	0.00088
78	0.02126	0.00091
78.1	0.02141	0.00075
78.2	0.02148	0.00078
78.3	0.02143	0.0007
78.4	0.02178	0.00072
78.5	0.02206	0.00082
78.6	0.02208	0.00105
78.7	0.02211	0.00119
78.8	0.02195	0.00128
78.9	0.02173	0.00129
79	0.02178	0.00114
79.1	0.02186	0.00138
79.2	0.02164	0.00139
79.3	0.02163	0.00121
79.4	0.02201	0.00113
79.5	0.02198	0.00119
79.6	0.02167	0.00113
79.7	0.02152	0.00109
79.8	0.02166	0.00112
79.9	0.02195	0.00101
80	0.02178	0.00099
80.1	0.02195	0.00101
80.2	0.0221	0.00095
80.3	0.02239	0.00076
80.4	0.02275	0.00059
80.5	0.02274	0.00053
80.6	0.02263	0.00075
80.7	0.02232	0.00092
80.8	0.02228	0.00092
80.9	0.02222	0.00094
81	0.02229	0.00059
81.1	0.02238	0.00029
81.2	0.02222	0.00032
81.3	0.0223	0.00021
81.4	0.02231	0.00045
81.5	0.02224	0.00063
81.6	0.02222	0.00047
81.7	0.02231	0.00042
81.8	0.02234	0.00044
81.9	0.02232	0.00063
82	0.02209	0.00062
82.1	0.02234	0.00035
82.2	0.02215	0.00028
82.3	0.02204	0.00041
82.4	0.0224	0.00023
82.5	0.02274	0.00025
82.6	0.02292	0.00059
82.7	0.02301	0.00069
82.8	0.02298	0.00056
82.9	0.02303	0.00082
83	0.02297	0.00113
83.1	0.02291	0.00131
83.2	0.02326	0.0013
83.3	0.02346	0.00154
83.4	0.02353	0.00179
83.5	0.02371	0.00186
83.6	0.02376	0.00208
83.7	0.02377	0.00206
83.8	0.02361	0.0018
83.9	0.02369	0.00171
84	0.02383	0.00148
84.1	0.0234	0.00115
84.2	0.02318	0.00082
84.3	0.0232	0.00057
84.4	0.02314	0.00066
84.5	0.02331	0.00063
84.6	0.02355	0.00094
84.7	0.02355	0.00087
84.8	0.02348	0.00061
84.9	0.02353	0.0008
85	0.02365	0.00067
85.1	0.02379	0.00078
85.2	0.02372	0.00075
85.3	0.02375	0.00064
85.4	0.02371	0.00055
85.5	0.02372	0.00056
85.6	0.02374	0.00044
85.7	0.02397	0.00054
85.8	0.02391	0.00054
85.9	0.02372	0.0005
86	0.02376	0.00049
86.1	0.02364	0.00057
86.2	0.02351	0.00075
86.3	0.02364	0.00078
86.4	0.02364	0.00079
86.5	0.02343	0.00082
86.6	0.02347	0.00076
86.7	0.02348	0.00086
86.8	0.02325	0.00095
86.9	0.0233	0.0009
87	0.02329	0.00098
87.1	0.02312	0.00092
87.2	0.02302	0.00056
87.3	0.02293	0.00036
87.4	0.02289	0.00045
87.5	0.0229	0.00045
87.6	0.02291	0.00045
87.7	0.02306	0.00039
87.8	0.02318	0.00027
87.9	0.02281	0.0003
88	0.023	0.00013
88.1	0.02308	-0.00006
88.2	0.0227	-0.00022
88.3	0.02275	-0.00034
88.4	0.02265	-0.00064
88.5	0.02255	-0.00056
88.6	0.02252	-0.00053
88.7	0.02253	-0.00055
88.8	0.0226	-0.00057
88.9	0.02246	-0.00054
89	0.02216	-0.0006
89.1	0.02239	-0.00052
89.2	0.02236	-0.00056
89.3	0.02234	-0.00026
89.4	0.02214	-0.00006
89.5	0.02201	-0.00003
89.6	0.02202	0
89.7	0.02196	-0.00027
89.8	0.02196	-0.00041
89.9	0.02203	-0.00047
90	0.02241	-0.00064
90.1	0.02275	-0.0008
90.2	0.02284	-0.00073
90.3	0.02308	-0.00083
90.4	0.02314	-0.00093
90.5	0.02336	-0.00127
90.6	0.02353	-0.00134
90.7	0.02336	-0.00122
90.8	0.02358	-0.00145
90.9	0.02364	-0.00173
91	0.0237	-0.00175
91.1	0.02366	-0.00185
91.2	0.02375	-0.00222
91.3	0.02369	-0.00257
91.4	0.02372	-0.00262
91.5	0.02363	-0.00271
91.6	0.02356	-0.0026
91.7	0.02378	-0.00245
91.8	0.02374	-0.00256
91.9	0.02344	-0.00297
92	0.02351	-0.00303
92.1	0.02392	-0.0033
92.2	0.02389	-0.00353
92.3	0.02406	-0.0034
92.4	0.02397	-0.00347
92.5	0.02372	-0.0034
92.6	0.02374	-0.00375
92.7	0.02367	-0.00398
92.8	0.02354	-0.0039
92.9	0.02342	-0.00379
93	0.02334	-0.00383
93.1	0.02327	-0.00384
93.2	0.02341	-0.00373
93.3	0.02332	-0.00355
93.4	0.02309	-0.00363
93.5	0.02286	-0.00339
93.6	0.02288	-0.00365
93.7	0.02311	-0.00354
93.8	0.02313	-0.00366
93.9	0.02275	-0.00352
94	0.02284	-0.00331
94.1	0.02289	-0.00346
94.2	0.02287	-0.0035
94.3	0.02315	-0.00374
94.4	0.02319	-0.00396
94.5	0.02316	-0.00376
94.6	0.02315	-0.00378
94.7	0.02343	-0.00358
94.8	0.02349	-0.0035
94.9	0.02336	-0.0034
95	0.02365	-0.00344
95.1	0.02359	-0.00358
95.2	0.0235	-0.00349
95.3	0.02339	-0.00328
95.4	0.02332	-0.00341
95.5	0.02332	-0.00332
95.6	0.02338	-0.00312
95.7	0.02342	-0.00318
95.8	0.02358	-0.00305
95.9	0.02365	-0.00322
96	0.02365	-0.00364
96.1	0.0239	-0.00392
96.2	0.02372	-0.0041
96.3	0.02333	-0.00424
96.4	0.02327	-0.00456
96.5	0.02365	-0.00474
96.6	0.02366	-0.00467
96.7	0.02363	-0.00481
96.8	0.02321	-0.00492
96.9	0.02318	-0.00487
97	0.02328	-0.00491
97.1	0.02323	-0.0049
97.2	0.02308	-0.00489
97.3	0.0232	-0.00488
97.4	0.02311	-0.00524
97.5	0.02313	-0.00545
97.6	0.02329	-0.00545
97.7	0.02347	-0.00542
97.8	0.02359	-0.0053
97.9	0.02362	-0.00551
98	0.0235	-0.00563
98.1	0.02347	-0.00575
98.2	0.02331	-0.00592
98.3	0.02344	-0.00588
98.4	0.02363	-0.00607
98.5	0.0238	-0.00598
98.6	0.02388	-0.00593
98.7	0.02394	-0.00596
98.8	0.02399	-0.0059
98.9	0.02391	-0.00582
99	0.02383	-0.00573
99.1	0.0236	-0.00569
99.2	0.02377	-0.00594
99.3	0.02382	-0.00605
99.4	0.02354	-0.00611
99.5	0.02359	-0.0061
99.6	0.02368	-0.00583
99.7	0.02369	-0.00576
99.8	0.0238	-0.00607
99.9	0.02366	-0.00622
100	0.0236	-0.00603
100.1	0.02364	-0.00613
100.2	0.02341	-0.00591
100.3	0.02334	-0.00576
100.4	0.02342	-0.00552
100.5	0.02314	-0.00587
100.6	0.02296	-0.00575
100.7	0.02292	-0.00569
100.8	0.0227	-0.00593
100.9	0.02234	-0.00604
101	0.02205	-0.00615
101.1	0.02199	-0.00639
101.2	0.022	-0.00648
101.3	0.02229	-0.00662
101.4	0.02249	-0.00647
101.5	0.02246	-0.00627
101.6	0.0225	-0.00631
101.7	0.02241	-0.00647
101.8	0.02217	-0.00654
101.9	0.02228	-0.00641
102	0.02242	-0.00644
102.1	0.02226	-0.0065
102.2	0.02208	-0.0064
102.3	0.02208	-0.00625
102.4	0.0223	-0.00621
102.5	0.02262	-0.00629
102.6	0.02267	-0.00622
102.7	0.02267	-0.00632
102.8	0.02266	-0.00637
102.9	0.02228	-0.00624
103	0.02226	-0.00653
103.1	0.02249	-0.00677
103.2	0.02243	-0.00689
103.3	0.0222	-0.0068
103.4	0.02202	-0.00687
103.5	0.02194	-0.00672
103.6	0.02202	-0.00683
103.7	0.02208	-0.00679
103.8	0.02201	-0.00707
103.9	0.02193	-0.0071
104	0.02199	-0.00698
104.1	0.02177	-0.00703
104.2	0.0216	-0.00728
104.3	0.02176	-0.00754
104.4	0.02181	-0.0076
104.5	0.02176	-0.00752
104.6	0.02161	-0.00745
104.7	0.02149	-0.00751
104.8	0.02136	-0.00733
104.9	0.02129	-0.00748
105	0.02093	-0.00727
105.1	0.02087	-0.00741
105.2	0.02067	-0.00741
105.3	0.02074	-0.00745
105.4	0.02076	-0.00745
105.5	0.02059	-0.00762
105.6	0.02044	-0.00784
105.7	0.02039	-0.00781
105.8	0.02054	-0.00781
105.9	0.02051	-0.0078
106	0.02066	-0.00814
106.1	0.02073	-0.00845
106.2	0.02064	-0.00831
106.3	0.02045	-0.00855
106.4	0.02038	-0.00862
106.5	0.02058	-0.00866
106.6	0.02082	-0.00877
106.7	0.02115	-0.00899
106.8	0.02141	-0.00888
106.9	0.02135	-0.00895
107	0.02107	-0.00884
107.1	0.02094	-0.00882
107.2	0.02105	-0.00895
107.3	0.02079	-0.00893
107.4	0.02079	-0.0092
107.5	0.02093	-0.00922
107.6	0.02086	-0.00947
107.7	0.02082	-0.00943
107.8	0.02068	-0.00955
107.9	0.0209	-0.00927
108	0.02074	-0.00901
108.1	0.02035	-0.00883
108.2	0.02043	-0.00871
108.3	0.02046	-0.00875
108.4	0.02038	-0.0086
108.5	0.02066	-0.0087
108.6	0.02072	-0.00872
108.7	0.02047	-0.00866
108.8	0.02052	-0.00902
108.9	0.02072	-0.00917
109	0.02109	-0.00945
109.1	0.02127	-0.00955
109.2	0.02136	-0.00966
109.3	0.02125	-0.00975
109.4	0.02107	-0.00972
109.5	0.02115	-0.00969
109.6	0.02155	-0.00964
109.7	0.0216	-0.00965
109.8	0.02156	-0.00989
109.9	0.02158	-0.00999
110	0.0215	-0.01016
110.1	0.02155	-0.01011
110.2	0.02174	-0.01011
110.3	0.02195	-0.01025
110.4	0.02197	-0.01054
110.5	0.0221	-0.01045
110.6	0.02192	-0.0105
110.7	0.02163	-0.01058
110.8	0.02169	-0.01063
110.9	0.02167	-0.0109
111	0.0218	-0.01084
111.1	0.02171	-0.01108
111.2	0.02166	-0.01119
111.3	0.02188	-0.01098
111.4	0.02189	-0.01083
111.5	0.02205	-0.01095
111.6	0.02193	-0.011
111.7	0.02186	-0.01099
111.8	0.0218	-0.01103
111.9	0.02179	-0.01119
112	0.02176	-0.01123
112.1	0.02187	-0.01135
112.2	0.02196	-0.01153
112.3	0.02171	-0.01131
112.4	0.02134	-0.01156
112.5	0.02145	-0.01148
112.6	0.0215	-0.01129
112.7	0.02151	-0.01136
112.8	0.02142	-0.01127
112.9	0.02136	-0.01139
113	0.02135	-0.0115
113.1	0.02116	-0.01157
113.2	0.02136	-0.0116
113.3	0.02153	-0.01155
113.4	0.02169	-0.01168
113.5	0.02176	-0.01167
113.6	0.02168	-0.01182
113.7	0.02165	-0.01204
113.8	0.02183	-0.01228
113.9	0.02206	-0.01273
114	0.0222	-0.01277
114.1	0.02213	-0.0129
114.2	0.02203	-0.01286
114.3	0.0218	-0.01271
114.4	0.02156	-0.01255
114.5	0.02143	-0.01281
114.6	0.02135	-0.01271
114.7	0.02146	-0.01259
114.8	0.02173	-0.01268
114.9	0.02208	-0.01277
115	0.02215	-0.0126
115.1	0.02216	-0.01238
115.2	0.02247	-0.01259
115.3	0.02251	-0.01258
115.4	0.0225	-0.01252
115.5	0.02221	-0.0126
115.6	0.02215	-0.01271
115.7	0.02209	-0.01271
115.8	0.02185	-0.01261
115.9	0.02212	-0.01277
116	0.02236	-0.01297
116.1	0.02226	-0.01314
116.2	0.02222	-0.01341
116.3	0.02232	-0.01351
116.4	0.02233	-0.01353
116.5	0.02224	-0.0135
116.6	0.02246	-0.01361
116.7	0.02272	-0.01382
116.8	0.02295	-0.01392
116.9	0.02333	-0.01397
117	0.02374	-0.01399
117.1	0.02373	-0.01401
117.2	0.02384	-0.01402
117.3	0.02392	-0.01392
117.4	0.0244	-0.0141
117.5	0.02434	-0.01403
117.6	0.02443	-0.01411
117.7	0.02406	-0.0142
117.8	0.02405	-0.01408
117.9	0.02387	-0.01418
118	0.02384	-0.01432
118.1	0.02392	-0.01431
118.2	0.02401	-0.01428
118.3	0.02404	-0.01428
118.4	0.02407	-0.01402
118.5	0.02424	-0.01382
118.6	0.02431	-0.01374
118.7	0.02438	-0.01391
118.8	0.0244	-0.01398
118.9	0.02443	-0.01417
119	0.02458	-0.0141
119.1	0.02478	-0.01427
119.2	0.02479	-0.01424
119.3	0.0246	-0.01425
119.4	0.02445	-0.01422
119.5	0.02432	-0.0143
119.6	0.02429	-0.01409
119.7	0.0245	-0.01398
119.8	0.02443	-0.01386
119.9	0.0244	-0.01389
120	0.02446	-0.01371
120.1	0.02427	-0.01377
120.2	0.02392	-0.01383
120.3	0.02381	-0.0138
120.4	0.02378	-0.01356
120.5	0.02362	-0.01348
120.6	0.02359	-0.01338
120.7	0.02394	-0.01365
120.8	0.02361	-0.0138
120.9	0.02378	-0.01379
121	0.02366	-0.01354
121.1	0.02355	-0.01342
121.2	0.02363	-0.01335
121.3	0.02344	-0.01337
121.4	0.02354	-0.01349
121.5	0.02367	-0.01357
121.6	0.02387	-0.01347
121.7	0.02387	-0.01338
121.8	0.02383	-0.01352
121.9	0.02369	-0.01342
122	0.02364	-0.01311
122.1	0.02357	-0.01306
122.2	0.02318	-0.01315
122.3	0.02313	-0.01321
122.4	0.02303	-0.0132
122.5	0.02281	-0.01322
122.6	0.02265	-0.01332
122.7	0.02264	-0.01315
122.8	0.02242	-0.01331
122.9	0.02244	-0.01324
123	0.02251	-0.01343
123.1	0.02263	-0.01358
123.2	0.02262	-0.01355
123.3	0.02263	-0.01382
123.4	0.02264	-0.01395
123.5	0.02263	-0.01395
123.6	0.02285	-0.01381
123.7	0.02339	-0.01386
123.8	0.02364	-0.01393
123.9	0.02363	-0.01405
124	0.02368	-0.01407
124.1	0.02388	-0.01416
124.2	0.02375	-0.01422
124.3	0.0235	-0.01425
124.4	0.02361	-0.01424
124.5	0.02369	-0.01426
124.6	0.02361	-0.01427
124.7	0.02373	-0.01415
124.8	0.02377	-0.01411
124.9	0.02363	-0.01421
125	0.02351	-0.01426
125.1	0.02337	-0.01437
125.2	0.02321	-0.01457
125.3	0.02305	-0.0144
125.4	0.02285	-0.01416
125.5	0.02288	-0.01403
125.6	0.02318	-0.01395
125.7	0.02319	-0.01387
125.8	0.02342	-0.01386
125.9	0.02329	-0.01392
126	0.02312	-0.01384
126.1	0.02304	-0.01381
126.2	0.02301	-0.01367
126.3	0.02316	-0.01387
126.4	0.02316	-0.01391
126.5	0.02306	-0.01381
126.6	0.02312	-0.01367
126.7	0.02328	-0.01365
126.8	0.02346	-0.01373
126.9	0.02325	-0.01385
127	0.02288	-0.01366
127.1	0.02279	-0.01376
127.2	0.02274	-0.01381
127.3	0.0227	-0.01363
127.4	0.02257	-0.01332
127.5	0.02282	-0.01308
127.6	0.02306	-0.01309
127.7	0.02318	-0.01305
127.8	0.02328	-0.0133
127.9	0.02339	-0.01357
128	0.02335	-0.01364
128.1	0.02311	-0.01368
128.2	0.02303	-0.01369
128.3	0.02332	-0.01367
128.4	0.0233	-0.01369
128.5	0.02306	-0.01376
128.6	0.0229	-0.01381
128.7	0.02299	-0.01389
128.8	0.0232	-0.0139
128.9	0.02302	-0.01375
129	0.0228	-0.01362
129.1	0.02275	-0.01367
129.2	0.0226	-0.01377
129.3	0.02282	-0.01343
129.4	0.02283	-0.01324
129.5	0.02296	-0.01326
129.6	0.02285	-0.01326
129.7	0.02303	-0.01341
129.8	0.02335	-0.01346
129.9	0.02354	-0.0134
130	0.02384	-0.01364
130.1	0.02405	-0.01377
130.2	0.02422	-0.01365
130.3	0.02413	-0.01376
130.4	0.02439	-0.01361
130.5	0.02447	-0.01356
130.6	0.02464	-0.01363
130.7	0.02472	-0.01366
130.8	0.02472	-0.01377
130.9	0.02477	-0.0138
131	0.02463	-0.01392
131.1	0.02436	-0.01385
131.2	0.02416	-0.01389
131.3	0.02404	-0.01398
131.4	0.02403	-0.01386
131.5	0.02394	-0.01379
131.6	0.0238	-0.01391
131.7	0.0238	-0.01391
131.8	0.02372	-0.01407
131.9	0.02358	-0.01428
132	0.02348	-0.01439
132.1	0.02368	-0.01453
132.2	0.02353	-0.01456
132.3	0.02341	-0.01438
132.4	0.02338	-0.0142
132.5	0.02361	-0.0141
132.6	0.02381	-0.01402
132.7	0.02367	-0.01425
132.8	0.02383	-0.01437
132.9	0.02389	-0.01425
133	0.02399	-0.0142
133.1	0.02398	-0.01435
133.2	0.02401	-0.0144
133.3	0.02406	-0.01442
133.4	0.02405	-0.01438
133.5	0.02405	-0.01454
133.6	0.0241	-0.01446
133.7	0.02396	-0.01443
133.8	0.02399	-0.01433
133.9	0.02396	-0.01426
134	0.02396	-0.01434
134.1	0.02398	-0.01437
134.2	0.02391	-0.01449
134.3	0.02399	-0.01458
134.4	0.02404	-0.01465
134.5	0.02389	-0.0146
134.6	0.02388	-0.01458
134.7	0.02385	-0.01448
134.8	0.02382	-0.01457
134.9	0.02378	-0.01453
135	0.02372	-0.01455
135.1	0.02375	-0.01453
135.2	0.02393	-0.01455
135.3	0.02396	-0.01468
135.4	0.02397	-0.01468
135.5	0.02415	-0.01465
135.6	0.02405	-0.01447
135.7	0.02382	-0.01471
135.8	0.02366	-0.01461
135.9	0.02309	-0.01472
136	0.02317	-0.01473
136.1	0.02349	-0.01468
136.2	0.02365	-0.01481
136.3	0.02357	-0.01476
136.4	0.02358	-0.01467
136.5	0.02319	-0.01487
136.6	0.0233	-0.01491
136.7	0.02352	-0.01503
136.8	0.02351	-0.01539
136.9	0.02365	-0.0155
137	0.02397	-0.01545
137.1	0.02389	-0.01526
137.2	0.02367	-0.01518
137.3	0.02342	-0.0151
137.4	0.02342	-0.01497
137.5	0.02335	-0.01497
137.6	0.02341	-0.01502
137.7	0.02348	-0.01512
137.8	0.02336	-0.01524
137.9	0.02335	-0.01494
138	0.02313	-0.01508
138.1	0.02309	-0.01518
138.2	0.02311	-0.01515
138.3	0.02305	-0.01508
138.4	0.02334	-0.01508
138.5	0.02344	-0.01518
138.6	0.02337	-0.01545
138.7	0.02334	-0.01545
138.8	0.02331	-0.01528
138.9	0.02321	-0.01516
139	0.02313	-0.01521
139.1	0.02317	-0.01525
139.2	0.02315	-0.01517
139.3	0.0232	-0.0149
139.4	0.02297	-0.01504
139.5	0.02288	-0.01509
139.6	0.02307	-0.0149
139.7	0.02314	-0.01457
139.8	0.02323	-0.01447
139.9	0.02322	-0.0142
140	0.02323	-0.01406
140.1	0.02299	-0.01406
140.2	0.02302	-0.01413
140.3	0.02331	-0.01416
140.4	0.02339	-0.0141
140.5	0.02339	-0.01436
140.6	0.02336	-0.01444
140.7	0.02358	-0.01445
140.8	0.02371	-0.01458
140.9	0.02378	-0.0147
141	0.02362	-0.01458
141.1	0.02358	-0.01453
141.2	0.02342	-0.01457
141.3	0.02333	-0.01438
141.4	0.02303	-0.01436
141.5	0.02291	-0.01471
141.6	0.02258	-0.0146
141.7	0.02241	-0.01496
141.8	0.02257	-0.01508
141.9	0.02283	-0.01534
142	0.02269	-0.01537
142.1	0.02272	-0.01512
142.2	0.02284	-0.0149
142.3	0.02272	-0.0146
142.4	0.02241	-0.01441
142.5	0.02261	-0.01426
142.6	0.02284	-0.0141
142.7	0.02274	-0.01408
142.8	0.02269	-0.0143
142.9	0.02268	-0.01399
143	0.02273	-0.01409
143.1	0.02271	-0.01411
143.2	0.02289	-0.01416
143.3	0.02269	-0.01424
143.4	0.02254	-0.01418
143.5	0.02248	-0.01413
143.6	0.02243	-0.01411
143.7	0.02271	-0.01404
143.8	0.02254	-0.01381
143.9	0.02248	-0.01384
144	0.02225	-0.01361
144.1	0.02219	-0.01368
144.2	0.02196	-0.01372
144.3	0.02194	-0.01368
144.4	0.02212	-0.01367
144.5	0.02193	-0.01362
144.6	0.02189	-0.0134
144.7	0.02208	-0.01334
144.8	0.02204	-0.01339
144.9	0.02189	-0.01345
145	0.02179	-0.01362
145.1	0.02157	-0.0136
145.2	0.02153	-0.01364
145.3	0.02148	-0.01374
145.4	0.02149	-0.01389
145.5	0.02157	-0.01408
145.6	0.02178	-0.0139
145.7	0.02168	-0.01371
145.8	0.02166	-0.01372
145.9	0.02162	-0.01364
146	0.02182	-0.01382
146.1	0.02179	-0.01389
146.2	0.02187	-0.01393
146.3	0.0217	-0.01407
146.4	0.02149	-0.01413
146.5	0.02122	-0.01409
146.6	0.02119	-0.01386
146.7	0.02101	-0.01402
146.8	0.02101	-0.01402
146.9	0.02087	-0.0139
147	0.02081	-0.0138
147.1	0.02088	-0.01386
147.2	0.02079	-0.01384
147.3	0.02107	-0.01394
147.4	0.02144	-0.01386
147.5	0.0215	-0.01389
147.6	0.02157	-0.01386
147.7	0.02152	-0.01392
147.8	0.0214	-0.01377
147.9	0.02148	-0.01382
148	0.02148	-0.01389
148.1	0.02155	-0.01385
148.2	0.02168	-0.01387
148.3	0.02164	-0.01394
148.4	0.02162	-0.01389
148.5	0.02155	-0.01378
148.6	0.02173	-0.01381
148.7	0.02185	-0.01383
148.8	0.02197	-0.01381
148.9	0.02196	-0.0139
149	0.02183	-0.01404
149.1	0.02208	-0.01399
149.2	0.02205	-0.01397
149.3	0.02201	-0.01393
149.4	0.02182	-0.01416
149.5	0.02177	-0.01449
149.6	0.02194	-0.01433
149.7	0.02206	-0.01414
149.8	0.02216	-0.01411
149.9	0.02228	-0.01397
150	0.02252	-0.01393
150.1	0.02268	-0.01387
150.2	0.02262	-0.01383
150.3	0.02243	-0.0139
150.4	0.02244	-0.01379
150.5	0.02251	-0.01375
150.6	0.0225	-0.01371
150.7	0.02255	-0.0136
150.8	0.02263	-0.01358
150.9	0.02268	-0.01359
151	0.0225	-0.01365
151.1	0.02247	-0.01361
151.2	0.02259	-0.01386
151.3	0.02234	-0.01407
151.4	0.0222	-0.01389
151.5	0.02201	-0.01374
151.6	0.02206	-0.01387
151.7	0.02216	-0.01378
151.8	0.02221	-0.01364
151.9	0.02244	-0.01346
152	0.02253	-0.01333
152.1	0.02263	-0.01352
152.2	0.02258	-0.01336
152.3	0.02271	-0.01341
152.4	0.02327	-0.01349
152.5	0.02338	-0.01353
152.6	0.02337	-0.01354
152.7	0.02336	-0.01343
152.8	0.02352	-0.01333
152.9	0.02344	-0.0134
153	0.02361	-0.01338
153.1	0.02368	-0.01324
153.2	0.02357	-0.01321
153.3	0.02367	-0.01316
153.4	0.02385	-0.01297
153.5	0.02401	-0.01315
153.6	0.02391	-0.0132
153.7	0.02375	-0.01323
153.8	0.0237	-0.01319
153.9	0.02333	-0.01281
154	0.02337	-0.01255
154.1	0.02338	-0.01263
154.2	0.02353	-0.01279
154.3	0.02386	-0.01288
154.4	0.02403	-0.01279
154.5	0.02404	-0.01287
154.6	0.02415	-0.01286
154.7	0.02443	-0.0128
154.8	0.02446	-0.01273
154.9	0.02469	-0.01263
155	0.02489	-0.01274
155.1	0.02514	-0.0128
155.2	0.02518	-0.01305
155.3	0.02524	-0.01328
155.4	0.02542	-0.01317
155.5	0.02541	-0.01309
155.6	0.02547	-0.01313
155.7	0.02563	-0.01325
155.8	0.02565	-0.01311
155.9	0.02555	-0.01311
156	0.02562	-0.013
156.1	0.02547	-0.01287
156.2	0.0257	-0.0129
156.3	0.02576	-0.01282
156.4	0.02567	-0.01267
156.5	0.02544	-0.01249
156.6	0.02571	-0.01286
156.7	0.02564	-0.01294
156.8	0.02565	-0.01295
156.9	0.02583	-0.01287
157	0.02567	-0.01296
157.1	0.02583	-0.01297
157.2	0.02564	-0.01297
157.3	0.02552	-0.01275
157.4	0.0256	-0.01289
157.5	0.0254	-0.01298
157.6	0.02538	-0.01284
157.7	0.02535	-0.01277
157.8	0.02518	-0.01252
157.9	0.02499	-0.01278
158	0.02474	-0.01316
158.1	0.02465	-0.01318
158.2	0.02452	-0.01334
158.3	0.02457	-0.01342
158.4	0.02456	-0.01341
158.5	0.02447	-0.01309
158.6	0.0242	-0.01316
158.7	0.02431	-0.01344
158.8	0.0245	-0.01357
158.9	0.02442	-0.01346
159	0.02453	-0.01366
159.1	0.02452	-0.01366
159.2	0.02451	-0.01367
159.3	0.02454	-0.01375
159.4	0.02477	-0.01391
159.5	0.02486	-0.01379
159.6	0.02465	-0.01384
159.7	0.02456	-0.01381
159.8	0.02425	-0.01408
159.9	0.02409	-0.01414
160	0.02392	-0.01423
160.1	0.02379	-0.01422
160.2	0.02363	-0.01402
160.3	0.02353	-0.01391
160.4	0.02366	-0.01405
160.5	0.02393	-0.01413
160.6	0.02409	-0.0141
160.7	0.02404	-0.01389
160.8	0.02385	-0.01395
160.9	0.02374	-0.01381
161	0.02373	-0.0137
161.1	0.02377	-0.01354
161.2	0.02416	-0.01354
161.3	0.02433	-0.01376
161.4	0.02436	-0.01388
161.5	0.02459	-0.01377
161.6	0.02452	-0.01371
161.7	0.02449	-0.01382
161.8	0.02449	-0.01346
161.9	0.02437	-0.01342
162	0.02448	-0.01344
162.1	0.0245	-0.01354
162.2	0.02432	-0.01332
162.3	0.02432	-0.01335
162.4	0.02403	-0.01316
162.5	0.02378	-0.01326
162.6	0.02363	-0.01344
162.7	0.02375	-0.01337
162.8	0.02381	-0.0133
162.9	0.02383	-0.01308
163	0.02401	-0.01303
163.1	0.02418	-0.01328
163.2	0.02411	-0.01322
163.3	0.02387	-0.01343
163.4	0.02374	-0.01347
163.5	0.02396	-0.01353
163.6	0.02388	-0.01374
163.7	0.02392	-0.01393
163.8	0.0238	-0.01387
163.9	0.02365	-0.01407
164	0.02359	-0.01437
164.1	0.02348	-0.01447
164.2	0.0236	-0.01446
164.3	0.02352	-0.01432
164.4	0.02372	-0.01423
164.5	0.02359	-0.01412
164.6	0.02341	-0.01416
164.7	0.0232	-0.01428
164.8	0.02311	-0.01446
164.9	0.02327	-0.01434
165	0.02317	-0.01461
165.1	0.02297	-0.01491
165.2	0.02315	-0.01483
165.3	0.02313	-0.01487
165.4	0.02297	-0.01502
165.5	0.02303	-0.01493
165.6	0.02308	-0.01497
165.7	0.02305	-0.01496
165.8	0.02324	-0.01498
165.9	0.02301	-0.0147
166	0.02307	-0.01469
166.1	0.02306	-0.01469
166.2	0.02336	-0.01482
166.3	0.02353	-0.01464
166.4	0.02366	-0.01434
166.5	0.02399	-0.0141
166.6	0.02414	-0.01371
166.7	0.02422	-0.01385
166.8	0.02419	-0.01387
166.9	0.02438	-0.01392
167	0.0246	-0.01394
167.1	0.02481	-0.01398
167.2	0.02497	-0.01415
167.3	0.02516	-0.01406
167.4	0.02521	-0.01412
167.5	0.02522	-0.01413
167.6	0.02501	-0.01435
167.7	0.02607	-0.01438
167.8	0.0263	-0.01437
167.9	0.02658	-0.01442
168	0.02681	-0.01437
168.1	0.0269	-0.0142
168.2	0.02699	-0.01403
168.3	0.02691	-0.01407
168.4	0.02703	-0.01409
168.5	0.02704	-0.01383
168.6	0.0272	-0.01366
168.7	0.02697	-0.01371
168.8	0.02694	-0.01337
168.9	0.02702	-0.01341
169	0.02717	-0.01359
169.1	0.02732	-0.0137
169.2	0.0272	-0.01346
169.3	0.02732	-0.01364
169.4	0.02721	-0.01378
169.5	0.02717	-0.01378
169.6	0.02697	-0.01366
169.7	0.02716	-0.01373
169.8	0.02711	-0.01332
169.9	0.02699	-0.01337
170	0.0272	-0.01323
170.1	0.02719	-0.01305
170.2	0.02712	-0.01264
170.3	0.02703	-0.0125
170.4	0.02702	-0.01248
170.5	0.02723	-0.01262
170.6	0.0273	-0.01265
170.7	0.02689	-0.01255
170.8	0.02658	-0.01217
170.9	0.02662	-0.01219
171	0.02665	-0.01226
171.1	0.02684	-0.01236
171.2	0.02677	-0.0124
171.3	0.02678	-0.01232
171.4	0.02686	-0.01223
171.5	0.0271	-0.01194
171.6	0.02757	-0.01188
171.7	0.02787	-0.01182
171.8	0.02799	-0.01174
171.9	0.02791	-0.0115
172	0.0279	-0.01126
172.1	0.02789	-0.01103
172.2	0.02774	-0.01112
172.3	0.02756	-0.0112
172.4	0.02752	-0.01136
172.5	0.02758	-0.01131
172.6	0.0275	-0.01124
172.7	0.02733	-0.01123
172.8	0.02707	-0.01136
172.9	0.02673	-0.01153
173	0.02668	-0.01145
173.1	0.02641	-0.01168
173.2	0.02627	-0.01191
173.3	0.02648	-0.0119
173.4	0.02662	-0.01188
173.5	0.02655	-0.01191
173.6	0.02652	-0.01192
173.7	0.02672	-0.01188
173.8	0.02682	-0.01187
173.9	0.02681	-0.01195
174	0.02666	-0.01174
174.1	0.02646	-0.01159
174.2	0.0262	-0.01137
174.3	0.0259	-0.01133
174.4	0.02582	-0.0113
174.5	0.02576	-0.011
174.6	0.02589	-0.01049
174.7	0.02614	-0.01029
174.8	0.02625	-0.01042
174.9	0.02628	-0.01031
175	0.0262	-0.01023
175.1	0.02593	-0.01028
175.2	0.02593	-0.01005
175.3	0.02584	-0.01036
175.4	0.0258	-0.01062
175.5	0.02592	-0.01081
175.6	0.02578	-0.01087
175.7	0.02539	-0.011
175.8	0.02517	-0.01128
175.9	0.02515	-0.0114
176	0.02516	-0.0113
176.1	0.02511	-0.01123
176.2	0.02523	-0.01137
176.3	0.02535	-0.01134
176.4	0.02535	-0.01125
176.5	0.02532	-0.01139
176.6	0.02537	-0.01128
176.7	0.02535	-0.01124
176.8	0.02532	-0.0113
176.9	0.02503	-0.01131
177	0.02503	-0.01132
177.1	0.02508	-0.01122
177.2	0.02529	-0.0112
177.3	0.02544	-0.01116
177.4	0.0255	-0.01095
177.5	0.02552	-0.01068
177.6	0.0254	-0.01042
177.7	0.02531	-0.01045
177.8	0.02538	-0.01066
177.9	0.02536	-0.01071
178	0.0253	-0.01078
178.1	0.02525	-0.01085
178.2	0.02525	-0.01078
178.3	0.0253	-0.01077
178.4	0.02525	-0.01072
178.5	0.02525	-0.01074
178.6	0.02527	-0.01063
178.7	0.0252	-0.01055
178.8	0.02526	-0.01048
178.9	0.02522	-0.01046
179	0.02516	-0.01044
179.1	0.02519	-0.01042
179.2	0.02533	-0.01046
179.3	0.02535	-0.01053
179.4	0.02539	-0.01014
179.5	0.02531	-0.01004
179.6	0.02537	-0.01002
179.7	0.02529	-0.01015
179.8	0.02514	-0.01033
179.9	0.02511	-0.01029
180	0.02526	-0.01041
180.1	0.02557	-0.01045
180.2	0.02556	-0.01046
180.3	0.02542	-0.01056
180.4	0.02545	-0.01069
180.5	0.02551	-0.01057
180.6	0.02554	-0.01037
180.7	0.02533	-0.01042
180.8	0.02524	-0.01035
180.9	0.02511	-0.01039
181	0.02518	-0.01046
181.1	0.02527	-0.01049
181.2	0.02506	-0.01049
181.3	0.02491	-0.01056
181.4	0.02487	-0.01044
181.5	0.02489	-0.01033
181.6	0.02511	-0.01024
181.7	0.02533	-0.01027
181.8	0.0253	-0.01045
181.9	0.02544	-0.0104
182	0.02539	-0.01037
182.1	0.02544	-0.01022
182.2	0.02572	-0.01041
182.3	0.02594	-0.01048
182.4	0.02606	-0.01046
182.5	0.0263	-0.01043
182.6	0.02657	-0.01046
182.7	0.02656	-0.01022
182.8	0.02675	-0.01041
182.9	0.02686	-0.01043
183	0.02706	-0.01035
183.1	0.0269	-0.0101
183.2	0.02681	-0.01037
183.3	0.02683	-0.01052
183.4	0.02668	-0.01052
183.5	0.0265	-0.01068
183.6	0.02663	-0.01095
183.7	0.02685	-0.01113
183.8	0.02689	-0.01128
183.9	0.02683	-0.01148
184	0.02679	-0.01119
184.1	0.02675	-0.01093
184.2	0.02679	-0.01097
184.3	0.02683	-0.01108
184.4	0.02689	-0.01108
184.5	0.02724	-0.01098
184.6	0.02743	-0.01097
184.7	0.02739	-0.01123
184.8	0.02747	-0.01143
184.9	0.02748	-0.01165
185	0.02763	-0.01169
185.1	0.02764	-0.01171
185.2	0.02742	-0.01189
185.3	0.02713	-0.01186
185.4	0.02684	-0.01194
185.5	0.02674	-0.01188
185.6	0.0267	-0.01187
185.7	0.02651	-0.01196
185.8	0.02656	-0.012
185.9	0.02653	-0.01213
186	0.0264	-0.01222
186.1	0.02647	-0.01261
186.2	0.0266	-0.01261
186.3	0.02664	-0.01258
186.4	0.02651	-0.0126
186.5	0.02676	-0.01254
186.6	0.02673	-0.01276
186.7	0.02678	-0.01287
186.8	0.02657	-0.01306
186.9	0.02656	-0.01301
187	0.02667	-0.01284
187.1	0.02697	-0.01267
187.2	0.02711	-0.01257
187.3	0.02727	-0.01263
187.4	0.02739	-0.01281
187.5	0.02743	-0.01292
187.6	0.02746	-0.01299
187.7	0.02755	-0.01312
187.8	0.02785	-0.01294
187.9	0.02815	-0.01265
188	0.02799	-0.01259
188.1	0.02811	-0.01238
188.2	0.02817	-0.01231
188.3	0.02818	-0.01205
188.4	0.02868	-0.01207
188.5	0.02886	-0.01211
188.6	0.02909	-0.01216
188.7	0.02907	-0.01211
188.8	0.02898	-0.01219
188.9	0.02897	-0.01221
189	0.0292	-0.0121
189.1	0.02924	-0.01205
189.2	0.02913	-0.01195
189.3	0.02924	-0.01191
189.4	0.02938	-0.01191
189.5	0.02936	-0.0119
189.6	0.02939	-0.01183
189.7	0.02936	-0.01178
189.8	0.02928	-0.01173
189.9	0.02931	-0.01167
190	0.02929	-0.01155
190.1	0.02936	-0.01165
190.2	0.02963	-0.0117
190.3	0.0298	-0.01164
190.4	0.02967	-0.01183
190.5	0.02968	-0.01166
190.6	0.02976	-0.01151
190.7	0.02971	-0.01154
190.8	0.0301	-0.01168
190.9	0.03023	-0.01166
191	0.03021	-0.01155
191.1	0.03018	-0.01163
191.2	0.03007	-0.01159
191.3	0.02994	-0.0117
191.4	0.02994	-0.0117
191.5	0.02973	-0.01158
191.6	0.02971	-0.01146
191.7	0.02993	-0.01143
191.8	0.02984	-0.01124
191.9	0.02989	-0.0112
192	0.02989	-0.01089
192.1	0.02968	-0.01093
192.2	0.02962	-0.01119
192.3	0.02967	-0.01131
192.4	0.02958	-0.01141
192.5	0.02941	-0.01158
192.6	0.02921	-0.01173
192.7	0.02909	-0.01169
192.8	0.02927	-0.01149
192.9	0.0293	-0.01122
193	0.02926	-0.01119
193.1	0.02946	-0.01128
193.2	0.02956	-0.01123
193.3	0.02958	-0.01118
193.4	0.02939	-0.01107
193.5	0.02929	-0.01099
193.6	0.0293	-0.01091
193.7	0.02925	-0.01114
193.8	0.02921	-0.01117
193.9	0.02905	-0.01101
194	0.02913	-0.01102
194.1	0.0289	-0.01101
194.2	0.02859	-0.01125
194.3	0.02844	-0.0113
194.4	0.0282	-0.01109
194.5	0.0279	-0.01109
194.6	0.02787	-0.01095
194.7	0.02797	-0.01099
194.8	0.0279	-0.01105
194.9	0.0279	-0.01111
195	0.02786	-0.01114
195.1	0.02763	-0.01113
195.2	0.02754	-0.01107
195.3	0.0273	-0.01096
195.4	0.02729	-0.01098
195.5	0.02749	-0.01121
195.6	0.02785	-0.01133
195.7	0.0279	-0.01148
195.8	0.0279	-0.01173
195.9	0.02794	-0.01169
196	0.02796	-0.01172
196.1	0.02803	-0.01165
196.2	0.02784	-0.01173
196.3	0.02765	-0.01178
196.4	0.02758	-0.01179
196.5	0.02752	-0.01183
196.6	0.02743	-0.01167
196.7	0.02721	-0.01149
196.8	0.02692	-0.01154
196.9	0.0267	-0.01153
197	0.02648	-0.01141
197.1	0.02646	-0.01146
197.2	0.02637	-0.01127
197.3	0.02602	-0.01135
197.4	0.02607	-0.01161
197.5	0.02599	-0.01151
197.6	0.0261	-0.01148
197.7	0.02597	-0.01184
197.8	0.02582	-0.01182
197.9	0.02587	-0.01189
198	0.02563	-0.01194
198.1	0.02558	-0.01192
198.2	0.02538	-0.01188
198.3	0.02525	-0.01197
198.4	0.0251	-0.01166
198.5	0.02502	-0.01168
198.6	0.02487	-0.01186
198.7	0.0249	-0.01188
198.8	0.02506	-0.0118
198.9	0.02509	-0.01178
199	0.02536	-0.01148
199.1	0.02556	-0.01137
199.2	0.02558	-0.01129
199.3	0.02561	-0.01126
199.4	0.02542	-0.01137
199.5	0.02557	-0.01149
199.6	0.02558	-0.01151
199.7	0.02574	-0.01115
199.8	0.02569	-0.01104
199.9	0.02555	-0.01114
200	0.02542	-0.01099
200.1	0.0252	-0.01096
200.2	0.02547	-0.01082
200.3	0.02561	-0.01097
200.4	0.02581	-0.011
200.5	0.02574	-0.01116
200.6	0.02569	-0.01122
200.7	0.02565	-0.01102
200.8	0.02569	-0.01104
200.9	0.02548	-0.01099
201	0.02551	-0.01088
201.1	0.02565	-0.01102
201.2	0.02552	-0.01066
201.3	0.02539	-0.01069
201.4	0.02518	-0.01087
201.5	0.0252	-0.01092
201.6	0.02514	-0.01106
201.7	0.02526	-0.01124
201.8	0.02536	-0.01107
201.9	0.02552	-0.01069
202	0.02566	-0.01069
202.1	0.02584	-0.01078
202.2	0.02568	-0.01109
202.3	0.02543	-0.0112
202.4	0.02566	-0.01126
202.5	0.02594	-0.01125
202.6	0.02599	-0.01106
202.7	0.02593	-0.01085
202.8	0.02571	-0.0107
202.9	0.02599	-0.01055
203	0.02626	-0.0107
203.1	0.02636	-0.01104
203.2	0.02641	-0.011
203.3	0.02618	-0.01104
203.4	0.02616	-0.01101
203.5	0.02617	-0.011
203.6	0.02615	-0.011
203.7	0.02614	-0.0109
203.8	0.02619	-0.01097
203.9	0.0262	-0.01098
204	0.02617	-0.01098
204.1	0.02614	-0.01111
204.2	0.02614	-0.011
204.3	0.02621	-0.01099
204.4	0.02583	-0.0108
204.5	0.02574	-0.01087
204.6	0.02584	-0.01079
204.7	0.02585	-0.01077
204.8	0.02596	-0.01077
204.9	0.02607	-0.01074
205	0.02593	-0.01039
205.1	0.02617	-0.01026
205.2	0.02618	-0.01012
205.3	0.02595	-0.01003
205.4	0.02601	-0.0098
205.5	0.02635	-0.00963
205.6	0.02622	-0.00934
205.7	0.02614	-0.00908
205.8	0.026	-0.00911
205.9	0.02623	-0.00934
206	0.02606	-0.00946
206.1	0.02633	-0.00953
206.2	0.02666	-0.00947
206.3	0.02675	-0.0094
206.4	0.02722	-0.00935
206.5	0.02734	-0.00931
206.6	0.02729	-0.00933
206.7	0.02721	-0.0096
206.8	0.0272	-0.00969
206.9	0.02716	-0.0098
207	0.02702	-0.00953
207.1	0.02703	-0.00959
207.2	0.0269	-0.00979
207.3	0.02685	-0.0098
207.4	0.02695	-0.00987
207.5	0.02687	-0.00971
207.6	0.0269	-0.00971
207.7	0.02695	-0.00981
207.8	0.02698	-0.00981
207.9	0.02701	-0.00986
208	0.02725	-0.00978
208.1	0.02719	-0.0096
208.2	0.02735	-0.0098
208.3	0.02733	-0.00962
208.4	0.0272	-0.00957
208.5	0.02723	-0.00957
208.6	0.02721	-0.00977
208.7	0.02732	-0.0099
208.8	0.0275	-0.00982
208.9	0.02755	-0.00986
209	0.02741	-0.00959
209.1	0.02699	-0.00927
209.2	0.0267	-0.00934
209.3	0.02651	-0.00945
209.4	0.02666	-0.00964
209.5	0.02679	-0.00975
209.6	0.02688	-0.00965
209.7	0.02689	-0.00953
209.8	0.02688	-0.00943
209.9	0.02666	-0.00946
210	0.02651	-0.00943
210.1	0.02633	-0.00952
210.2	0.02601	-0.00949
210.3	0.02601	-0.00962
210.4	0.02628	-0.0097
210.5	0.02638	-0.00976
210.6	0.02643	-0.00989
210.7	0.02615	-0.01005
210.8	0.02583	-0.00982
210.9	0.02575	-0.00963
211	0.02581	-0.00957
211.1	0.02579	-0.00955
211.2	0.02591	-0.00927
211.3	0.02592	-0.00917
211.4	0.02599	-0.00919
211.5	0.02598	-0.00886
211.6	0.02627	-0.00875
211.7	0.02645	-0.00885
211.8	0.02671	-0.00873
211.9	0.02675	-0.00868
212	0.02676	-0.00845
212.1	0.02675	-0.00842
212.2	0.02687	-0.00829
212.3	0.02683	-0.00829
212.4	0.02693	-0.00837
212.5	0.0273	-0.00815
212.6	0.02741	-0.00799
212.7	0.02761	-0.00799
212.8	0.02755	-0.00775
212.9	0.02758	-0.00789
213	0.02746	-0.00794
213.1	0.02746	-0.00791
213.2	0.02744	-0.00794
213.3	0.02741	-0.00811
213.4	0.02733	-0.00837
213.5	0.02739	-0.0083
213.6	0.02744	-0.00815
213.7	0.02754	-0.00808
213.8	0.02759	-0.00787
213.9	0.02761	-0.00754
214	0.02771	-0.00755
214.1	0.02758	-0.00786
214.2	0.02753	-0.00811
214.3	0.02751	-0.00821
214.4	0.02755	-0.00833
214.5	0.02756	-0.00815
214.6	0.02774	-0.0078
214.7	0.02776	-0.00745
214.8	0.02812	-0.00717
214.9	0.02826	-0.00729
215	0.02817	-0.0074
215.1	0.02831	-0.00725
215.2	0.02839	-0.00714
215.3	0.02831	-0.00685
215.4	0.02831	-0.00655
215.5	0.02814	-0.00626
215.6	0.02809	-0.00607
215.7	0.02801	-0.0059
215.8	0.02828	-0.00606
215.9	0.02858	-0.00583
216	0.02863	-0.00557
216.1	0.02857	-0.00542
216.2	0.02882	-0.00539
216.3	0.02884	-0.00539
216.4	0.02874	-0.00535
216.5	0.02889	-0.00506
216.6	0.02889	-0.00504
216.7	0.029	-0.00498
216.8	0.02914	-0.00494
216.9	0.02926	-0.00518
217	0.02931	-0.00521
217.1	0.02914	-0.00543
217.2	0.02904	-0.00538
217.3	0.029	-0.00531
217.4	0.02876	-0.00538
217.5	0.02866	-0.00567
217.6	0.02872	-0.00588
217.7	0.0288	-0.00588
217.8	0.02921	-0.00597
217.9	0.02895	-0.00597
218	0.02872	-0.00586
218.1	0.02874	-0.00571
218.2	0.0289	-0.00567
218.3	0.02905	-0.00562
218.4	0.02882	-0.0057
218.5	0.02895	-0.00598
218.6	0.02933	-0.00563
218.7	0.02929	-0.00549
218.8	0.0295	-0.00564
218.9	0.02967	-0.00554
219	0.02964	-0.00542
219.1	0.02951	-0.00554
219.2	0.02956	-0.00555
219.3	0.02939	-0.00558
219.4	0.0295	-0.00542
219.5	0.03007	-0.00527
219.6	0.02986	-0.00546
219.7	0.02988	-0.00547
219.8	0.03002	-0.00541
219.9	0.0301	-0.00566
220	0.03016	-0.00559
220.1	0.03008	-0.00576
220.2	0.03021	-0.00599
220.3	0.03041	-0.0058
220.4	0.03027	-0.00582
220.5	0.0303	-0.00589
220.6	0.03021	-0.00576
220.7	0.03027	-0.00583
220.8	0.03039	-0.00577
220.9	0.0301	-0.00566
221	0.02993	-0.00541
221.1	0.02971	-0.00522
221.2	0.02976	-0.00529
221.3	0.02988	-0.00496
221.4	0.03009	-0.00475
221.5	0.03003	-0.00467
221.6	0.02992	-0.00464
221.7	0.02966	-0.00459
221.8	0.02965	-0.00459
221.9	0.02956	-0.00485
222	0.02948	-0.00496
222.1	0.0294	-0.00521
222.2	0.02928	-0.00533
222.3	0.02914	-0.00509
222.4	0.0291	-0.00495
222.5	0.02915	-0.005
222.6	0.02929	-0.00512
222.7	0.02937	-0.00526
222.8	0.02933	-0.00535
222.9	0.02947	-0.00545
223	0.02945	-0.00558
223.1	0.02944	-0.00576
223.2	0.02935	-0.00596
223.3	0.02927	-0.00602
223.4	0.02912	-0.00595
223.5	0.02901	-0.00611
223.6	0.02903	-0.00616
223.7	0.02898	-0.00623
223.8	0.0288	-0.00647
223.9	0.02882	-0.00649
224	0.02878	-0.00663
224.1	0.02865	-0.00657
224.2	0.0284	-0.00652
224.3	0.02829	-0.00651
224.4	0.02805	-0.00651
224.5	0.02791	-0.00643
224.6	0.02791	-0.00646
224.7	0.0279	-0.0065
224.8	0.02791	-0.0065
224.9	0.02818	-0.00628
225	0.02816	-0.00632
225.1	0.02812	-0.00627
225.2	0.02807	-0.00629
225.3	0.02815	-0.0063
225.4	0.02828	-0.00631
225.5	0.02838	-0.00649
225.6	0.02848	-0.00661
225.7	0.0285	-0.00666
225.8	0.02843	-0.0064
225.9	0.02862	-0.00614
226	0.02875	-0.00595
226.1	0.02851	-0.00599
226.2	0.02848	-0.00605
226.3	0.02841	-0.00605
226.4	0.02841	-0.00597
226.5	0.0284	-0.00596
226.6	0.02836	-0.00577
226.7	0.02828	-0.00576
226.8	0.02815	-0.00594
226.9	0.02814	-0.00604
227	0.02817	-0.00604
227.1	0.02803	-0.00618
227.2	0.02764	-0.00614
227.3	0.02718	-0.00615
227.4	0.02684	-0.00582
227.5	0.02684	-0.00592
227.6	0.02692	-0.00592
227.7	0.02687	-0.00615
227.8	0.02681	-0.00632
227.9	0.02664	-0.00635
228	0.02668	-0.00653
228.1	0.02666	-0.00644
228.2	0.02659	-0.00649
228.3	0.02659	-0.00666
228.4	0.02655	-0.00679
228.5	0.02661	-0.00671
228.6	0.02662	-0.00633
228.7	0.02682	-0.00613
228.8	0.02693	-0.00608
228.9	0.02691	-0.00609
229	0.02691	-0.00635
229.1	0.02685	-0.00658
229.2	0.02678	-0.00666
229.3	0.02673	-0.00645
229.4	0.0267	-0.00665
229.5	0.02666	-0.00673
229.6	0.0267	-0.00654
229.7	0.02652	-0.00653
229.8	0.02637	-0.0064
229.9	0.02636	-0.00627
230	0.02624	-0.0064
230.1	0.02608	-0.00638
230.2	0.02606	-0.00638
230.3	0.02611	-0.00645
230.4	0.02647	-0.0064
230.5	0.02661	-0.00662
230.6	0.02687	-0.00686
230.7	0.02679	-0.00696
230.8	0.02671	-0.007
230.9	0.02662	-0.0072
231	0.02666	-0.00733
231.1	0.02684	-0.00716
231.2	0.02687	-0.00724
231.3	0.02681	-0.00708
231.4	0.02691	-0.00718
231.5	0.02683	-0.00737
231.6	0.02685	-0.00746
231.7	0.02682	-0.00747
231.8	0.02662	-0.00746
231.9	0.02666	-0.00746
232	0.02668	-0.0075
232.1	0.02666	-0.00732
232.2	0.0266	-0.00713
232.3	0.02669	-0.00694
232.4	0.02663	-0.00691
232.5	0.0266	-0.00695
232.6	0.02666	-0.00681
232.7	0.02663	-0.00686
232.8	0.02649	-0.00686
232.9	0.02649	-0.00711
233	0.02654	-0.00726
233.1	0.02658	-0.00772
233.2	0.02662	-0.00776
233.3	0.0267	-0.00761
233.4	0.02658	-0.00783
233.5	0.02642	-0.00779
233.6	0.02631	-0.00793
233.7	0.02626	-0.0078
233.8	0.0262	-0.00754
233.9	0.02601	-0.00734
234	0.02613	-0.00731
234.1	0.02608	-0.00743
234.2	0.02606	-0.00731
234.3	0.0261	-0.00718
234.4	0.02606	-0.00721
234.5	0.02609	-0.00707
234.6	0.02607	-0.00729
234.7	0.0259	-0.00705
234.8	0.02609	-0.007
234.9	0.02606	-0.00705
235	0.02625	-0.00674
235.1	0.02635	-0.00657
235.2	0.02641	-0.00655
235.3	0.02644	-0.00657
235.4	0.02649	-0.00655
235.5	0.0266	-0.00667
235.6	0.02663	-0.00663
235.7	0.02674	-0.00634
235.8	0.0267	-0.00629
235.9	0.02661	-0.00633
236	0.02667	-0.00641
236.1	0.0268	-0.0064
236.2	0.02677	-0.00641
236.3	0.02686	-0.00648
236.4	0.02689	-0.00656
236.5	0.02677	-0.00686
236.6	0.02679	-0.00716
236.7	0.02651	-0.00717
236.8	0.02666	-0.00734
236.9	0.02657	-0.00752
237	0.0264	-0.00782
237.1	0.02648	-0.00789
237.2	0.02647	-0.0081
237.3	0.02653	-0.00816
237.4	0.0267	-0.00814
237.5	0.02663	-0.00818
237.6	0.02649	-0.00826
237.7	0.02649	-0.00845
237.8	0.02654	-0.00818
237.9	0.02665	-0.00816
238	0.02674	-0.00827
238.1	0.02713	-0.00828
238.2	0.0274	-0.00855
238.3	0.02737	-0.00871
238.4	0.02715	-0.0086
238.5	0.02726	-0.00868
238.6	0.02735	-0.00907
238.7	0.02719	-0.00901
238.8	0.02699	-0.00887
238.9	0.02713	-0.00881
239	0.02696	-0.00904
239.1	0.02696	-0.00897
239.2	0.02697	-0.0088
239.3	0.02715	-0.00894
239.4	0.02705	-0.00904
239.5	0.02708	-0.00881
239.6	0.02725	-0.00861
239.7	0.02702	-0.00861
239.8	0.02691	-0.00874
239.9	0.02697	-0.00881
240	0.02698	-0.00912
240.1	0.02716	-0.00918
240.2	0.02716	-0.00917
240.3	0.02703	-0.00915
240.4	0.02694	-0.00914
240.5	0.02683	-0.0093
240.6	0.0268	-0.00888
240.7	0.02677	-0.00879
240.8	0.02679	-0.00883
240.9	0.02682	-0.00868
241	0.02683	-0.00863
241.1	0.02685	-0.00866
241.2	0.02673	-0.00872
241.3	0.0267	-0.00885
241.4	0.02676	-0.00876
241.5	0.0267	-0.00876
241.6	0.02664	-0.00901
241.7	0.02679	-0.00917
241.8	0.02682	-0.00923
241.9	0.02689	-0.00956
242	0.0269	-0.00943
242.1	0.02674	-0.00921
242.2	0.02665	-0.00891
242.3	0.02678	-0.00899
242.4	0.02669	-0.00923
242.5	0.0268	-0.00909
242.6	0.02694	-0.00913
242.7	0.02693	-0.00955
242.8	0.02691	-0.00961
242.9	0.02685	-0.00962
243	0.02683	-0.00961
243.1	0.02693	-0.00977
243.2	0.02691	-0.00973
243.3	0.02672	-0.0096
243.4	0.02692	-0.00945
243.5	0.02709	-0.00955
243.6	0.02708	-0.00959
243.7	0.02723	-0.00962
243.8	0.02745	-0.00968
243.9	0.02714	-0.0096
244	0.02715	-0.00957
244.1	0.02735	-0.00945
244.2	0.0272	-0.00934
244.3	0.02738	-0.00958
244.4	0.02745	-0.0095
244.5	0.02736	-0.00933
244.6	0.02735	-0.00919
244.7	0.02732	-0.00918
244.8	0.02734	-0.00919
244.9	0.02737	-0.00924
245	0.02729	-0.00924
245.1	0.02703	-0.00913
245.2	0.02712	-0.00914
245.3	0.02712	-0.00919
245.4	0.02709	-0.00942
245.5	0.02696	-0.00927
245.6	0.02682	-0.00909
245.7	0.02672	-0.00916
245.8	0.02678	-0.00899
245.9	0.02672	-0.00915
246	0.0265	-0.00912
246.1	0.02665	-0.0092
246.2	0.02646	-0.0092
246.3	0.02641	-0.00915
246.4	0.02627	-0.00935
246.5	0.02628	-0.00929
246.6	0.02639	-0.00922
246.7	0.02639	-0.00924
246.8	0.02637	-0.00923
246.9	0.02628	-0.00919
247	0.0262	-0.00915
247.1	0.02612	-0.00935
247.2	0.02614	-0.00939
247.3	0.02607	-0.00943
247.4	0.02613	-0.00945
247.5	0.02612	-0.00959
247.6	0.02613	-0.01004
247.7	0.02626	-0.00991
247.8	0.02651	-0.00994
247.9	0.02678	-0.00991
248	0.02695	-0.00998
248.1	0.02692	-0.00985
248.2	0.02711	-0.00984
248.3	0.02716	-0.00994
248.4	0.02732	-0.00988
248.5	0.02736	-0.00998
248.6	0.02692	-0.00999
248.7	0.02686	-0.00995
248.8	0.02683	-0.00992
248.9	0.02682	-0.00994
249	0.02673	-0.00983
249.1	0.02669	-0.00963
249.2	0.02668	-0.00958
249.3	0.02652	-0.00985
249.4	0.02657	-0.00987
249.5	0.02662	-0.00977
249.6	0.02677	-0.00971
249.7	0.0267	-0.00939
249.8	0.02687	-0.00932
249.9	0.02721	-0.00956
250	0.0273	-0.00972
250.1	0.02703	-0.00977
250.2	0.02708	-0.00969
250.3	0.02706	-0.00975
250.4	0.02724	-0.00988
250.5	0.02749	-0.00996
250.6	0.02782	-0.00992
250.7	0.02803	-0.00963
250.8	0.02796	-0.00942
250.9	0.02776	-0.00938
251	0.02772	-0.00932
251.1	0.02777	-0.00916
251.2	0.02802	-0.00942
251.3	0.02815	-0.00962
251.4	0.02815	-0.00969
251.5	0.02793	-0.00964
251.6	0.02787	-0.00957
251.7	0.02786	-0.00956
251.8	0.0277	-0.00961
251.9	0.0275	-0.00987
252	0.02742	-0.00968
252.1	0.0273	-0.00976
252.2	0.0273	-0.00977
252.3	0.02717	-0.01004
252.4	0.02691	-0.01014
252.5	0.02684	-0.01001
252.6	0.02667	-0.00985
252.7	0.02639	-0.00988
252.8	0.02617	-0.00992
252.9	0.02612	-0.01005
253	0.02611	-0.0101
253.1	0.02604	-0.01028
253.2	0.0259	-0.01014
253.3	0.02598	-0.01019
253.4	0.02609	-0.01024
253.5	0.02606	-0.01015
253.6	0.02605	-0.01003
253.7	0.02609	-0.01003
253.8	0.02603	-0.01002
253.9	0.02607	-0.00966
254	0.02623	-0.00955
254.1	0.02636	-0.00944
254.2	0.02626	-0.00968
254.3	0.02608	-0.0098
254.4	0.02612	-0.00996
254.5	0.0263	-0.01002
254.6	0.02613	-0.00999
254.7	0.02632	-0.00951
254.8	0.02646	-0.00976
254.9	0.02659	-0.00984
255	0.02669	-0.00969
255.1	0.02688	-0.00966
255.2	0.0266	-0.00957
255.3	0.02636	-0.00964
255.4	0.0264	-0.00961
255.5	0.02641	-0.00977
255.6	0.02657	-0.00968
255.7	0.02673	-0.00968
255.8	0.02679	-0.00958
255.9	0.02676	-0.00939
256	0.02689	-0.0092
256.1	0.0268	-0.00913
256.2	0.02678	-0.00914
256.3	0.02687	-0.00911
256.4	0.0268	-0.00909
256.5	0.02679	-0.00884
256.6	0.02679	-0.00872
256.7	0.02672	-0.0087
256.8	0.02665	-0.00874
256.9	0.02656	-0.00853
257	0.02659	-0.00873
257.1	0.02673	-0.00869
257.2	0.02659	-0.00868
257.3	0.02661	-0.00871
257.4	0.02659	-0.00872
257.5	0.0266	-0.00883
257.6	0.02664	-0.00872
257.7	0.02658	-0.00867
257.8	0.02627	-0.00851
257.9	0.02639	-0.00836
258	0.02617	-0.00823
258.1	0.02628	-0.00823
258.2	0.02612	-0.00835
258.3	0.02626	-0.00848
258.4	0.02634	-0.00864
258.5	0.02647	-0.00868
258.6	0.02614	-0.00875
258.7	0.02594	-0.00913
258.8	0.02601	-0.00921
258.9	0.0259	-0.00939
259	0.02598	-0.00944
259.1	0.0261	-0.00948
259.2	0.02604	-0.00971
259.3	0.02588	-0.00972
259.4	0.02588	-0.00981
259.5	0.02571	-0.00998
259.6	0.02552	-0.00967
259.7	0.02567	-0.00974
259.8	0.02558	-0.00998
259.9	0.02545	-0.0099
260	0.02541	-0.00975
260.1	0.02545	-0.00997
260.2	0.02567	-0.01003
260.3	0.02552	-0.01012
260.4	0.02549	-0.01008
260.5	0.02565	-0.00993
260.6	0.0257	-0.00974
260.7	0.02548	-0.00966
260.8	0.02536	-0.00969
260.9	0.02527	-0.00998
261	0.02527	-0.00998
261.1	0.02491	-0.00988
261.2	0.02471	-0.00965
261.3	0.02459	-0.0096
261.4	0.0244	-0.00982
261.5	0.02452	-0.00978
261.6	0.02453	-0.00985
261.7	0.02451	-0.00982
261.8	0.02455	-0.00977
261.9	0.02451	-0.00983
262	0.0242	-0.01002
262.1	0.0241	-0.01017
262.2	0.02445	-0.01017
262.3	0.02484	-0.01019
262.4	0.02523	-0.01014
262.5	0.02533	-0.01013
262.6	0.02545	-0.01005
262.7	0.02534	-0.01001
262.8	0.02515	-0.00992
262.9	0.02497	-0.0098
263	0.02487	-0.01001
263.1	0.02485	-0.01037
263.2	0.02508	-0.01061
263.3	0.0252	-0.01067
263.4	0.02498	-0.01085
263.5	0.02496	-0.01072
263.6	0.02495	-0.01089
263.7	0.02496	-0.01111
263.8	0.02482	-0.01115
263.9	0.02487	-0.01108
264	0.0247	-0.01097
264.1	0.02459	-0.01103
264.2	0.0245	-0.01094
264.3	0.02474	-0.01094
264.4	0.02475	-0.01101
264.5	0.02493	-0.01116
264.6	0.02493	-0.01113
264.7	0.02504	-0.01119
264.8	0.02506	-0.01107
264.9	0.02537	-0.01127
265	0.02543	-0.01122
265.1	0.02541	-0.01124
265.2	0.02537	-0.01128
265.3	0.02534	-0.01131
265.4	0.0252	-0.0113
265.5	0.025	-0.01125
265.6	0.02485	-0.01145
265.7	0.02484	-0.01147
265.8	0.02484	-0.01152
265.9	0.02477	-0.01158
266	0.02479	-0.0116
266.1	0.02484	-0.01173
266.2	0.02485	-0.01187
266.3	0.02494	-0.01177
266.4	0.02488	-0.01164
266.5	0.02496	-0.01173
266.6	0.025	-0.01173
266.7	0.02526	-0.01179
266.8	0.02525	-0.01186
266.9	0.0252	-0.01178
267	0.02514	-0.01176
267.1	0.02506	-0.01183
267.2	0.02525	-0.01187
267.3	0.02546	-0.01177
267.4	0.02555	-0.01161
267.5	0.02537	-0.01143
267.6	0.02523	-0.01142
267.7	0.02505	-0.01123
267.8	0.02473	-0.01104
267.9	0.02455	-0.01108
268	0.02419	-0.01096
268.1	0.02411	-0.01105
268.2	0.02425	-0.01096
268.3	0.02441	-0.01087
268.4	0.02432	-0.01082
268.5	0.02346	-0.01099
268.6	0.02341	-0.01093
268.7	0.02327	-0.01094
268.8	0.02321	-0.01085
268.9	0.02323	-0.01094
269	0.02332	-0.01086
269.1	0.02342	-0.01063
269.2	0.02356	-0.01073
269.3	0.02343	-0.01092
269.4	0.02345	-0.01091
269.5	0.0235	-0.01067
269.6	0.02344	-0.01086
269.7	0.02322	-0.0108
269.8	0.02319	-0.01082
269.9	0.0232	-0.01093
270	0.02298	-0.01101
270.1	0.02302	-0.01106
270.2	0.02304	-0.01097
270.3	0.0233	-0.01096
270.4	0.02343	-0.0111
270.5	0.02353	-0.01108
270.6	0.02353	-0.0111
270.7	0.02353	-0.01135
270.8	0.02351	-0.01144
270.9	0.0235	-0.01118
271	0.02332	-0.01101
271.1	0.02309	-0.01101
271.2	0.02296	-0.0109
271.3	0.02304	-0.01104
271.4	0.02295	-0.01097
271.5	0.02293	-0.01082
271.6	0.02277	-0.01051
271.7	0.02252	-0.01052
271.8	0.02264	-0.0107
271.9	0.02284	-0.01044
272	0.02305	-0.01019
272.1	0.0229	-0.00981
272.2	0.02281	-0.00961
272.3	0.02294	-0.00964
272.4	0.02278	-0.00957
272.5	0.02261	-0.00929
272.6	0.02249	-0.00931
272.7	0.02261	-0.00958
272.8	0.02264	-0.00961
272.9	0.02267	-0.00946
273	0.02273	-0.00959
273.1	0.02254	-0.00961
273.2	0.02257	-0.00951
273.3	0.02279	-0.00979
273.4	0.02279	-0.00963
273.5	0.0227	-0.00953
273.6	0.02262	-0.00965
273.7	0.02287	-0.00961
273.8	0.02314	-0.00963
273.9	0.02301	-0.00957
274	0.02275	-0.00959
274.1	0.02241	-0.00965
274.2	0.0221	-0.00973
274.3	0.0222	-0.00992
274.4	0.02225	-0.00987
274.5	0.0224	-0.00971
274.6	0.02255	-0.00994
274.7	0.02252	-0.01008
274.8	0.02245	-0.01011
274.9	0.02229	-0.01016
275	0.02255	-0.01012
275.1	0.02281	-0.01003
275.2	0.02299	-0.00974
275.3	0.02322	-0.00959
275.4	0.02309	-0.0096
275.5	0.0231	-0.00949
275.6	0.02299	-0.00957
275.7	0.02304	-0.00969
275.8	0.02283	-0.00978
275.9	0.02247	-0.00966
276	0.02238	-0.00952
276.1	0.02256	-0.00916
276.2	0.02252	-0.00873
276.3	0.02248	-0.00855
276.4	0.02251	-0.00846
276.5	0.02256	-0.0085
276.6	0.02253	-0.00838
276.7	0.02254	-0.00823
276.8	0.02247	-0.00802
276.9	0.0222	-0.00775
277	0.02209	-0.00796
277.1	0.0219	-0.00817
277.2	0.02191	-0.00838
277.3	0.02189	-0.00831
277.4	0.02189	-0.00825
277.5	0.02193	-0.00821
277.6	0.02184	-0.00806
277.7	0.02164	-0.00793
277.8	0.02159	-0.00805
277.9	0.02166	-0.00811
278	0.02188	-0.00818
278.1	0.02201	-0.00794
278.2	0.02199	-0.00759
278.3	0.02212	-0.00729
278.4	0.02208	-0.0069
278.5	0.02214	-0.00681
278.6	0.02216	-0.00676
278.7	0.02231	-0.00662
278.8	0.02257	-0.00666
278.9	0.02286	-0.00691
279	0.02282	-0.00702
279.1	0.02272	-0.00687
279.2	0.02261	-0.00697
279.3	0.02238	-0.0071
279.4	0.02244	-0.00702
279.5	0.02223	-0.007
279.6	0.0219	-0.00677
279.7	0.02154	-0.00681
279.8	0.02146	-0.00678
279.9	0.02137	-0.00681
280	0.02134	-0.00703
280.1	0.02123	-0.00683
280.2	0.02128	-0.00681
280.3	0.02122	-0.00682
280.4	0.02115	-0.00676
280.5	0.02099	-0.00683
280.6	0.02107	-0.00658
280.7	0.02109	-0.00633
280.8	0.02106	-0.00644
280.9	0.02118	-0.00667
281	0.02122	-0.0066
281.1	0.02127	-0.00661
281.2	0.02102	-0.0065
281.3	0.02075	-0.00645
281.4	0.02068	-0.0064
281.5	0.02073	-0.0064
281.6	0.02101	-0.00675
281.7	0.02104	-0.00687
281.8	0.02101	-0.00684
281.9	0.0208	-0.00707
282	0.02093	-0.00695
282.1	0.02077	-0.00706
282.2	0.02077	-0.0071
282.3	0.02109	-0.0068
282.4	0.02113	-0.0068
282.5	0.02126	-0.0068
282.6	0.02141	-0.00665
282.7	0.02145	-0.00657
282.8	0.02126	-0.00651
282.9	0.02128	-0.00629
283	0.02126	-0.00595
283.1	0.02126	-0.006
283.2	0.02115	-0.00584
283.3	0.02107	-0.00576
283.4	0.02099	-0.00581
283.5	0.02101	-0.00584
283.6	0.02109	-0.00602
283.7	0.02119	-0.00594
283.8	0.02113	-0.00601
283.9	0.02128	-0.00648
284	0.02123	-0.00621
284.1	0.02119	-0.00597
284.2	0.02126	-0.00597
284.3	0.02137	-0.0059
284.4	0.02142	-0.00588
284.5	0.02143	-0.00579
284.6	0.02128	-0.00576
284.7	0.02122	-0.00541
284.8	0.02144	-0.00505
284.9	0.02125	-0.00517
285	0.02138	-0.00521
285.1	0.02131	-0.00523
285.2	0.02124	-0.00525
285.3	0.02138	-0.00522
285.4	0.02156	-0.00512
285.5	0.02144	-0.00495
285.6	0.02149	-0.00488
285.7	0.02186	-0.00464
285.8	0.0219	-0.00444
285.9	0.02178	-0.00437
286	0.0217	-0.00441
286.1	0.02144	-0.00426
286.2	0.02145	-0.00414
286.3	0.0215	-0.00409
286.4	0.02162	-0.00378
286.5	0.02154	-0.00387
286.6	0.0217	-0.00376
286.7	0.0217	-0.00377
286.8	0.02165	-0.00387
286.9	0.02161	-0.00409
287	0.02162	-0.00406
287.1	0.02163	-0.00382
287.2	0.02162	-0.0037
287.3	0.02166	-0.00414
287.4	0.02159	-0.00417
287.5	0.02149	-0.00422
287.6	0.02143	-0.00418
287.7	0.02148	-0.00418
287.8	0.02146	-0.00434
287.9	0.02136	-0.00444
288	0.02143	-0.00453
288.1	0.02127	-0.0046
288.2	0.02123	-0.00493
288.3	0.02097	-0.00495
288.4	0.02069	-0.00497
288.5	0.02053	-0.00503
288.6	0.02034	-0.00499
288.7	0.02004	-0.00486
288.8	0.02018	-0.00471
288.9	0.02018	-0.00471
289	0.02032	-0.0048
289.1	0.02052	-0.00475
289.2	0.02053	-0.00461
289.3	0.02055	-0.0046
289.4	0.02057	-0.00455
289.5	0.02078	-0.00454
289.6	0.02084	-0.00475
289.7	0.02076	-0.00485
289.8	0.02058	-0.00475
289.9	0.02031	-0.0045
290	0.0203	-0.00451
290.1	0.02052	-0.00445
290.2	0.02057	-0.00442
290.3	0.0206	-0.00422
290.4	0.02072	-0.00427
290.5	0.02067	-0.00444
290.6	0.02065	-0.00448
290.7	0.02058	-0.00452
290.8	0.02049	-0.00448
290.9	0.0203	-0.00446
291	0.02032	-0.0044
291.1	0.02035	-0.00439
291.2	0.02024	-0.00446
291.3	0.02023	-0.00445
291.4	0.02032	-0.00438
291.5	0.02025	-0.00447
291.6	0.01992	-0.00447
291.7	0.01991	-0.00454
291.8	0.01992	-0.00481
291.9	0.02016	-0.00473
292	0.02016	-0.00457
292.1	0.02009	-0.00455
292.2	0.02013	-0.00423
292.3	0.02015	-0.0045
292.4	0.02008	-0.0045
292.5	0.01996	-0.00454
292.6	0.01995	-0.00452
292.7	0.01993	-0.00449
292.8	0.01997	-0.00446
292.9	0.0197	-0.00444
293	0.01957	-0.00434
293.1	0.01947	-0.00423
293.2	0.0196	-0.0041
293.3	0.01966	-0.00418
293.4	0.01964	-0.00434
293.5	0.01941	-0.00428
293.6	0.01929	-0.00425
293.7	0.01886	-0.00425
293.8	0.01874	-0.00425
293.9	0.01879	-0.00433
294	0.01924	-0.0042
294.1	0.01934	-0.00445
294.2	0.01947	-0.0046
294.3	0.01912	-0.0045
294.4	0.019	-0.00456
294.5	0.01934	-0.00478
294.6	0.01935	-0.00491
294.7	0.01911	-0.00492
294.8	0.01913	-0.00486
294.9	0.01896	-0.00489
295	0.01922	-0.00485
295.1	0.01912	-0.00485
295.2	0.01889	-0.00473
295.3	0.01874	-0.00484
295.4	0.01879	-0.00484
295.5	0.0185	-0.00491
295.6	0.01831	-0.00489
295.7	0.01812	-0.00494
295.8	0.01769	-0.00494
295.9	0.01745	-0.00503
296	0.01708	-0.00534
296.1	0.01688	-0.00511
296.2	0.01687	-0.00501
296.3	0.01663	-0.00513
296.4	0.01657	-0.00548
296.5	0.01687	-0.00553
296.6	0.01695	-0.00572
296.7	0.01697	-0.00546
296.8	0.01706	-0.00526
296.9	0.0173	-0.00507
297	0.01737	-0.00489
297.1	0.01717	-0.00467
297.2	0.01718	-0.0043
297.3	0.0173	-0.00418
297.4	0.01723	-0.00419
297.5	0.01726	-0.00418
297.6	0.01715	-0.0043
297.7	0.01721	-0.00432
297.8	0.01729	-0.00462
297.9	0.01726	-0.00459
298	0.01733	-0.00438
298.1	0.01724	-0.00448
298.2	0.01712	-0.00428
298.3	0.01718	-0.00392
298.4	0.0172	-0.00383
298.5	0.01699	-0.0039
298.6	0.01708	-0.00411
298.7	0.01711	-0.00419
298.8	0.01724	-0.00393
298.9	0.01742	-0.00381
299	0.01743	-0.00397
299.1	0.0173	-0.00374
299.2	0.01718	-0.0035
299.3	0.01749	-0.00365
299.4	0.01766	-0.00402
299.5	0.01765	-0.00417
299.6	0.01768	-0.00416
299.7	0.01784	-0.00393
299.8	0.01793	-0.00397
299.9	0.01796	-0.00396
