0	0.03018	0.01505
0.1	0.03019	0.01507
0.2	0.03018	0.01512
0.3	0.03022	0.01516
0.4	0.03013	0.01524
0.5	0.03021	0.01508
0.6	0.03018	0.01508
0.7	0.03009	0.01507
0.8	0.03017	0.01506
0.9	0.03019	0.01506
1	0.03018	0.01505
1.1	0.03017	0.01506
1.2	0.03017	0.0151
1.3	0.03018	0.01506
1.4	0.03022	0.01507
1.5	0.03021	0.01506
1.6	0.0301	0.01505
1.7	0.02995	0.01485
1.8	0.02969	0.0149
1.9	0.02964	0.0149
2	0.02961	0.01493
2.1	0.02959	0.01497
2.2	0.02957	0.01493
2.3	0.0295	0.01494
2.4	0.02948	0.01493
2.5	0.02946	0.01491
2.6	0.0295	0.01493
2.7	0.02952	0.01495
2.8	0.02952	0.01498
2.9	0.0296	0.01503
3	0.02958	0.0151
3.1	0.02949	0.01506
3.2	0.0293	0.01508
3.3	0.02948	0.01505
3.4	0.02951	0.01505
3.5	0.02954	0.01503
3.6	0.02961	0.01505
3.7	0.02967	0.01503
3.8	0.02965	0.01492
3.9	0.02995	0.01501
4	0.03017	0.01504
4.1	0.03014	0.01496
4.2	0.02987	0.01473
4.3	0.03	0.01491
4.4	0.0299	0.01498
4.5	0.02989	0.01492
4.6	0.02972	0.01491
4.7	0.02973	0.01502
4.8	0.0296	0.01503
4.9	0.02941	0.01494
5	0.02951	0.01505
5.1	0.02948	0.01506
5.2	0.02948	0.01468
5.3	0.02951	0.01488
5.4	0.0295	0.01501
5.5	0.02948	0.01507
5.6	0.02931	0.01503
5.7	0.02929	0.01482
5.8	0.02926	0.015
5.9	0.02945	0.01494
6	0.02949	0.01493
6.1	0.02948	0.01472
6.2	0.0295	0.01471
6.3	0.02946	0.01468
6.4	0.02928	0.01468
6.5	0.02922	0.01485
6.6	0.02932	0.01491
6.7	0.02949	0.01496
6.8	0.0295	0.015
6.9	0.02961	0.01501
7	0.02997	0.01494
7.1	0.02981	0.0151
7.2	0.02987	0.0151
7.3	0.02982	0.0151
7.4	0.02975	0.01513
7.5	0.02956	0.01507
7.6	0.02957	0.015
7.7	0.0295	0.015
7.8	0.02948	0.015
7.9	0.02944	0.01501
8	0.02954	0.01506
8.1	0.02974	0.01505
8.2	0.02968	0.01504
8.3	0.02988	0.01506
8.4	0.02975	0.01508
8.5	0.02969	0.01502
8.6	0.02961	0.01496
8.7	0.02956	0.015
8.8	0.02957	0.01501
8.9	0.02958	0.015
9	0.0294	0.01505
9.1	0.02924	0.01506
9.2	0.02919	0.015
9.3	0.02926	0.01499
9.4	0.0292	0.01501
9.5	0.02926	0.01503
9.6	0.02925	0.01503
9.7	0.02927	0.01508
9.8	0.02938	0.0151
9.9	0.02938	0.01505
10	0.02946	0.01502
10.1	0.02934	0.01506
10.2	0.02923	0.01501
10.3	0.02927	0.015
10.4	0.02924	0.01501
10.5	0.02924	0.01504
10.6	0.02928	0.01504
10.7	0.0292	0.01494
10.8	0.02929	0.01473
10.9	0.02924	0.01455
11	0.02923	0.01455
11.1	0.02924	0.01455
11.2	0.02927	0.0146
11.3	0.02925	0.01457
11.4	0.02924	0.01456
11.5	0.02931	0.01421
11.6	0.02925	0.01426
11.7	0.02924	0.01439
11.8	0.02927	0.01422
11.9	0.02927	0.01451
12	0.02924	0.01471
12.1	0.0292	0.01455
12.2	0.0292	0.01443
12.3	0.02925	0.01446
12.4	0.02926	0.01448
12.5	0.0293	0.01467
12.6	0.0293	0.01468
12.7	0.02931	0.01474
12.8	0.02926	0.01466
12.9	0.02923	0.01475
13	0.02938	0.01488
13.1	0.02933	0.01508
13.2	0.02933	0.01528
13.3	0.02935	0.0153
13.4	0.02925	0.01516
13.5	0.02917	0.01504
13.6	0.02921	0.01504
13.7	0.02921	0.01493
13.8	0.02936	0.01475
13.9	0.02916	0.01443
14	0.02908	0.01434
14.1	0.0291	0.01424
14.2	0.02902	0.01412
14.3	0.02897	0.01409
14.4	0.02903	0.01413
14.5	0.02907	0.01383
14.6	0.02908	0.01367
14.7	0.02922	0.01356
14.8	0.02925	0.01353
14.9	0.02923	0.01356
15	0.02936	0.01356
15.1	0.02937	0.01355
15.2	0.02934	0.01356
15.3	0.0293	0.01352
15.4	0.02929	0.01351
15.5	0.02924	0.01342
15.6	0.02925	0.01329
15.7	0.02938	0.01328
15.8	0.02977	0.0132
15.9	0.02972	0.01319
16	0.02961	0.01321
16.1	0.02942	0.01323
16.2	0.02934	0.01322
16.3	0.02938	0.01321
16.4	0.02942	0.01318
16.5	0.02943	0.01318
16.6	0.02942	0.01316
16.7	0.02938	0.0132
16.8	0.02935	0.01317
16.9	0.02928	0.01325
17	0.02926	0.01337
17.1	0.02922	0.01361
17.2	0.02923	0.01371
17.3	0.02923	0.01362
17.4	0.02925	0.0135
17.5	0.02928	0.01325
17.6	0.02923	0.01318
17.7	0.02925	0.01316
17.8	0.02923	0.01316
17.9	0.02929	0.0132
18	0.02924	0.01315
18.1	0.02926	0.01294
18.2	0.02914	0.01289
18.3	0.02913	0.01295
18.4	0.02913	0.01302
18.5	0.0292	0.01302
18.6	0.02919	0.01311
18.7	0.02916	0.01323
18.8	0.02909	0.01333
18.9	0.02906	0.01319
19	0.02905	0.01325
19.1	0.02908	0.01323
19.2	0.02905	0.01318
19.3	0.02905	0.01312
19.4	0.02908	0.01274
19.5	0.02909	0.01276
19.6	0.02916	0.0127
19.7	0.02923	0.01278
19.8	0.02934	0.01282
19.9	0.02951	0.01306
20	0.02957	0.01312
20.1	0.02949	0.0132
20.2	0.02928	0.01317
20.3	0.02921	0.01328
20.4	0.02912	0.01303
20.5	0.02918	0.0127
20.6	0.02919	0.0126
20.7	0.02925	0.01263
20.8	0.02937	0.01275
20.9	0.02938	0.01301
21	0.02944	0.01269
21.1	0.02971	0.0124
21.2	0.02976	0.0125
21.3	0.02977	0.01252
21.4	0.02971	0.01262
21.5	0.02989	0.0126
21.6	0.02985	0.01271
21.7	0.02971	0.01261
21.8	0.03015	0.0123
21.9	0.03021	0.01264
22	0.03046	0.01277
22.1	0.03076	0.01309
22.2	0.03074	0.01301
22.3	0.03069	0.01292
22.4	0.03048	0.01278
22.5	0.03047	0.01266
22.6	0.03031	0.01249
22.7	0.0302	0.01248
22.8	0.0303	0.01238
22.9	0.03015	0.01234
23	0.02988	0.01246
23.1	0.02962	0.0126
23.2	0.02957	0.0128
23.3	0.02971	0.01275
23.4	0.02997	0.01259
23.5	0.0298	0.01257
23.6	0.02987	0.01242
23.7	0.02977	0.01212
23.8	0.02979	0.01207
23.9	0.02972	0.01221
24	0.02978	0.01221
24.1	0.02993	0.01223
24.2	0.03001	0.01202
24.3	0.03004	0.01193
24.4	0.03003	0.01197
24.5	0.03004	0.01197
24.6	0.03005	0.01197
24.7	0.03017	0.01187
24.8	0.03018	0.01187
24.9	0.03014	0.01192
25	0.03004	0.01197
25.1	0.03003	0.01189
25.2	0.03016	0.01172
25.3	0.0302	0.01169
25.4	0.03022	0.01167
25.5	0.03017	0.01166
25.6	0.0301	0.01185
25.7	0.03009	0.01168
25.8	0.03011	0.0117
25.9	0.03013	0.01177
26	0.03008	0.01184
26.1	0.0301	0.01183
26.2	0.03012	0.01182
26.3	0.03034	0.01183
26.4	0.03034	0.01222
26.5	0.03039	0.01237
26.6	0.03045	0.01268
26.7	0.03041	0.01273
26.8	0.0305	0.01236
26.9	0.03052	0.01241
27	0.03053	0.01256
27.1	0.03059	0.01259
27.2	0.03049	0.01248
27.3	0.03041	0.01229
27.4	0.03025	0.01227
27.5	0.03023	0.01225
27.6	0.0302	0.01235
27.7	0.03032	0.01226
27.8	0.03025	0.01222
27.9	0.03025	0.01222
28	0.03008	0.01224
28.1	0.02989	0.01227
28.2	0.02996	0.01224
28.3	0.02998	0.01223
28.4	0.03004	0.01227
28.5	0.0301	0.01221
28.6	0.0301	0.01214
28.7	0.03009	0.01211
28.8	0.03009	0.01221
28.9	0.03019	0.01218
29	0.03019	0.01225
29.1	0.0301	0.0123
29.2	0.03021	0.0123
29.3	0.03012	0.01218
29.4	0.0302	0.01198
29.5	0.03028	0.01195
29.6	0.03032	0.01193
29.7	0.03027	0.01188
29.8	0.03015	0.01197
29.9	0.03017	0.01194
30	0.03021	0.0119
30.1	0.03022	0.01175
30.2	0.03034	0.01176
30.3	0.03022	0.01191
30.4	0.03021	0.01193
30.5	0.03036	0.01203
30.6	0.03029	0.01215
30.7	0.03031	0.01203
30.8	0.03019	0.01204
30.9	0.03021	0.01201
31	0.0304	0.01187
31.1	0.03043	0.01188
31.2	0.03028	0.01185
31.3	0.03025	0.01184
31.4	0.0302	0.01197
31.5	0.03027	0.01186
31.6	0.03036	0.01195
31.7	0.03057	0.01205
31.8	0.03049	0.01202
31.9	0.03029	0.01205
32	0.03027	0.01205
32.1	0.03029	0.01204
32.2	0.03034	0.01199
32.3	0.03023	0.01201
32.4	0.03024	0.01205
32.5	0.03021	0.012
32.6	0.03019	0.012
32.7	0.03026	0.012
32.8	0.0304	0.01209
32.9	0.03035	0.01193
33	0.03034	0.01189
33.1	0.03038	0.01194
33.2	0.03044	0.01194
33.3	0.0305	0.01194
33.4	0.03049	0.01213
33.5	0.03037	0.01196
33.6	0.03039	0.01191
33.7	0.03043	0.01187
33.8	0.03046	0.01189
33.9	0.03063	0.012
34	0.03068	0.01195
34.1	0.03063	0.0119
34.2	0.03045	0.01184
34.3	0.03048	0.01187
34.4	0.03093	0.01186
34.5	0.03137	0.01155
34.6	0.03119	0.01156
34.7	0.0311	0.01154
34.8	0.03113	0.01155
34.9	0.03109	0.01146
35	0.03102	0.01143
35.1	0.03106	0.0115
35.2	0.03098	0.01146
35.3	0.03095	0.01146
35.4	0.03097	0.01152
35.5	0.03113	0.01152
35.6	0.03104	0.01154
35.7	0.03104	0.0115
35.8	0.03105	0.01144
35.9	0.03153	0.01135
36	0.03158	0.01132
36.1	0.03127	0.01131
36.2	0.03116	0.01133
36.3	0.03116	0.01137
36.4	0.03112	0.01147
36.5	0.0311	0.01154
36.6	0.03113	0.01168
36.7	0.03117	0.01171
36.8	0.03121	0.01167
36.9	0.03135	0.01173
37	0.03135	0.01172
37.1	0.03123	0.01171
37.2	0.03116	0.01174
37.3	0.03112	0.0117
37.4	0.03092	0.01182
37.5	0.03087	0.01184
37.6	0.03087	0.0118
37.7	0.0309	0.01174
37.8	0.03116	0.01165
37.9	0.03118	0.01166
38	0.03124	0.01167
38.1	0.03128	0.01165
38.2	0.03127	0.01167
38.3	0.03117	0.01171
38.4	0.03117	0.01169
38.5	0.03119	0.01164
38.6	0.0312	0.01168
38.7	0.03125	0.01169
38.8	0.03126	0.01168
38.9	0.03119	0.01173
39	0.03118	0.01173
39.1	0.03111	0.01181
39.2	0.03115	0.01171
39.3	0.03122	0.01175
39.4	0.03121	0.01168
39.5	0.03117	0.01169
39.6	0.03118	0.01164
39.7	0.03128	0.01139
39.8	0.0312	0.01134
39.9	0.03117	0.01132
40	0.03114	0.01129
40.1	0.03131	0.01129
40.2	0.03139	0.01126
40.3	0.03137	0.0113
40.4	0.0313	0.01132
40.5	0.03141	0.01135
40.6	0.03145	0.01133
40.7	0.03173	0.01134
40.8	0.03173	0.01134
40.9	0.03164	0.0113
41	0.03164	0.01131
41.1	0.03169	0.01129
41.2	0.03178	0.01132
41.3	0.03181	0.01132
41.4	0.03174	0.01131
41.5	0.03164	0.01134
41.6	0.03171	0.01137
41.7	0.0317	0.0114
41.8	0.0314	0.01156
41.9	0.03121	0.0114
42	0.03106	0.01138
42.1	0.03103	0.01151
42.2	0.031	0.01144
42.3	0.03116	0.01135
42.4	0.03131	0.01133
42.5	0.03149	0.01132
42.6	0.0315	0.01131
42.7	0.03146	0.01131
42.8	0.03164	0.0111
42.9	0.03159	0.01117
43	0.03147	0.01129
43.1	0.03124	0.01133
43.2	0.03118	0.01137
43.3	0.03111	0.01156
43.4	0.03117	0.01161
43.5	0.03115	0.01159
43.6	0.03138	0.0116
43.7	0.03168	0.01174
43.8	0.03183	0.01161
43.9	0.03166	0.01138
44	0.03181	0.01152
44.1	0.03175	0.01134
44.2	0.03192	0.0113
44.3	0.03188	0.01127
44.4	0.03194	0.01125
44.5	0.0319	0.01127
44.6	0.03202	0.01135
44.7	0.03184	0.01173
44.8	0.03193	0.01157
44.9	0.03197	0.01166
45	0.03202	0.01153
45.1	0.03229	0.01152
45.2	0.03251	0.01155
45.3	0.0323	0.0114
45.4	0.03223	0.01147
45.5	0.03224	0.01161
45.6	0.03224	0.01157
45.7	0.03217	0.01146
45.8	0.03195	0.01129
45.9	0.03183	0.01132
46	0.03198	0.01128
46.1	0.03204	0.01115
46.2	0.03204	0.01115
46.3	0.0319	0.01119
46.4	0.03176	0.01117
46.5	0.0317	0.01104
46.6	0.03167	0.01097
46.7	0.03167	0.01107
46.8	0.03174	0.01109
46.9	0.0317	0.01116
47	0.03162	0.0113
47.1	0.03166	0.01134
47.2	0.03171	0.01123
47.3	0.03169	0.01124
47.4	0.03153	0.01124
47.5	0.0315	0.01125
47.6	0.03146	0.01122
47.7	0.03124	0.01127
47.8	0.03125	0.01131
47.9	0.03144	0.01132
48	0.03147	0.01134
48.1	0.03133	0.01134
48.2	0.03136	0.01138
48.3	0.03137	0.01137
48.4	0.03136	0.01164
48.5	0.03144	0.01166
48.6	0.03176	0.01128
48.7	0.03185	0.01129
48.8	0.03177	0.01121
48.9	0.03173	0.01123
49	0.03171	0.01136
49.1	0.03164	0.0113
49.2	0.03151	0.01129
49.3	0.03151	0.01133
49.4	0.03147	0.01134
49.5	0.03151	0.0113
49.6	0.03155	0.01122
49.7	0.03157	0.01104
49.8	0.0316	0.01118
49.9	0.03167	0.01125
50	0.03182	0.01127
50.1	0.03196	0.01128
50.2	0.03196	0.01126
50.3	0.03201	0.01121
50.4	0.03197	0.01124
50.5	0.03196	0.01123
50.6	0.03162	0.01126
50.7	0.03199	0.01129
50.8	0.03212	0.01127
50.9	0.03216	0.01124
51	0.03203	0.01126
51.1	0.03206	0.01126
51.2	0.03198	0.01123
51.3	0.03201	0.01128
51.4	0.03217	0.01127
51.5	0.03242	0.01124
51.6	0.0324	0.01128
51.7	0.03261	0.01132
51.8	0.0328	0.01138
51.9	0.03286	0.01141
52	0.03289	0.01148
52.1	0.03302	0.01147
52.2	0.03295	0.01145
52.3	0.03291	0.01144
52.4	0.03262	0.01146
52.5	0.03252	0.01144
52.6	0.0324	0.0114
52.7	0.03222	0.0116
52.8	0.03222	0.01178
52.9	0.03227	0.01184
53	0.03222	0.01177
53.1	0.03212	0.01185
53.2	0.03196	0.01203
53.3	0.03167	0.01207
53.4	0.03166	0.01218
53.5	0.03171	0.01228
53.6	0.03172	0.01223
53.7	0.0317	0.01226
53.8	0.03183	0.0125
53.9	0.03207	0.01265
54	0.03231	0.01249
54.1	0.03222	0.01253
54.2	0.03231	0.01265
54.3	0.03209	0.01259
54.4	0.03224	0.01236
54.5	0.03228	0.01254
54.6	0.03223	0.01251
54.7	0.03235	0.01254
54.8	0.03266	0.01239
54.9	0.03262	0.01243
55	0.03263	0.01235
55.1	0.03243	0.01228
55.2	0.03221	0.01232
55.3	0.03247	0.01238
55.4	0.03286	0.01283
55.5	0.03288	0.01279
55.6	0.03275	0.0128
55.7	0.0327	0.01244
55.8	0.03267	0.01235
55.9	0.03247	0.0123
56	0.03249	0.01225
56.1	0.03249	0.01223
56.2	0.03242	0.01224
56.3	0.03235	0.01222
56.4	0.03228	0.01199
56.5	0.03225	0.01199
56.6	0.03191	0.01206
56.7	0.03188	0.01208
56.8	0.03191	0.01215
56.9	0.03215	0.01206
57	0.03215	0.01204
57.1	0.03223	0.01219
57.2	0.03218	0.01183
57.3	0.03198	0.01186
57.4	0.03203	0.01169
57.5	0.0319	0.01129
57.6	0.03202	0.01128
57.7	0.03194	0.01124
57.8	0.03187	0.01123
57.9	0.03189	0.01107
58	0.03185	0.01087
58.1	0.03174	0.01093
58.2	0.03173	0.01094
58.3	0.03182	0.01084
58.4	0.03188	0.01084
58.5	0.03215	0.01084
58.6	0.03211	0.01083
58.7	0.03199	0.01086
58.8	0.03214	0.01089
58.9	0.03205	0.01089
59	0.03168	0.01124
59.1	0.03162	0.0111
59.2	0.03153	0.01107
59.3	0.03153	0.01109
59.4	0.03143	0.01142
59.5	0.03141	0.01138
59.6	0.03154	0.0111
59.7	0.03141	0.01139
59.8	0.03132	0.01113
59.9	0.03136	0.01111
60	0.03132	0.01113
60.1	0.03133	0.01116
60.2	0.03146	0.01103
60.3	0.03146	0.01103
60.4	0.03141	0.01106
60.5	0.03131	0.01081
60.6	0.03132	0.01081
60.7	0.03132	0.0108
60.8	0.03134	0.01077
60.9	0.03131	0.01079
61	0.03132	0.0111
61.1	0.0313	0.01115
61.2	0.03128	0.01112
61.3	0.03113	0.01114
61.4	0.03126	0.01118
61.5	0.03109	0.01119
61.6	0.03118	0.01112
61.7	0.03115	0.01115
61.8	0.03124	0.01116
61.9	0.03131	0.01113
62	0.03128	0.01108
62.1	0.0313	0.01087
62.2	0.03133	0.01108
62.3	0.03135	0.01114
62.4	0.03136	0.0112
62.5	0.03133	0.01114
62.6	0.03138	0.01106
62.7	0.03174	0.01073
62.8	0.03187	0.01076
62.9	0.03183	0.01087
63	0.03162	0.01088
63.1	0.03162	0.01081
63.2	0.03175	0.01079
63.3	0.03182	0.01078
63.4	0.03171	0.01092
63.5	0.03164	0.01086
63.6	0.03167	0.01086
63.7	0.03166	0.01083
63.8	0.03165	0.01084
63.9	0.03149	0.0108
64	0.03131	0.01081
64.1	0.03117	0.01079
64.2	0.03111	0.01076
64.3	0.03116	0.01077
64.4	0.03119	0.01078
64.5	0.03123	0.01078
64.6	0.0312	0.01077
64.7	0.03108	0.01083
64.8	0.03095	0.011
64.9	0.03103	0.01107
65	0.03129	0.01097
65.1	0.03135	0.01105
65.2	0.03134	0.01102
65.3	0.03136	0.01099
65.4	0.03136	0.01101
65.5	0.03135	0.01097
65.6	0.03143	0.01097
65.7	0.03132	0.01097
65.8	0.03132	0.01103
65.9	0.03131	0.01112
66	0.03131	0.01115
66.1	0.03134	0.01111
66.2	0.03134	0.01112
66.3	0.03134	0.01115
66.4	0.03133	0.01115
66.5	0.03138	0.01115
66.6	0.03135	0.01113
66.7	0.03135	0.0111
66.8	0.03135	0.01113
66.9	0.03132	0.01107
67	0.0313	0.01106
67.1	0.03133	0.01099
67.2	0.03135	0.01099
67.3	0.0316	0.01106
67.4	0.03163	0.01089
67.5	0.03186	0.01109
67.6	0.03208	0.01113
67.7	0.0322	0.01114
67.8	0.03221	0.01104
67.9	0.03226	0.01109
68	0.03194	0.01116
68.1	0.03194	0.01137
68.2	0.03199	0.01138
68.3	0.03193	0.01137
68.4	0.03186	0.01138
68.5	0.03183	0.0114
68.6	0.03167	0.01151
68.7	0.0316	0.01142
68.8	0.0315	0.01138
68.9	0.03164	0.01117
69	0.03168	0.01114
69.1	0.03167	0.01112
69.2	0.03162	0.01116
69.3	0.03168	0.01112
69.4	0.03163	0.01117
69.5	0.03179	0.01118
69.6	0.03191	0.01115
69.7	0.03194	0.01147
69.8	0.03232	0.0115
69.9	0.03242	0.01162
70	0.03256	0.01163
70.1	0.03256	0.01147
70.2	0.03244	0.01158
70.3	0.03278	0.01161
70.4	0.03306	0.01131
70.5	0.03306	0.01133
70.6	0.03304	0.01133
70.7	0.03295	0.01141
70.8	0.03293	0.01144
70.9	0.03296	0.01134
71	0.03286	0.01133
71.1	0.03271	0.01133
71.2	0.03272	0.01138
71.3	0.03271	0.01142
71.4	0.03258	0.01167
71.5	0.0324	0.01173
71.6	0.0323	0.01193
71.7	0.03225	0.01174
71.8	0.03227	0.01127
71.9	0.03229	0.01117
72	0.03227	0.01119
72.1	0.0322	0.01141
72.2	0.0322	0.01158
72.3	0.03224	0.0115
72.4	0.03226	0.0115
72.5	0.03224	0.01134
72.6	0.03226	0.01157
72.7	0.03234	0.01169
72.8	0.03239	0.01167
72.9	0.03236	0.01167
73	0.03234	0.01159
73.1	0.03232	0.01168
73.2	0.03229	0.01165
73.3	0.03221	0.0116
73.4	0.0321	0.01166
73.5	0.03207	0.01166
73.6	0.03212	0.0117
73.7	0.03239	0.01169
73.8	0.03243	0.01173
73.9	0.03241	0.01173
74	0.03253	0.01169
74.1	0.03259	0.01171
74.2	0.03268	0.0117
74.3	0.03295	0.01169
74.4	0.03294	0.01172
74.5	0.03297	0.01168
74.6	0.03295	0.01168
74.7	0.03293	0.01171
74.8	0.03283	0.01172
74.9	0.03259	0.01166
75	0.03247	0.01166
75.1	0.03233	0.01172
75.2	0.0324	0.0117
75.3	0.0324	0.0117
75.4	0.03229	0.01173
75.5	0.03213	0.01168
75.6	0.03187	0.01175
75.7	0.0317	0.01199
75.8	0.03155	0.01194
75.9	0.0313	0.01171
76	0.0313	0.01167
76.1	0.03103	0.01169
76.2	0.03102	0.01172
76.3	0.03111	0.01166
76.4	0.03087	0.01166
76.5	0.0306	0.01171
76.6	0.03058	0.01179
76.7	0.03065	0.01175
76.8	0.03079	0.01171
76.9	0.03076	0.0117
77	0.03084	0.01197
77.1	0.03091	0.01205
77.2	0.03072	0.01197
77.3	0.03066	0.01171
77.4	0.03065	0.01166
77.5	0.03062	0.01169
77.6	0.03063	0.01167
77.7	0.03099	0.01168
77.8	0.03107	0.01134
77.9	0.03107	0.01151
78	0.03072	0.01168
78.1	0.03066	0.01182
78.2	0.03072	0.01191
78.3	0.03087	0.01204
78.4	0.0309	0.01185
78.5	0.03094	0.01163
78.6	0.03069	0.01163
78.7	0.03088	0.01157
78.8	0.0309	0.01158
78.9	0.03115	0.01135
79	0.0313	0.01116
79.1	0.03133	0.01118
79.2	0.03125	0.01118
79.3	0.03119	0.0115
79.4	0.03112	0.01146
79.5	0.03122	0.01134
79.6	0.03128	0.01131
79.7	0.03134	0.01132
79.8	0.03113	0.01135
79.9	0.03095	0.01147
80	0.03106	0.01142
80.1	0.03107	0.01141
80.2	0.03112	0.0114
80.3	0.03109	0.01139
80.4	0.03108	0.01136
80.5	0.03109	0.01141
80.6	0.0311	0.01141
80.7	0.0311	0.01142
80.8	0.03111	0.01142
80.9	0.03111	0.01135
81	0.03127	0.01138
81.1	0.03141	0.01136
81.2	0.03159	0.01164
81.3	0.03131	0.01192
81.4	0.03129	0.01224
81.5	0.03118	0.01233
81.6	0.03124	0.01223
81.7	0.03125	0.0121
81.8	0.03125	0.01196
81.9	0.0311	0.01206
82	0.03085	0.01237
82.1	0.03084	0.01235
82.2	0.03073	0.01246
82.3	0.03085	0.01262
82.4	0.03078	0.01295
82.5	0.03089	0.01307
82.6	0.03098	0.01352
82.7	0.03103	0.01348
82.8	0.03106	0.01338
82.9	0.03109	0.01333
83	0.0311	0.01308
83.1	0.03105	0.01301
83.2	0.0311	0.01292
83.3	0.03108	0.01291
83.4	0.03113	0.01297
83.5	0.03114	0.01293
83.6	0.03134	0.01265
83.7	0.03129	0.01264
83.8	0.03118	0.0126
83.9	0.03116	0.01265
84	0.03118	0.0127
84.1	0.0313	0.01264
84.2	0.03129	0.01293
84.3	0.03116	0.01297
84.4	0.03113	0.0129
84.5	0.03123	0.013
84.6	0.0312	0.01305
84.7	0.03121	0.01299
84.8	0.03117	0.01298
84.9	0.03121	0.01285
85	0.03121	0.01286
85.1	0.03118	0.01266
85.2	0.03121	0.01249
85.3	0.03122	0.01224
85.4	0.0312	0.01233
85.5	0.03116	0.01229
85.6	0.03118	0.01227
85.7	0.03119	0.01231
85.8	0.03125	0.01217
85.9	0.03136	0.01217
86	0.03126	0.01219
86.1	0.0314	0.0121
86.2	0.03193	0.01193
86.3	0.0319	0.01195
86.4	0.03191	0.01197
86.5	0.03193	0.01195
86.6	0.03204	0.01212
86.7	0.03217	0.01212
86.8	0.0322	0.01207
86.9	0.03226	0.01201
87	0.03225	0.01202
87.1	0.03206	0.01206
87.2	0.03221	0.01204
87.3	0.03234	0.01203
87.4	0.03276	0.01204
87.5	0.03282	0.01202
87.6	0.03285	0.01196
87.7	0.03283	0.01195
87.8	0.03299	0.012
87.9	0.033	0.01198
88	0.03293	0.01192
88.1	0.03295	0.01177
88.2	0.03295	0.01176
88.3	0.03296	0.01175
88.4	0.03309	0.0118
88.5	0.03314	0.01176
88.6	0.03315	0.01188
88.7	0.03313	0.0121
88.8	0.03318	0.0121
88.9	0.03322	0.01205
89	0.03322	0.01215
89.1	0.03333	0.01222
89.2	0.0334	0.01244
89.3	0.0332	0.01233
89.4	0.03315	0.01227
89.5	0.03315	0.01233
89.6	0.0332	0.01233
89.7	0.03316	0.01228
89.8	0.03312	0.01215
89.9	0.03317	0.01215
90	0.03318	0.0123
90.1	0.03318	0.01227
90.2	0.03326	0.01229
90.3	0.03319	0.01213
90.4	0.03309	0.01224
90.5	0.03314	0.01219
90.6	0.03306	0.01228
90.7	0.03302	0.0123
90.8	0.03308	0.01242
90.9	0.03307	0.01242
91	0.03304	0.01246
91.1	0.03301	0.01267
91.2	0.03302	0.01273
91.3	0.03288	0.01276
91.4	0.03263	0.01279
91.5	0.03277	0.01275
91.6	0.0329	0.01274
91.7	0.03299	0.01242
91.8	0.03274	0.01265
91.9	0.03254	0.01254
92	0.0325	0.01238
92.1	0.03249	0.01238
92.2	0.03228	0.01238
92.3	0.03218	0.01256
92.4	0.0321	0.01263
92.5	0.03211	0.01291
92.6	0.0324	0.01297
92.7	0.0324	0.0128
92.8	0.03228	0.01274
92.9	0.03231	0.01291
93	0.0323	0.01298
93.1	0.03207	0.01298
93.2	0.03198	0.01291
93.3	0.03169	0.01287
93.4	0.03167	0.01264
93.5	0.03166	0.01269
93.6	0.03167	0.01267
93.7	0.03169	0.01273
93.8	0.03167	0.01269
93.9	0.03167	0.01266
94	0.03144	0.01269
94.1	0.03129	0.01261
94.2	0.03133	0.01258
94.3	0.03132	0.01249
94.4	0.03133	0.01269
94.5	0.03131	0.01267
94.6	0.03141	0.01257
94.7	0.03137	0.01253
94.8	0.0313	0.01257
94.9	0.03134	0.01266
95	0.03133	0.01259
95.1	0.03141	0.01254
95.2	0.0313	0.01239
95.3	0.03129	0.01236
95.4	0.03129	0.01255
95.5	0.03129	0.01253
95.6	0.03129	0.01274
95.7	0.03127	0.01285
95.8	0.0313	0.01281
95.9	0.03128	0.01278
96	0.03097	0.01264
96.1	0.03072	0.01235
96.2	0.03075	0.01232
96.3	0.03076	0.01209
96.4	0.03069	0.01202
96.5	0.0307	0.01178
96.6	0.03045	0.01187
96.7	0.03047	0.01202
96.8	0.03057	0.01207
96.9	0.03055	0.01208
97	0.03054	0.01233
97.1	0.03054	0.0123
97.2	0.03075	0.01232
97.3	0.03075	0.01218
97.4	0.03046	0.0121
97.5	0.03047	0.01205
97.6	0.03049	0.01206
97.7	0.03042	0.01212
97.8	0.03045	0.01217
97.9	0.03057	0.01218
98	0.03061	0.01222
98.1	0.03063	0.01221
98.2	0.03062	0.01215
98.3	0.03062	0.01206
98.4	0.03064	0.01205
98.5	0.03066	0.01207
98.6	0.0306	0.01215
98.7	0.03089	0.01224
98.8	0.03129	0.0122
98.9	0.0313	0.01239
99	0.03132	0.01262
99.1	0.03131	0.01264
99.2	0.03127	0.01263
99.3	0.03127	0.01259
99.4	0.03128	0.01224
99.5	0.03125	0.01205
99.6	0.03117	0.01206
99.7	0.03073	0.01193
99.8	0.03083	0.01151
99.9	0.03084	0.01151
100	0.0309	0.01147
100.1	0.03092	0.01145
100.2	0.03105	0.01152
100.3	0.03111	0.01169
100.4	0.03121	0.0115
100.5	0.03115	0.01131
100.6	0.03111	0.01128
100.7	0.03109	0.01129
100.8	0.03105	0.01124
100.9	0.03109	0.01123
101	0.03112	0.01122
101.1	0.03112	0.01121
101.2	0.0311	0.01127
101.3	0.03094	0.01129
101.4	0.03096	0.01125
101.5	0.03098	0.01119
101.6	0.03103	0.01119
101.7	0.03112	0.01125
101.8	0.03104	0.01113
101.9	0.0311	0.01113
102	0.03109	0.01121
102.1	0.03108	0.01125
102.2	0.03107	0.01119
102.3	0.03106	0.01127
102.4	0.03097	0.01121
102.5	0.03101	0.01126
102.6	0.03098	0.01118
102.7	0.03095	0.01124
102.8	0.03072	0.01164
102.9	0.0309	0.01181
103	0.03092	0.01182
103.1	0.03104	0.0114
103.2	0.03113	0.01147
103.3	0.03137	0.01146
103.4	0.03132	0.01156
103.5	0.03172	0.01148
103.6	0.03176	0.01118
103.7	0.03174	0.01111
103.8	0.03181	0.0111
103.9	0.03207	0.01108
104	0.03204	0.0111
104.1	0.03197	0.011
104.2	0.03199	0.01097
104.3	0.03204	0.01087
104.4	0.03209	0.01072
104.5	0.03204	0.01086
104.6	0.03174	0.01095
104.7	0.03174	0.01099
104.8	0.03163	0.01092
104.9	0.03161	0.01089
105	0.03175	0.01098
105.1	0.03196	0.011
105.2	0.03213	0.01097
105.3	0.03211	0.01089
105.4	0.03206	0.01088
105.5	0.03206	0.01088
105.6	0.03216	0.011
105.7	0.0322	0.01125
105.8	0.03214	0.01129
105.9	0.03211	0.01129
106	0.03213	0.0112
106.1	0.03207	0.01109
106.2	0.03211	0.01111
106.3	0.03204	0.01111
106.4	0.03208	0.01113
106.5	0.03218	0.0111
106.6	0.03214	0.01112
106.7	0.03219	0.01119
106.8	0.03214	0.01121
106.9	0.03213	0.01121
107	0.03207	0.0113
107.1	0.03184	0.01132
107.2	0.03181	0.01138
107.3	0.03174	0.01138
107.4	0.03174	0.01139
107.5	0.03176	0.01137
107.6	0.03177	0.01136
107.7	0.03179	0.01116
107.8	0.0317	0.01107
107.9	0.03138	0.01112
108	0.03129	0.01113
108.1	0.03131	0.0111
108.2	0.0313	0.01114
108.3	0.03131	0.01113
108.4	0.03128	0.0111
108.5	0.03124	0.01111
108.6	0.03102	0.01112
108.7	0.03099	0.01118
108.8	0.03112	0.01115
108.9	0.03114	0.01113
109	0.03108	0.01113
109.1	0.03111	0.01117
109.2	0.03113	0.01119
109.3	0.03107	0.01118
109.4	0.03082	0.01118
109.5	0.03053	0.01115
109.6	0.03054	0.01135
109.7	0.03052	0.01136
109.8	0.03056	0.01138
109.9	0.03049	0.01138
110	0.03039	0.01141
110.1	0.03041	0.01142
110.2	0.03035	0.01159
110.3	0.03027	0.01181
110.4	0.03022	0.01174
110.5	0.03026	0.01184
110.6	0.03032	0.01165
110.7	0.03024	0.01163
110.8	0.03026	0.01163
110.9	0.03002	0.01176
111	0.0301	0.01168
111.1	0.03027	0.01162
111.2	0.03023	0.01165
111.3	0.03025	0.01163
111.4	0.03032	0.01162
111.5	0.03034	0.01162
111.6	0.03044	0.01158
111.7	0.03044	0.01159
111.8	0.03036	0.01163
111.9	0.03025	0.01185
112	0.03033	0.01183
112.1	0.0304	0.01188
112.2	0.03034	0.01186
112.3	0.03035	0.01188
112.4	0.03044	0.01188
112.5	0.03038	0.01184
112.6	0.03035	0.01187
112.7	0.03036	0.01186
112.8	0.03039	0.01178
112.9	0.03038	0.01183
113	0.03038	0.01184
113.1	0.03036	0.01184
113.2	0.0304	0.0118
113.3	0.0304	0.01179
113.4	0.03043	0.01185
113.5	0.03041	0.01179
113.6	0.0304	0.01184
113.7	0.03037	0.01185
113.8	0.03042	0.01187
113.9	0.03035	0.01188
114	0.03031	0.01202
114.1	0.03017	0.01242
114.2	0.02999	0.01236
114.3	0.02993	0.01239
114.4	0.03011	0.01236
114.5	0.02999	0.01242
114.6	0.03009	0.01237
114.7	0.03019	0.01211
114.8	0.03017	0.01207
114.9	0.03012	0.01202
115	0.03016	0.01181
115.1	0.03026	0.01164
115.2	0.03038	0.01149
115.3	0.03061	0.01146
115.4	0.03077	0.01121
115.5	0.0308	0.01111
115.6	0.03089	0.01114
115.7	0.03093	0.01111
115.8	0.03095	0.01113
115.9	0.03101	0.01111
116	0.03104	0.01111
116.1	0.03115	0.01113
116.2	0.03113	0.01115
116.3	0.03115	0.01113
116.4	0.03129	0.0111
116.5	0.0314	0.0111
116.6	0.03163	0.01111
116.7	0.03189	0.01115
116.8	0.03191	0.01113
116.9	0.03193	0.0111
117	0.03191	0.01106
117.1	0.03192	0.01101
117.2	0.03192	0.01105
117.3	0.032	0.011
117.4	0.03202	0.01099
117.5	0.03204	0.01103
117.6	0.03205	0.01105
117.7	0.03206	0.01103
117.8	0.03207	0.01109
117.9	0.03225	0.01115
118	0.03224	0.01109
118.1	0.03223	0.01112
118.2	0.03216	0.01109
118.3	0.03209	0.01112
118.4	0.03208	0.01113
118.5	0.03218	0.01118
118.6	0.03226	0.01117
118.7	0.03223	0.01113
118.8	0.03224	0.01121
118.9	0.03221	0.01129
119	0.03203	0.0114
119.1	0.03216	0.01134
119.2	0.03217	0.01122
119.3	0.03245	0.01118
119.4	0.03253	0.01122
119.5	0.03274	0.0111
119.6	0.03253	0.01117
119.7	0.03273	0.01115
119.8	0.03289	0.0112
119.9	0.03282	0.01125
120	0.03285	0.01125
120.1	0.03273	0.01126
120.2	0.03257	0.01132
120.3	0.0325	0.01161
120.4	0.0325	0.01154
120.5	0.03248	0.01145
120.6	0.03244	0.01155
120.7	0.03245	0.01161
120.8	0.03248	0.01174
120.9	0.03232	0.01172
121	0.03231	0.01174
121.1	0.03236	0.01186
121.2	0.03241	0.01186
121.3	0.03263	0.01189
121.4	0.03258	0.0118
121.5	0.03247	0.01182
121.6	0.03232	0.01183
121.7	0.03218	0.01185
121.8	0.03217	0.01177
121.9	0.03217	0.0118
122	0.03214	0.01185
122.1	0.03208	0.01186
122.2	0.03176	0.01187
122.3	0.03174	0.01187
122.4	0.03181	0.01185
122.5	0.03184	0.01184
122.6	0.03202	0.01183
122.7	0.03205	0.01169
122.8	0.03201	0.01163
122.9	0.03205	0.01156
123	0.03206	0.01156
123.1	0.03204	0.01158
123.2	0.03203	0.01162
123.3	0.03207	0.01172
123.4	0.0322	0.01157
123.5	0.03247	0.01166
123.6	0.0326	0.0118
123.7	0.03259	0.01183
123.8	0.03266	0.01188
123.9	0.03272	0.01183
124	0.0326	0.01174
124.1	0.03255	0.01176
124.2	0.03255	0.0118
124.3	0.03259	0.01169
124.4	0.03255	0.01167
124.5	0.03252	0.01184
124.6	0.03226	0.01186
124.7	0.03206	0.01162
124.8	0.03199	0.01161
124.9	0.03196	0.0116
125	0.032	0.0116
125.1	0.03197	0.01117
125.2	0.03207	0.01113
125.3	0.03197	0.0111
125.4	0.03182	0.01113
125.5	0.0317	0.01111
125.6	0.03163	0.01115
125.7	0.03169	0.01109
125.8	0.03157	0.01112
125.9	0.03134	0.01114
126	0.03146	0.01112
126.1	0.03134	0.01114
126.2	0.03131	0.01146
126.3	0.03129	0.01116
126.4	0.03133	0.01112
126.5	0.03137	0.0113
126.6	0.03134	0.01136
126.7	0.03127	0.01118
126.8	0.03133	0.01114
126.9	0.03132	0.01115
127	0.03129	0.01118
127.1	0.03132	0.01113
127.2	0.03115	0.01129
127.3	0.03126	0.01128
127.4	0.03139	0.01103
127.5	0.03158	0.01076
127.6	0.03176	0.01081
127.7	0.03184	0.01086
127.8	0.0317	0.01092
127.9	0.03177	0.01094
128	0.03191	0.01108
128.1	0.03205	0.0108
128.2	0.03203	0.01083
128.3	0.03208	0.01096
128.4	0.03236	0.01088
128.5	0.03225	0.01092
128.6	0.03233	0.01088
128.7	0.03229	0.01089
128.8	0.03217	0.0109
128.9	0.03226	0.01104
129	0.03226	0.01097
129.1	0.03234	0.01095
129.2	0.0323	0.01096
129.3	0.0324	0.01097
129.4	0.03237	0.01098
129.5	0.03241	0.01109
129.6	0.03231	0.01105
129.7	0.03237	0.01103
129.8	0.03245	0.01109
129.9	0.03257	0.01106
130	0.03253	0.01098
130.1	0.03267	0.01103
130.2	0.03272	0.01105
130.3	0.03269	0.01103
130.4	0.03272	0.01101
130.5	0.03273	0.01102
130.6	0.03269	0.01101
130.7	0.0327	0.01102
130.8	0.03269	0.01104
130.9	0.03262	0.01104
131	0.03263	0.01108
131.1	0.03275	0.01111
131.2	0.03275	0.01109
131.3	0.03285	0.01113
131.4	0.03277	0.01148
131.5	0.03269	0.01139
131.6	0.03268	0.01147
131.7	0.03276	0.01157
131.8	0.03273	0.01149
131.9	0.03277	0.01148
132	0.03312	0.01132
132.1	0.03342	0.01149
132.2	0.03343	0.01149
132.3	0.03333	0.01143
132.4	0.03313	0.01143
132.5	0.03314	0.01146
132.6	0.03312	0.01146
132.7	0.03313	0.01144
132.8	0.0332	0.01147
132.9	0.03318	0.01144
133	0.03314	0.01128
133.1	0.03314	0.01116
133.2	0.03312	0.01109
133.3	0.03323	0.01113
133.4	0.03338	0.01117
133.5	0.03339	0.01118
133.6	0.03339	0.01117
133.7	0.03341	0.01114
133.8	0.03319	0.01108
133.9	0.03316	0.0111
134	0.03318	0.01112
134.1	0.03319	0.01118
134.2	0.03321	0.01116
134.3	0.03323	0.01129
134.4	0.03333	0.01122
134.5	0.03325	0.01124
134.6	0.03317	0.01127
134.7	0.03321	0.01123
134.8	0.03321	0.01121
134.9	0.03318	0.01123
135	0.03322	0.0113
135.1	0.03321	0.01126
135.2	0.03315	0.01127
135.3	0.03316	0.01121
135.4	0.03325	0.01126
135.5	0.03321	0.01135
135.6	0.03322	0.0114
135.7	0.03312	0.01141
135.8	0.03309	0.01139
135.9	0.0331	0.01136
136	0.03291	0.01146
136.1	0.03295	0.01153
136.2	0.033	0.01154
136.3	0.03318	0.01153
136.4	0.03334	0.01149
136.5	0.03322	0.01156
136.6	0.03298	0.0116
136.7	0.03299	0.01158
136.8	0.03318	0.01142
136.9	0.03318	0.01133
137	0.03315	0.01134
137.1	0.03298	0.01126
137.2	0.03284	0.01115
137.3	0.03279	0.01109
137.4	0.03245	0.01112
137.5	0.03244	0.01119
137.6	0.03247	0.01114
137.7	0.03248	0.01115
137.8	0.03256	0.01156
137.9	0.03261	0.01156
138	0.03247	0.01153
138.1	0.03235	0.01181
138.2	0.03224	0.01202
138.3	0.03228	0.01206
138.4	0.03221	0.01228
138.5	0.03167	0.01237
138.6	0.03165	0.01239
138.7	0.03199	0.01202
138.8	0.03209	0.01181
138.9	0.03226	0.0114
139	0.0323	0.01126
139.1	0.0324	0.01123
139.2	0.03237	0.01142
139.3	0.03235	0.01145
139.4	0.03246	0.01142
139.5	0.03245	0.01118
139.6	0.03266	0.0111
139.7	0.03251	0.01113
139.8	0.03244	0.01108
139.9	0.03224	0.01094
140	0.03231	0.01106
140.1	0.03227	0.01094
140.2	0.03226	0.01091
140.3	0.03222	0.01098
140.4	0.03224	0.01105
140.5	0.03216	0.01111
140.6	0.03189	0.01104
140.7	0.03181	0.01106
140.8	0.03187	0.01105
140.9	0.03191	0.0111
141	0.03192	0.01138
141.1	0.03222	0.01108
141.2	0.03224	0.01121
141.3	0.03224	0.0111
141.4	0.03224	0.01113
141.5	0.03222	0.01108
141.6	0.03223	0.01109
141.7	0.03224	0.0111
141.8	0.03227	0.01114
141.9	0.03243	0.01116
142	0.03248	0.01117
142.1	0.03248	0.01115
142.2	0.03247	0.01115
142.3	0.03256	0.01126
142.4	0.03255	0.0113
142.5	0.03248	0.01121
142.6	0.03241	0.0112
142.7	0.03219	0.01124
142.8	0.03212	0.01121
142.9	0.0321	0.01134
143	0.03181	0.01124
143.1	0.03172	0.01127
143.2	0.03147	0.01126
143.3	0.03112	0.0115
143.4	0.03101	0.01179
143.5	0.03086	0.01187
143.6	0.03067	0.01199
143.7	0.03065	0.01196
143.8	0.03053	0.01194
143.9	0.03059	0.01184
144	0.03063	0.01192
144.1	0.03062	0.01198
144.2	0.03044	0.01195
144.3	0.03037	0.01178
144.4	0.03057	0.01163
144.5	0.03047	0.01173
144.6	0.0305	0.01172
144.7	0.03062	0.01166
144.8	0.03065	0.01166
144.9	0.03071	0.01166
145	0.03116	0.01155
145.1	0.03123	0.01138
145.2	0.03122	0.01138
145.3	0.03125	0.01137
145.4	0.0313	0.01128
145.5	0.03131	0.0112
145.6	0.03134	0.01119
145.7	0.03154	0.01107
145.8	0.03156	0.01109
145.9	0.03155	0.01112
146	0.03153	0.01113
146.1	0.03154	0.01109
146.2	0.03156	0.01114
146.3	0.03165	0.01115
146.4	0.03159	0.01144
146.5	0.03148	0.01146
146.6	0.03144	0.01139
146.7	0.03148	0.01119
146.8	0.03149	0.01115
146.9	0.03167	0.01097
147	0.03149	0.01114
147.1	0.03168	0.01108
147.2	0.03165	0.01111
147.3	0.03166	0.01113
147.4	0.03159	0.01114
147.5	0.03144	0.01117
147.6	0.03121	0.01118
147.7	0.03119	0.01113
147.8	0.03124	0.01113
147.9	0.03126	0.01113
148	0.03124	0.01115
148.1	0.03121	0.01115
148.2	0.03122	0.01117
148.3	0.03118	0.01116
148.4	0.03118	0.01112
148.5	0.03123	0.01114
148.6	0.03124	0.01111
148.7	0.0313	0.0111
148.8	0.03131	0.01114
148.9	0.03122	0.01112
149	0.03126	0.01108
149.1	0.03137	0.01099
149.2	0.03137	0.0111
149.3	0.03145	0.01111
149.4	0.03161	0.01104
149.5	0.03172	0.01101
149.6	0.03169	0.01102
149.7	0.03167	0.01115
149.8	0.03188	0.01101
149.9	0.03193	0.01105
150	0.03199	0.01109
150.1	0.03204	0.01106
150.2	0.03203	0.01104
150.3	0.0322	0.01105
150.4	0.03222	0.01111
150.5	0.0322	0.01141
150.6	0.03224	0.0114
150.7	0.03222	0.01133
150.8	0.03222	0.01135
150.9	0.03209	0.01115
151	0.03196	0.01112
151.1	0.03168	0.01114
151.2	0.03172	0.01111
151.3	0.03183	0.01108
151.4	0.03175	0.01112
151.5	0.03183	0.01108
151.6	0.03206	0.0111
151.7	0.03217	0.01109
151.8	0.0319	0.01103
151.9	0.03192	0.01101
152	0.03181	0.01106
152.1	0.03175	0.01114
152.2	0.0318	0.01107
152.3	0.03181	0.011
152.4	0.03182	0.01101
152.5	0.03185	0.01099
152.6	0.03187	0.01101
152.7	0.03196	0.01102
152.8	0.0323	0.01096
152.9	0.03235	0.01106
153	0.0324	0.01107
153.1	0.03236	0.01089
153.2	0.03255	0.01098
153.3	0.03264	0.01099
153.4	0.03258	0.01102
153.5	0.0326	0.011
153.6	0.03254	0.01104
153.7	0.03231	0.01104
153.8	0.03233	0.01107
153.9	0.03245	0.01112
154	0.03251	0.0112
154.1	0.03253	0.01109
154.2	0.03262	0.01105
154.3	0.03269	0.01103
154.4	0.03254	0.01105
154.5	0.03265	0.01101
154.6	0.03253	0.01101
154.7	0.03263	0.011
154.8	0.03249	0.01099
154.9	0.03245	0.01097
155	0.0325	0.01101
155.1	0.03245	0.01095
155.2	0.03243	0.01094
155.3	0.03214	0.011
155.4	0.03199	0.01097
155.5	0.03208	0.01102
155.6	0.03181	0.011
155.7	0.0316	0.01108
155.8	0.03155	0.01112
155.9	0.03152	0.01113
156	0.03161	0.01107
156.1	0.03159	0.01104
156.2	0.03179	0.01101
156.3	0.03176	0.01101
156.4	0.03179	0.01102
156.5	0.03179	0.01102
156.6	0.03174	0.011
156.7	0.0317	0.01107
156.8	0.03172	0.01103
156.9	0.03175	0.01107
157	0.03177	0.01104
157.1	0.03173	0.01114
157.2	0.03178	0.01116
157.3	0.03166	0.01151
157.4	0.03161	0.01151
157.5	0.03155	0.01147
157.6	0.03142	0.01134
157.7	0.03149	0.01137
157.8	0.03147	0.01136
157.9	0.03145	0.01133
158	0.03146	0.01141
158.1	0.03149	0.01141
158.2	0.03132	0.01134
158.3	0.03122	0.01159
158.4	0.03124	0.01146
158.5	0.03117	0.01138
158.6	0.03117	0.01133
158.7	0.03121	0.01133
158.8	0.03126	0.01137
158.9	0.03122	0.01157
159	0.0314	0.01166
159.1	0.03137	0.0118
159.2	0.03134	0.01182
159.3	0.03134	0.01183
159.4	0.03132	0.01182
159.5	0.03141	0.0115
159.6	0.03135	0.01141
159.7	0.03132	0.01135
159.8	0.0313	0.01138
159.9	0.03127	0.01141
160	0.03126	0.01136
160.1	0.03123	0.01137
160.2	0.0313	0.01119
160.3	0.03128	0.01118
160.4	0.03122	0.01135
160.5	0.03123	0.0113
160.6	0.03126	0.01114
160.7	0.03127	0.01113
160.8	0.03123	0.01111
160.9	0.03129	0.01114
161	0.03126	0.01115
161.1	0.03126	0.01114
161.2	0.03124	0.01111
161.3	0.03118	0.01113
161.4	0.03129	0.0111
161.5	0.03149	0.01096
161.6	0.0316	0.01094
161.7	0.03167	0.01091
161.8	0.0316	0.01087
161.9	0.03158	0.01091
162	0.03142	0.01109
162.1	0.03148	0.01111
162.2	0.03148	0.01111
162.3	0.03134	0.01118
162.4	0.03127	0.01124
162.5	0.03128	0.01137
162.6	0.03162	0.01141
162.7	0.03162	0.01143
162.8	0.03149	0.01135
162.9	0.03128	0.01142
163	0.03111	0.01157
163.1	0.03127	0.01148
163.2	0.03148	0.01145
163.3	0.03142	0.01153
163.4	0.0314	0.01167
163.5	0.0314	0.01158
163.6	0.03141	0.01155
163.7	0.03148	0.01159
163.8	0.03144	0.01172
163.9	0.03143	0.01185
164	0.03166	0.01184
164.1	0.03196	0.01185
164.2	0.03182	0.01182
164.3	0.03197	0.01178
164.4	0.03194	0.01179
164.5	0.03209	0.01155
164.6	0.03218	0.01124
164.7	0.03217	0.01132
164.8	0.03215	0.0113
164.9	0.03216	0.01122
165	0.03229	0.01123
165.1	0.03246	0.01126
165.2	0.03228	0.01124
165.3	0.03248	0.01127
165.4	0.03254	0.01122
165.5	0.03271	0.0112
165.6	0.03269	0.0111
165.7	0.0327	0.0112
165.8	0.03251	0.01126
165.9	0.03245	0.01124
166	0.03244	0.01125
166.1	0.03251	0.01132
166.2	0.03245	0.01126
166.3	0.03251	0.01116
166.4	0.03251	0.01108
166.5	0.03254	0.01109
166.6	0.0325	0.01111
166.7	0.03246	0.01114
166.8	0.03242	0.01113
166.9	0.03244	0.01112
167	0.03243	0.01106
167.1	0.03251	0.01109
167.2	0.03255	0.01109
167.3	0.03244	0.01112
167.4	0.03248	0.01113
167.5	0.03258	0.01114
167.6	0.03271	0.01111
167.7	0.03265	0.01114
167.8	0.03297	0.01115
167.9	0.03317	0.01114
168	0.03297	0.01108
168.1	0.033	0.01108
168.2	0.03316	0.01108
168.3	0.03323	0.01105
168.4	0.03316	0.01104
168.5	0.03322	0.01109
168.6	0.03317	0.01116
168.7	0.03308	0.01111
168.8	0.0331	0.01117
168.9	0.03304	0.01117
169	0.03322	0.01113
169.1	0.03324	0.01112
169.2	0.03321	0.01112
169.3	0.03317	0.01111
169.4	0.03319	0.01111
169.5	0.0332	0.01109
169.6	0.03321	0.01108
169.7	0.03321	0.01112
169.8	0.03327	0.01112
169.9	0.03325	0.01115
170	0.03321	0.01112
170.1	0.03333	0.01111
170.2	0.03331	0.01113
170.3	0.03327	0.01114
170.4	0.03327	0.01112
170.5	0.03333	0.0111
170.6	0.03332	0.01113
170.7	0.03331	0.01117
170.8	0.03342	0.01143
170.9	0.0334	0.01157
171	0.0337	0.01161
171.1	0.03367	0.01161
171.2	0.03341	0.01167
171.3	0.03335	0.01171
171.4	0.03344	0.01163
171.5	0.03367	0.0115
171.6	0.03389	0.01145
171.7	0.03403	0.01144
171.8	0.03401	0.01152
171.9	0.034	0.0116
172	0.03397	0.01149
172.1	0.0341	0.0117
172.2	0.03415	0.01185
172.3	0.03412	0.01202
172.4	0.03407	0.01209
172.5	0.03391	0.01204
172.6	0.03351	0.01176
172.7	0.03357	0.01177
172.8	0.03333	0.01198
172.9	0.0332	0.012
173	0.03318	0.01195
173.1	0.0331	0.01171
173.2	0.03277	0.0117
173.3	0.03298	0.01174
173.4	0.03321	0.01195
173.5	0.03321	0.01199
173.6	0.03312	0.01195
173.7	0.03296	0.01169
173.8	0.03292	0.0113
173.9	0.03295	0.01123
174	0.03293	0.01115
174.1	0.03294	0.01102
174.2	0.03292	0.01094
174.3	0.03292	0.01092
174.4	0.03277	0.01089
174.5	0.03256	0.01098
174.6	0.03256	0.01093
174.7	0.03244	0.01099
174.8	0.03259	0.0111
174.9	0.0326	0.01118
175	0.03263	0.01157
175.1	0.03263	0.01165
175.2	0.03258	0.01159
175.3	0.03259	0.01162
175.4	0.03255	0.01157
175.5	0.03257	0.01134
175.6	0.03261	0.01135
175.7	0.03263	0.01117
175.8	0.03261	0.01116
175.9	0.0326	0.01115
176	0.03265	0.01116
176.1	0.033	0.01116
176.2	0.03289	0.01117
176.3	0.03281	0.01137
176.4	0.03278	0.01162
176.5	0.03283	0.01165
176.6	0.03267	0.01174
176.7	0.03245	0.01172
176.8	0.0323	0.01161
176.9	0.03235	0.01153
177	0.03247	0.01149
177.1	0.03251	0.01161
177.2	0.03252	0.01184
177.3	0.03256	0.01188
177.4	0.03259	0.01176
177.5	0.03264	0.0116
177.6	0.03254	0.01152
177.7	0.03244	0.01145
177.8	0.03227	0.01148
177.9	0.03223	0.01158
178	0.03226	0.01181
178.1	0.03227	0.01194
178.2	0.0323	0.01178
178.3	0.03256	0.01175
178.4	0.0326	0.01175
178.5	0.0323	0.01175
178.6	0.0322	0.01175
178.7	0.03221	0.0117
178.8	0.03222	0.01169
178.9	0.03214	0.01168
179	0.03211	0.01144
179.1	0.03217	0.01145
179.2	0.03198	0.0115
179.3	0.03202	0.01143
179.4	0.03167	0.01127
179.5	0.03169	0.01127
179.6	0.0317	0.01138
179.7	0.03165	0.01123
179.8	0.03157	0.01127
179.9	0.03147	0.01127
180	0.03155	0.01124
180.1	0.03167	0.01143
180.2	0.03192	0.01153
180.3	0.0321	0.01155
180.4	0.03213	0.0115
180.5	0.0321	0.01144
180.6	0.032	0.01151
180.7	0.03187	0.01152
180.8	0.03188	0.01135
180.9	0.032	0.01121
181	0.03198	0.01122
181.1	0.03205	0.01123
181.2	0.03223	0.01126
181.3	0.03212	0.01122
181.4	0.03225	0.01124
181.5	0.03222	0.01125
181.6	0.03224	0.01126
181.7	0.03224	0.01125
181.8	0.03225	0.01123
181.9	0.03224	0.01124
182	0.03253	0.01122
182.1	0.03275	0.01117
182.2	0.03274	0.01131
182.3	0.03271	0.01128
182.4	0.03271	0.01123
182.5	0.03272	0.01113
182.6	0.03264	0.0111
182.7	0.03251	0.01117
182.8	0.03262	0.01111
182.9	0.03262	0.01113
183	0.03259	0.01111
183.1	0.03257	0.01112
183.2	0.03261	0.01114
183.3	0.03282	0.01114
183.4	0.03268	0.01111
183.5	0.03264	0.01113
183.6	0.03261	0.01109
183.7	0.0326	0.01111
183.8	0.03254	0.01116
183.9	0.03257	0.0111
184	0.03265	0.01108
184.1	0.03253	0.01113
184.2	0.0323	0.01115
184.3	0.03225	0.01119
184.4	0.03225	0.01114
184.5	0.03223	0.01113
184.6	0.03224	0.01114
184.7	0.03211	0.01116
184.8	0.03202	0.0114
184.9	0.03212	0.01131
185	0.03223	0.01123
185.1	0.03225	0.01129
185.2	0.03228	0.01125
185.3	0.0323	0.01122
185.4	0.03231	0.01123
185.5	0.03229	0.01122
185.6	0.03233	0.01116
185.7	0.0325	0.01114
185.8	0.0325	0.01114
185.9	0.03273	0.01109
186	0.03287	0.01109
186.1	0.03284	0.01112
186.2	0.03287	0.01117
186.3	0.03285	0.01113
186.4	0.0328	0.01108
186.5	0.03286	0.0111
186.6	0.03284	0.01111
186.7	0.03287	0.01115
186.8	0.03282	0.01114
186.9	0.03281	0.01111
187	0.03279	0.01113
187.1	0.0328	0.01112
187.2	0.03282	0.01113
187.3	0.0328	0.01112
187.4	0.03278	0.01109
187.5	0.03239	0.01116
187.6	0.03222	0.01118
187.7	0.03223	0.01114
187.8	0.03224	0.01114
187.9	0.03229	0.01119
188	0.03235	0.01118
188.1	0.03227	0.01118
188.2	0.03223	0.01114
188.3	0.03221	0.01112
188.4	0.03215	0.01125
188.5	0.03227	0.01119
188.6	0.03224	0.01118
188.7	0.03215	0.01113
188.8	0.03193	0.01114
188.9	0.03154	0.01115
189	0.03151	0.01131
189.1	0.03158	0.01142
189.2	0.03151	0.01126
189.3	0.03159	0.01125
189.4	0.03181	0.01113
189.5	0.03174	0.01115
189.6	0.03176	0.01114
189.7	0.0319	0.01113
189.8	0.03191	0.01115
189.9	0.03203	0.01112
190	0.03212	0.01111
190.1	0.0322	0.01109
190.2	0.03231	0.0111
190.3	0.03235	0.01111
190.4	0.03222	0.0111
190.5	0.03222	0.01112
190.6	0.0322	0.01111
190.7	0.03211	0.01111
190.8	0.03221	0.01112
190.9	0.03224	0.01114
191	0.03224	0.01114
191.1	0.03225	0.01114
191.2	0.03211	0.01115
191.3	0.03224	0.01115
191.4	0.03224	0.01115
191.5	0.03189	0.01116
191.6	0.03186	0.01113
191.7	0.0317	0.01116
191.8	0.0317	0.01112
191.9	0.0316	0.01115
192	0.0315	0.01114
192.1	0.03152	0.01114
192.2	0.03156	0.01113
192.3	0.03158	0.01114
192.4	0.0316	0.01111
192.5	0.03156	0.01112
192.6	0.03149	0.01114
192.7	0.03139	0.01115
192.8	0.03137	0.01118
192.9	0.03131	0.01126
193	0.03138	0.01124
193.1	0.03135	0.01122
193.2	0.03134	0.01116
193.3	0.03134	0.0113
193.4	0.03132	0.01129
193.5	0.03138	0.0113
193.6	0.03143	0.01127
193.7	0.03158	0.01201
193.8	0.03144	0.01198
193.9	0.03129	0.01137
194	0.03117	0.01138
194.1	0.03128	0.01135
194.2	0.03135	0.01115
194.3	0.03146	0.01116
194.4	0.03143	0.01117
194.5	0.03145	0.01119
194.6	0.03155	0.01112
194.7	0.03173	0.01109
194.8	0.03193	0.01112
194.9	0.03189	0.01113
195	0.032	0.01112
195.1	0.03221	0.01117
195.2	0.03233	0.01115
195.3	0.03235	0.01108
195.4	0.03248	0.01109
195.5	0.03273	0.01109
195.6	0.0328	0.01112
195.7	0.03278	0.01114
195.8	0.03265	0.01116
195.9	0.03258	0.01113
196	0.0326	0.01116
196.1	0.03292	0.01126
196.2	0.03292	0.01122
196.3	0.0326	0.01119
196.4	0.03263	0.0112
196.5	0.0329	0.01122
196.6	0.03312	0.01124
196.7	0.03336	0.0113
196.8	0.0335	0.01128
196.9	0.03358	0.01148
197	0.03353	0.01162
197.1	0.03334	0.01147
197.2	0.03313	0.01144
197.3	0.03323	0.01134
197.4	0.03318	0.01133
197.5	0.03319	0.01132
197.6	0.0333	0.01122
197.7	0.03357	0.01125
197.8	0.03329	0.01121
197.9	0.03323	0.01124
198	0.03315	0.01126
198.1	0.03316	0.01123
198.2	0.03316	0.01125
198.3	0.03317	0.01124
198.4	0.03321	0.01123
198.5	0.03316	0.01124
198.6	0.03318	0.01127
198.7	0.03317	0.01122
198.8	0.0332	0.01124
198.9	0.03318	0.01123
199	0.03318	0.01123
199.1	0.0332	0.01125
199.2	0.03316	0.01124
199.3	0.03317	0.01124
199.4	0.03315	0.01125
199.5	0.03281	0.01126
199.6	0.03281	0.01128
199.7	0.03278	0.0113
199.8	0.03287	0.01127
199.9	0.03312	0.0113
200	0.03323	0.01125
200.1	0.03345	0.01128
200.2	0.03348	0.01128
200.3	0.0335	0.01122
200.4	0.03339	0.01119
200.5	0.03348	0.01123
200.6	0.03369	0.01113
200.7	0.03368	0.01109
200.8	0.03323	0.01091
200.9	0.03313	0.01084
201	0.03316	0.01093
201.1	0.03316	0.01112
201.2	0.03313	0.01113
201.3	0.03309	0.01109
201.4	0.03316	0.01114
201.5	0.03327	0.01112
201.6	0.03332	0.01108
201.7	0.03335	0.01109
201.8	0.03332	0.01112
201.9	0.03327	0.01113
202	0.03322	0.01114
202.1	0.03319	0.01115
202.2	0.0332	0.01117
202.3	0.0332	0.01118
202.4	0.03322	0.01116
202.5	0.03322	0.01136
202.6	0.03322	0.01119
202.7	0.03326	0.01116
202.8	0.03335	0.01113
202.9	0.03334	0.01111
203	0.03358	0.01111
203.1	0.03366	0.01111
203.2	0.03367	0.0111
203.3	0.03333	0.01114
203.4	0.03331	0.01111
203.5	0.03329	0.01111
203.6	0.03327	0.01115
203.7	0.03322	0.01113
203.8	0.03317	0.01113
203.9	0.03315	0.01113
204	0.03314	0.01114
204.1	0.03299	0.01114
204.2	0.03274	0.01112
204.3	0.03262	0.01112
204.4	0.03249	0.01113
204.5	0.03239	0.01114
204.6	0.03236	0.01115
204.7	0.03249	0.01117
204.8	0.0325	0.01119
204.9	0.03241	0.01117
205	0.03246	0.01115
205.1	0.03239	0.01116
205.2	0.03236	0.01113
205.3	0.03236	0.01113
205.4	0.03234	0.01114
205.5	0.03226	0.01112
205.6	0.03235	0.01114
205.7	0.03249	0.01111
205.8	0.03251	0.01113
205.9	0.0325	0.01113
206	0.03247	0.01115
206.1	0.03246	0.01152
206.2	0.03209	0.01152
206.3	0.03209	0.01152
206.4	0.03223	0.01156
206.5	0.03246	0.01138
206.6	0.03246	0.01138
206.7	0.03223	0.01147
206.8	0.03186	0.01179
206.9	0.032	0.01179
207	0.03189	0.01231
207.1	0.03186	0.01232
207.2	0.03188	0.01232
207.3	0.03186	0.01232
207.4	0.03186	0.01231
207.5	0.03187	0.01228
207.6	0.0319	0.01233
207.7	0.03189	0.01234
207.8	0.0319	0.01231
207.9	0.03164	0.01229
208	0.03157	0.01231
208.1	0.03167	0.0123
208.2	0.03188	0.0123
208.3	0.03191	0.01231
208.4	0.0319	0.01232
208.5	0.03191	0.01231
208.6	0.0319	0.0123
208.7	0.0319	0.01231
208.8	0.03187	0.01229
208.9	0.03187	0.0123
209	0.0319	0.01231
209.1	0.03187	0.01229
209.2	0.0319	0.01231
209.3	0.03191	0.01231
209.4	0.03191	0.01233
209.5	0.0319	0.01232
209.6	0.0319	0.0123
209.7	0.03196	0.01233
209.8	0.03245	0.01229
209.9	0.03234	0.01227
210	0.03194	0.01229
210.1	0.03193	0.01232
210.2	0.03193	0.01232
210.3	0.03191	0.01232
210.4	0.03191	0.01231
210.5	0.0323	0.01133
210.6	0.03232	0.01133
210.7	0.03232	0.01136
210.8	0.03229	0.01135
210.9	0.0323	0.01132
211	0.03227	0.01133
211.1	0.03228	0.01137
211.2	0.03232	0.01134
211.3	0.03251	0.01133
211.4	0.03257	0.01132
211.5	0.03253	0.01135
211.6	0.03255	0.01135
211.7	0.03256	0.01136
211.8	0.03255	0.01135
211.9	0.03251	0.01138
212	0.03252	0.01134
212.1	0.03256	0.01136
212.2	0.03256	0.01135
212.3	0.03259	0.01133
212.4	0.03257	0.01134
212.5	0.03259	0.01134
212.6	0.03321	0.01134
212.7	0.03322	0.0113
212.8	0.03324	0.01133
212.9	0.03324	0.01133
213	0.03323	0.01134
213.1	0.03323	0.01135
213.2	0.03324	0.01134
213.3	0.03324	0.01133
213.4	0.03324	0.01133
213.5	0.03325	0.01134
213.6	0.03343	0.01136
213.7	0.03349	0.01137
213.8	0.03345	0.01135
213.9	0.03339	0.01134
214	0.03342	0.01135
214.1	0.03346	0.01136
214.2	0.03347	0.01134
214.3	0.03325	0.01135
214.4	0.03324	0.01135
214.5	0.03347	0.01136
214.6	0.03329	0.01137
214.7	0.03328	0.01133
214.8	0.03323	0.01133
214.9	0.03319	0.01135
215	0.03319	0.01135
215.1	0.03321	0.01135
215.2	0.03324	0.01136
215.3	0.03324	0.01134
215.4	0.0331	0.01137
215.5	0.03292	0.01135
215.6	0.03281	0.01135
215.7	0.03276	0.01135
215.8	0.03285	0.01137
215.9	0.0328	0.01138
216	0.03289	0.01138
216.1	0.03275	0.01134
216.2	0.03271	0.01132
216.3	0.0328	0.01135
216.4	0.03281	0.01137
216.5	0.03288	0.01137
216.6	0.03288	0.01137
216.7	0.03285	0.01138
216.8	0.03291	0.01137
216.9	0.03281	0.01152
217	0.03274	0.01192
217.1	0.03267	0.01212
217.2	0.03268	0.01224
217.3	0.03298	0.01227
217.4	0.0329	0.01223
217.5	0.03292	0.01221
217.6	0.03276	0.01224
217.7	0.03275	0.01225
217.8	0.03293	0.01226
217.9	0.03302	0.01226
218	0.03296	0.01227
218.1	0.03261	0.01228
218.2	0.03318	0.01226
218.3	0.03304	0.01226
218.4	0.03304	0.01226
218.5	0.033	0.01227
218.6	0.03295	0.01232
218.7	0.03305	0.0123
218.8	0.03296	0.01228
218.9	0.03319	0.01226
219	0.03315	0.01226
219.1	0.03303	0.01227
219.2	0.03304	0.01228
219.3	0.03284	0.01229
219.4	0.03286	0.01228
219.5	0.03285	0.01226
219.6	0.03266	0.01224
219.7	0.03272	0.01214
219.8	0.03305	0.0121
219.9	0.03305	0.01187
220	0.03297	0.01188
220.1	0.03296	0.01193
220.2	0.03305	0.01187
220.3	0.03326	0.01134
220.4	0.03328	0.0112
220.5	0.03326	0.01113
220.6	0.03321	0.01107
220.7	0.03323	0.01112
220.8	0.03314	0.01109
220.9	0.03303	0.01096
221	0.03316	0.0107
221.1	0.03306	0.01079
221.2	0.03303	0.01079
221.3	0.03317	0.01072
221.4	0.0332	0.01078
221.5	0.03323	0.01081
221.6	0.03335	0.01079
221.7	0.03358	0.01074
221.8	0.03347	0.01048
221.9	0.03345	0.01047
222	0.03345	0.01046
222.1	0.03341	0.01039
222.2	0.03338	0.01036
222.3	0.03337	0.0104
222.4	0.03337	0.01038
222.5	0.03364	0.01042
222.6	0.03395	0.01058
222.7	0.03385	0.01045
222.8	0.0338	0.01042
222.9	0.03379	0.0106
223	0.03373	0.01066
223.1	0.03363	0.01067
223.2	0.03339	0.01098
223.3	0.03343	0.01096
223.4	0.03338	0.01098
223.5	0.03332	0.01101
223.6	0.03332	0.011
223.7	0.03337	0.01096
223.8	0.03355	0.01093
223.9	0.0337	0.01059
224	0.03383	0.01095
224.1	0.0341	0.01096
224.2	0.03401	0.01095
224.3	0.03411	0.01095
224.4	0.03407	0.0109
224.5	0.0341	0.01053
224.6	0.03414	0.01047
224.7	0.03415	0.0105
224.8	0.03417	0.01051
224.9	0.03414	0.0105
225	0.03413	0.0105
225.1	0.03399	0.01045
225.2	0.03376	0.01039
225.3	0.0335	0.0104
225.4	0.03343	0.01041
225.5	0.03341	0.01042
225.6	0.03342	0.0104
225.7	0.03345	0.01038
225.8	0.03347	0.0104
225.9	0.03343	0.01043
226	0.03343	0.01054
226.1	0.03341	0.01055
226.2	0.03353	0.01057
226.3	0.03361	0.01052
226.4	0.03347	0.01075
226.5	0.03323	0.01052
226.6	0.03307	0.01048
226.7	0.03301	0.01063
226.8	0.03309	0.01113
226.9	0.03325	0.01097
227	0.03324	0.0109
227.1	0.03326	0.01071
227.2	0.03345	0.01077
227.3	0.0336	0.01075
227.4	0.0336	0.0107
227.5	0.0337	0.01072
227.6	0.03363	0.01045
227.7	0.03341	0.0104
227.8	0.0332	0.01044
227.9	0.0332	0.01044
228	0.03321	0.01041
228.1	0.03324	0.01041
228.2	0.03322	0.01042
228.3	0.03325	0.01038
228.4	0.03322	0.01042
228.5	0.03323	0.01042
228.6	0.03321	0.01042
228.7	0.03318	0.01042
228.8	0.03354	0.01038
228.9	0.03304	0.00979
229	0.03276	0.00985
229.1	0.03258	0.00989
229.2	0.03241	0.00996
229.3	0.03239	0.00994
229.4	0.0324	0.00994
229.5	0.03226	0.00992
229.6	0.03225	0.00996
229.7	0.03205	0.01
229.8	0.03197	0.01039
229.9	0.03187	0.01042
230	0.0318	0.01041
230.1	0.0317	0.01082
230.2	0.03178	0.01131
230.3	0.03183	0.01136
230.4	0.03182	0.0113
230.5	0.03194	0.01046
230.6	0.032	0.01045
230.7	0.03194	0.01043
230.8	0.03194	0.01042
230.9	0.03195	0.01042
231	0.03194	0.01042
231.1	0.032	0.01045
231.2	0.03197	0.01042
231.3	0.03194	0.01042
231.4	0.03191	0.0104
231.5	0.03193	0.0104
231.6	0.03199	0.0104
231.7	0.03207	0.01044
231.8	0.03195	0.01131
231.9	0.03206	0.0113
232	0.03192	0.01132
232.1	0.03202	0.01133
232.2	0.03226	0.01134
232.3	0.03227	0.01143
232.4	0.03222	0.01146
232.5	0.03198	0.01143
232.6	0.03194	0.01144
232.7	0.03227	0.01143
232.8	0.03235	0.01143
232.9	0.03234	0.01141
233	0.03233	0.01134
233.1	0.03232	0.01138
233.2	0.0323	0.01149
233.3	0.03232	0.01145
233.4	0.03231	0.0114
233.5	0.03231	0.01141
233.6	0.03231	0.01142
233.7	0.03235	0.01135
233.8	0.03235	0.01146
233.9	0.03233	0.01146
234	0.03232	0.01146
234.1	0.03246	0.01135
234.2	0.03233	0.01143
234.3	0.03231	0.01145
234.4	0.03234	0.01146
234.5	0.03228	0.01148
234.6	0.03217	0.01145
234.7	0.03211	0.01143
234.8	0.03205	0.01142
234.9	0.03197	0.01142
235	0.03176	0.0114
235.1	0.03198	0.01141
235.2	0.03193	0.01143
235.3	0.03161	0.01138
235.4	0.0318	0.0114
235.5	0.03223	0.01144
235.6	0.03209	0.01144
235.7	0.03186	0.01139
235.8	0.03204	0.01143
235.9	0.03188	0.01044
236	0.03197	0.01042
236.1	0.03188	0.0104
236.2	0.03201	0.01042
236.3	0.03217	0.01044
236.4	0.03194	0.01043
236.5	0.0317	0.0113
236.6	0.03168	0.01134
236.7	0.03169	0.01134
236.8	0.03167	0.01135
236.9	0.03168	0.01134
237	0.03143	0.01135
237.1	0.03143	0.01133
237.2	0.03151	0.01132
237.3	0.03159	0.01135
237.4	0.03182	0.01135
237.5	0.03201	0.01137
237.6	0.03227	0.01146
237.7	0.03226	0.01143
237.8	0.03229	0.01149
237.9	0.03227	0.01149
238	0.03228	0.01147
238.1	0.03229	0.01144
238.2	0.03226	0.01143
238.3	0.03227	0.01142
238.4	0.03235	0.01142
238.5	0.03244	0.01145
238.6	0.03231	0.01143
238.7	0.03231	0.01144
238.8	0.03233	0.01145
238.9	0.03231	0.01143
239	0.03226	0.01143
239.1	0.03192	0.01137
239.2	0.03199	0.01055
239.3	0.03198	0.01048
239.4	0.03201	0.01048
239.5	0.03226	0.01052
239.6	0.03229	0.01053
239.7	0.03231	0.01053
239.8	0.03235	0.01109
239.9	0.03235	0.01109
240	0.03235	0.01108
240.1	0.03276	0.01106
240.2	0.03278	0.01116
240.3	0.03281	0.01109
240.4	0.03272	0.01113
240.5	0.03277	0.01108
240.6	0.03271	0.01115
240.7	0.03268	0.01105
240.8	0.03262	0.01107
240.9	0.03282	0.01105
241	0.0326	0.01107
241.1	0.03252	0.01106
241.2	0.03252	0.01105
241.3	0.03253	0.01108
241.4	0.03257	0.0111
241.5	0.03251	0.01107
241.6	0.03255	0.01082
241.7	0.03253	0.01077
241.8	0.03258	0.01069
241.9	0.03252	0.01062
242	0.03236	0.01068
242.1	0.03235	0.01066
242.2	0.03235	0.01066
242.3	0.03232	0.01068
242.4	0.03255	0.01069
242.5	0.03311	0.01089
242.6	0.03313	0.01082
242.7	0.03313	0.01087
242.8	0.03291	0.01065
242.9	0.03314	0.01083
243	0.03325	0.01129
243.1	0.03325	0.01134
243.2	0.03324	0.01133
243.3	0.03325	0.0113
243.4	0.03323	0.01101
243.5	0.03323	0.01073
243.6	0.03339	0.01093
243.7	0.03329	0.01102
243.8	0.03366	0.01094
243.9	0.03371	0.01094
244	0.03372	0.01093
244.1	0.03369	0.01096
244.2	0.03369	0.011
244.3	0.03371	0.01098
244.4	0.0337	0.01094
244.5	0.0341	0.01093
244.6	0.03404	0.01093
244.7	0.03404	0.01097
244.8	0.03407	0.01096
244.9	0.03409	0.01068
245	0.0341	0.0106
245.1	0.03406	0.01063
245.2	0.03408	0.01062
245.3	0.03409	0.01061
245.4	0.03404	0.01063
245.5	0.03465	0.01085
245.6	0.03448	0.01149
245.7	0.03404	0.01072
245.8	0.0339	0.01105
245.9	0.03393	0.01114
246	0.03396	0.01115
246.1	0.0341	0.01113
246.2	0.03404	0.01132
246.3	0.034	0.01132
246.4	0.03396	0.01134
246.5	0.03411	0.0113
246.6	0.03418	0.01132
246.7	0.03419	0.01132
246.8	0.03416	0.01139
246.9	0.03417	0.01168
247	0.03419	0.01151
247.1	0.03418	0.01156
247.2	0.03415	0.01153
247.3	0.03416	0.01156
247.4	0.03412	0.01156
247.5	0.0341	0.01156
247.6	0.03418	0.01156
247.7	0.03416	0.01152
247.8	0.03406	0.01137
247.9	0.03402	0.01132
248	0.03418	0.01131
248.1	0.03417	0.01133
248.2	0.03416	0.01128
248.3	0.03417	0.01099
248.4	0.03417	0.01099
248.5	0.03418	0.01096
248.6	0.03417	0.01113
248.7	0.03418	0.0111
248.8	0.0342	0.01114
248.9	0.03432	0.01108
249	0.03463	0.01106
249.1	0.03441	0.0111
249.2	0.03456	0.0111
249.3	0.03469	0.01129
249.4	0.03477	0.0113
249.5	0.03454	0.01129
249.6	0.03445	0.01131
249.7	0.03427	0.01131
249.8	0.0343	0.01132
249.9	0.03438	0.01131
250	0.03448	0.01129
250.1	0.03452	0.01129
250.2	0.03452	0.0113
250.3	0.03427	0.0113
250.4	0.03429	0.01131
250.5	0.03425	0.01132
250.6	0.03424	0.01133
250.7	0.03422	0.01131
250.8	0.03426	0.01133
250.9	0.03422	0.01128
251	0.03418	0.01129
251.1	0.0343	0.0112
251.2	0.03414	0.01095
251.3	0.03412	0.01104
251.4	0.03416	0.01096
251.5	0.03421	0.01044
251.6	0.03427	0.01043
251.7	0.03422	0.01043
251.8	0.0342	0.01044
251.9	0.03417	0.01044
252	0.03417	0.01045
252.1	0.03429	0.01128
252.2	0.03433	0.01131
252.3	0.03436	0.01131
252.4	0.03434	0.01132
252.5	0.03426	0.01132
252.6	0.03426	0.01133
252.7	0.03429	0.01132
252.8	0.03452	0.01129
252.9	0.03458	0.01135
253	0.03452	0.01133
253.1	0.03437	0.01134
253.2	0.03446	0.01134
253.3	0.03438	0.01137
253.4	0.03454	0.01136
253.5	0.03512	0.01213
253.6	0.035	0.01225
253.7	0.03453	0.01204
253.8	0.03457	0.012
253.9	0.03461	0.01163
254	0.03446	0.01186
254.1	0.03445	0.01199
254.2	0.03422	0.01183
254.3	0.03431	0.01177
254.4	0.03424	0.01136
254.5	0.03426	0.01133
254.6	0.03426	0.0113
254.7	0.03429	0.01128
254.8	0.03423	0.0108
254.9	0.03421	0.0107
255	0.03414	0.0107
255.1	0.03415	0.01075
255.2	0.03412	0.01072
255.3	0.03411	0.01072
255.4	0.03411	0.01072
255.5	0.03409	0.01072
255.6	0.03412	0.01071
255.7	0.03419	0.01073
255.8	0.03418	0.01057
255.9	0.03418	0.01055
256	0.03405	0.01052
256.1	0.03412	0.01053
256.2	0.03417	0.01052
256.3	0.03416	0.01054
256.4	0.03417	0.01046
256.5	0.03417	0.01044
256.6	0.03417	0.01043
256.7	0.03396	0.01043
256.8	0.03378	0.01042
256.9	0.03339	0.01042
257	0.03326	0.01044
257.1	0.03319	0.01043
257.2	0.03318	0.01043
257.3	0.03319	0.01042
257.4	0.03321	0.01038
257.5	0.03322	0.01038
257.6	0.03322	0.01038
257.7	0.03321	0.0104
257.8	0.03326	0.0104
257.9	0.03325	0.01041
258	0.03322	0.01043
258.1	0.03322	0.01043
258.2	0.03324	0.01042
258.3	0.03325	0.01041
258.4	0.03323	0.01041
258.5	0.03324	0.01041
258.6	0.03419	0.01062
258.7	0.03327	0.0104
258.8	0.03326	0.01042
258.9	0.03327	0.01042
259	0.03327	0.01041
259.1	0.03326	0.01038
259.2	0.03338	0.01039
259.3	0.03325	0.01039
259.4	0.03322	0.0104
259.5	0.03327	0.0104
259.6	0.03327	0.0104
259.7	0.03327	0.01041
259.8	0.03324	0.01041
259.9	0.03323	0.01038
260	0.03325	0.0104
260.1	0.03325	0.01039
260.2	0.0333	0.01038
260.3	0.03332	0.01038
260.4	0.03331	0.0104
260.5	0.03333	0.01041
260.6	0.03339	0.01042
260.7	0.03336	0.01042
260.8	0.03339	0.01043
260.9	0.03333	0.01041
261	0.03328	0.01042
261.1	0.03326	0.01041
261.2	0.03326	0.0104
261.3	0.03326	0.0104
261.4	0.03325	0.0104
261.5	0.03323	0.01042
261.6	0.03321	0.01044
261.7	0.03321	0.01042
261.8	0.03321	0.01042
261.9	0.03321	0.01041
262	0.0332	0.01042
262.1	0.03339	0.0104
262.2	0.03324	0.01043
262.3	0.03321	0.01043
262.4	0.0332	0.01042
262.5	0.03318	0.01043
262.6	0.03321	0.01043
262.7	0.0332	0.01043
262.8	0.03311	0.01046
262.9	0.03322	0.0113
263	0.0332	0.01134
263.1	0.03323	0.01132
263.2	0.03318	0.01132
263.3	0.03323	0.01132
263.4	0.03329	0.0113
263.5	0.03338	0.01132
263.6	0.03336	0.01133
263.7	0.03333	0.01132
263.8	0.03332	0.0113
263.9	0.03331	0.01129
264	0.03332	0.01131
264.1	0.03332	0.01132
264.2	0.03329	0.01136
264.3	0.0333	0.01135
264.4	0.03324	0.01136
264.5	0.03407	0.01201
264.6	0.03329	0.01139
264.7	0.03332	0.01138
264.8	0.0334	0.01138
264.9	0.03333	0.01138
265	0.03333	0.01136
265.1	0.03325	0.01134
265.2	0.0332	0.01134
265.3	0.03321	0.01134
265.4	0.03323	0.01135
265.5	0.03324	0.01134
265.6	0.03322	0.01134
265.7	0.03324	0.01133
265.8	0.03325	0.01133
265.9	0.03326	0.01134
266	0.03325	0.01132
266.1	0.03333	0.01132
266.2	0.03365	0.01133
266.3	0.03372	0.01134
266.4	0.03372	0.01134
266.5	0.03365	0.01136
266.6	0.03395	0.01213
266.7	0.03407	0.01225
266.8	0.03366	0.01139
266.9	0.03371	0.01138
267	0.03413	0.01248
267.1	0.03401	0.01219
267.2	0.03365	0.01138
267.3	0.03343	0.01137
267.4	0.03322	0.01136
267.5	0.03318	0.01136
267.6	0.03324	0.01135
267.7	0.03325	0.01138
267.8	0.03321	0.01138
267.9	0.03319	0.01137
268	0.03321	0.01135
268.1	0.03323	0.01137
268.2	0.03372	0.0126
268.3	0.03323	0.01221
268.4	0.03318	0.01228
268.5	0.0332	0.01227
268.6	0.03322	0.01227
268.7	0.03325	0.01226
268.8	0.03384	0.0123
268.9	0.03328	0.01189
269	0.03326	0.012
269.1	0.0343	0.01248
269.2	0.03419	0.01225
269.3	0.03465	0.01213
269.4	0.03465	0.01213
269.5	0.03373	0.01139
269.6	0.03452	0.01244
269.7	0.03454	0.01243
269.8	0.03456	0.01243
269.9	0.03452	0.01245
270	0.03453	0.01243
270.1	0.0346	0.01242
270.2	0.03458	0.01242
270.3	0.03451	0.01243
270.4	0.03455	0.01242
270.5	0.03471	0.0124
270.6	0.03476	0.0124
270.7	0.03455	0.01239
270.8	0.03464	0.01241
270.9	0.03475	0.01241
271	0.03528	0.0124
271.1	0.03509	0.01245
271.2	0.03505	0.01248
271.3	0.03537	0.01247
271.4	0.03532	0.01246
271.5	0.03535	0.01247
271.6	0.03541	0.01248
271.7	0.03542	0.01246
271.8	0.03544	0.01243
271.9	0.03546	0.01242
272	0.03542	0.01245
272.1	0.03549	0.01243
272.2	0.03548	0.01243
272.3	0.03548	0.01244
272.4	0.0355	0.01246
272.5	0.03548	0.01244
272.6	0.03557	0.01246
272.7	0.03542	0.01281
272.8	0.03543	0.01281
272.9	0.03543	0.01281
273	0.03544	0.01281
273.1	0.03555	0.01252
273.2	0.0354	0.01189
273.3	0.03541	0.01188
273.4	0.03542	0.01188
273.5	0.03539	0.01187
273.6	0.03541	0.01185
273.7	0.0354	0.01187
273.8	0.03541	0.01188
273.9	0.03543	0.01188
274	0.03543	0.01189
274.1	0.03542	0.01189
274.2	0.03543	0.01188
274.3	0.03545	0.01188
274.4	0.03542	0.01188
274.5	0.03542	0.01188
274.6	0.03543	0.01187
274.7	0.03541	0.01189
274.8	0.03539	0.0119
274.9	0.03514	0.01219
275	0.03477	0.0119
275.1	0.03444	0.01219
275.2	0.03468	0.01178
275.3	0.03452	0.01145
275.4	0.03444	0.01133
275.5	0.03444	0.011
275.6	0.03477	0.01104
275.7	0.03431	0.01125
275.8	0.0344	0.01112
275.9	0.0344	0.01088
276	0.03395	0.01129
276.1	0.03427	0.01137
276.2	0.03427	0.01137
276.3	0.03415	0.01141
276.4	0.03415	0.01141
276.5	0.03415	0.0117
276.6	0.03415	0.01153
276.7	0.03436	0.01149
276.8	0.03423	0.01133
276.9	0.03403	0.01121
277	0.03419	0.01166
277.1	0.03403	0.01137
277.2	0.03403	0.01153
277.3	0.03403	0.01153
277.4	0.03431	0.01153
277.5	0.03444	0.01112
277.6	0.03427	0.01108
277.7	0.0344	0.01092
277.8	0.0344	0.01092
277.9	0.03436	0.01153
278	0.03427	0.01194
278.1	0.03452	0.0117
278.2	0.03464	0.01194
278.3	0.03481	0.01211
278.4	0.03501	0.01211
278.5	0.03505	0.01203
278.6	0.03501	0.01252
278.7	0.03489	0.01293
278.8	0.03468	0.01211
278.9	0.03509	0.0126
279	0.03477	0.01215
279.1	0.03489	0.01186
279.2	0.03477	0.01153
279.3	0.03477	0.01145
279.4	0.03489	0.01137
279.5	0.03489	0.01138
279.6	0.03488	0.01137
279.7	0.03489	0.01138
279.8	0.0349	0.01139
279.9	0.03493	0.01187
280	0.03493	0.01226
280.1	0.03491	0.01228
280.2	0.03522	0.01203
280.3	0.03514	0.01153
280.4	0.03512	0.0115
280.5	0.0351	0.01151
280.6	0.0351	0.01153
280.7	0.03509	0.01152
280.8	0.03509	0.01149
280.9	0.03509	0.01152
281	0.0351	0.01152
281.1	0.03511	0.01153
281.2	0.03511	0.01154
281.3	0.03511	0.01153
281.4	0.0351	0.01152
281.5	0.03513	0.0115
281.6	0.03514	0.0115
281.7	0.03514	0.01153
281.8	0.03513	0.01154
281.9	0.03516	0.01155
282	0.03515	0.01157
282.1	0.03514	0.01154
282.2	0.03514	0.01154
282.3	0.03514	0.01157
282.4	0.03514	0.01153
282.5	0.03514	0.01153
282.6	0.03514	0.01151
282.7	0.03515	0.0115
282.8	0.03515	0.01151
282.9	0.03514	0.01154
283	0.03514	0.01155
283.1	0.03513	0.01159
283.2	0.03513	0.01157
283.3	0.03511	0.01157
283.4	0.03511	0.01151
283.5	0.03513	0.01152
283.6	0.03515	0.01155
283.7	0.03515	0.01157
283.8	0.03514	0.01158
283.9	0.03514	0.01155
284	0.03513	0.01153
284.1	0.03514	0.01154
284.2	0.03514	0.01155
284.3	0.03514	0.01153
284.4	0.03514	0.01154
284.5	0.03514	0.01153
284.6	0.03511	0.01153
284.7	0.03512	0.01157
284.8	0.03513	0.01159
284.9	0.03515	0.01245
285	0.03515	0.01249
285.1	0.03516	0.01251
285.2	0.03515	0.01246
285.3	0.03515	0.01247
285.4	0.03514	0.01245
285.5	0.03516	0.01242
285.6	0.03515	0.01245
285.7	0.03514	0.01246
285.8	0.03514	0.01247
285.9	0.03519	0.01246
286	0.03514	0.01245
286.1	0.03514	0.01245
286.2	0.03515	0.01248
286.3	0.03515	0.01247
286.4	0.03516	0.01247
286.5	0.03516	0.01245
286.6	0.03514	0.01246
286.7	0.03514	0.01247
286.8	0.03514	0.01247
286.9	0.03516	0.01247
287	0.03515	0.0125
287.1	0.03516	0.01249
287.2	0.03515	0.01249
287.3	0.03513	0.01247
287.4	0.03513	0.01248
287.5	0.03513	0.01245
287.6	0.03514	0.01246
287.7	0.03514	0.01244
287.8	0.03512	0.01243
287.9	0.03513	0.01243
288	0.03513	0.01246
288.1	0.03513	0.01247
288.2	0.03512	0.01247
288.3	0.03511	0.01245
288.4	0.03512	0.01244
288.5	0.03512	0.01245
288.6	0.03509	0.01242
288.7	0.03511	0.01242
288.8	0.03546	0.01231
288.9	0.03559	0.0126
289	0.03516	0.01244
289.1	0.03514	0.01244
289.2	0.03513	0.01247
289.3	0.03514	0.01244
289.4	0.03511	0.01244
289.5	0.03512	0.01242
289.6	0.03513	0.01243
289.7	0.03514	0.01242
289.8	0.03516	0.01159
289.9	0.03515	0.01156
290	0.03514	0.01156
290.1	0.03514	0.01155
290.2	0.03513	0.01155
290.3	0.03512	0.01157
290.4	0.03513	0.01153
290.5	0.03514	0.01154
290.6	0.03513	0.01155
290.7	0.03501	0.01227
290.8	0.03526	0.0119
290.9	0.03515	0.01159
291	0.03513	0.01156
291.1	0.03512	0.01154
291.2	0.0351	0.01152
291.3	0.03512	0.01152
291.4	0.03497	0.01145
291.5	0.03485	0.01186
291.6	0.03513	0.01155
291.7	0.03514	0.01157
291.8	0.03515	0.01156
291.9	0.03514	0.01154
292	0.03514	0.01154
292.1	0.03513	0.01157
292.2	0.03514	0.01154
292.3	0.03512	0.01153
292.4	0.03509	0.01156
292.5	0.03512	0.01154
292.6	0.03513	0.01154
292.7	0.03515	0.01155
292.8	0.03509	0.01256
292.9	0.03512	0.01159
293	0.03512	0.01156
293.1	0.03514	0.01157
293.2	0.03501	0.01244
293.3	0.03513	0.01154
293.4	0.03511	0.01155
293.5	0.03512	0.01158
293.6	0.03515	0.01154
293.7	0.03514	0.01157
293.8	0.03546	0.01268
293.9	0.03515	0.01159
294	0.03513	0.01156
294.1	0.03514	0.01157
294.2	0.03513	0.01159
294.3	0.03513	0.01158
294.4	0.03512	0.01158
294.5	0.03514	0.01158
294.6	0.03514	0.01157
294.7	0.03514	0.01157
294.8	0.03518	0.0124
294.9	0.03518	0.0124
295	0.03534	0.01235
295.1	0.03559	0.01256
295.2	0.03534	0.01256
295.3	0.03512	0.01158
295.4	0.03515	0.01157
295.5	0.03514	0.01157
295.6	0.03514	0.01154
295.7	0.03514	0.01156
295.8	0.03513	0.01152
295.9	0.03514	0.01153
296	0.03515	0.01154
296.1	0.03515	0.01154
296.2	0.03513	0.01153
296.3	0.03514	0.01155
296.4	0.03513	0.01154
296.5	0.03514	0.01155
296.6	0.03512	0.01214
296.7	0.03513	0.01212
296.8	0.03515	0.01227
296.9	0.03514	0.01226
297	0.03514	0.01233
297.1	0.03514	0.01228
297.2	0.03514	0.01221
297.3	0.03514	0.01222
297.4	0.03513	0.01219
297.5	0.03514	0.0117
297.6	0.03512	0.01221
297.7	0.03512	0.01219
297.8	0.03514	0.01226
297.9	0.03516	0.01227
298	0.03516	0.0122
298.1	0.03516	0.01173
298.2	0.03514	0.01173
298.3	0.03513	0.01172
298.4	0.03512	0.01177
298.5	0.03513	0.01174
298.6	0.03514	0.01171
298.7	0.03513	0.01174
298.8	0.03514	0.01175
298.9	0.03513	0.01175
299	0.03512	0.01173
299.1	0.03481	0.0119
299.2	0.03473	0.01176
299.3	0.0349	0.01179
299.4	0.035	0.01173
299.5	0.03509	0.01173
299.6	0.03511	0.01173
299.7	0.03512	0.01173
299.8	0.03513	0.01157
299.9	0.03514	0.01159
