0	-0.0247	0.04025
0.1	-0.02465	0.04021
0.2	-0.0244	0.04021
0.3	-0.02455	0.04015
0.4	-0.0247	0.04027
0.5	-0.0248	0.04039
0.6	-0.02487	0.04044
0.7	-0.02486	0.04034
0.8	-0.02482	0.04021
0.9	-0.02477	0.04025
1	-0.02461	0.04015
1.1	-0.02475	0.04
1.2	-0.02483	0.03981
1.3	-0.02503	0.03988
1.4	-0.02494	0.04009
1.5	-0.0248	0.04025
1.6	-0.02483	0.04027
1.7	-0.02491	0.04035
1.8	-0.02486	0.04047
1.9	-0.02493	0.04044
2	-0.02477	0.04047
2.1	-0.02486	0.04032
2.2	-0.02499	0.04026
2.3	-0.02482	0.04022
2.4	-0.0247	0.04023
2.5	-0.02443	0.04024
2.6	-0.02445	0.04015
2.7	-0.02462	0.04021
2.8	-0.02452	0.04021
2.9	-0.0246	0.04022
3	-0.02432	0.04019
3.1	-0.02412	0.04027
3.2	-0.02388	0.04031
3.3	-0.024	0.04027
3.4	-0.02421	0.04018
3.5	-0.02419	0.04001
3.6	-0.02425	0.04016
3.7	-0.02415	0.04036
3.8	-0.02407	0.04038
3.9	-0.02427	0.04029
4	-0.02436	0.04028
4.1	-0.02442	0.04027
4.2	-0.02434	0.04028
4.3	-0.02417	0.04023
4.4	-0.02421	0.04015
4.5	-0.02404	0.04022
4.6	-0.02391	0.04022
4.7	-0.02402	0.04022
4.8	-0.02405	0.0402
4.9	-0.02407	0.04021
5	-0.02407	0.04024
5.1	-0.02396	0.0403
5.2	-0.02392	0.04038
5.3	-0.02398	0.04035
5.4	-0.02377	0.04037
5.5	-0.02377	0.04048
5.6	-0.02391	0.04041
5.7	-0.02398	0.04059
5.8	-0.02416	0.04056
5.9	-0.02418	0.04045
6	-0.02414	0.04045
6.1	-0.02423	0.04016
6.2	-0.02412	0.03993
6.3	-0.02427	0.03991
6.4	-0.02415	0.03987
6.5	-0.02415	0.03983
6.6	-0.02401	0.03975
6.7	-0.02421	0.03943
6.8	-0.02433	0.03932
6.9	-0.02446	0.03931
7	-0.02467	0.03924
7.1	-0.02473	0.03911
7.2	-0.02476	0.03921
7.3	-0.02517	0.03919
7.4	-0.02549	0.03916
7.5	-0.02562	0.03908
7.6	-0.02565	0.0392
7.7	-0.02569	0.03911
7.8	-0.02567	0.03908
7.9	-0.02567	0.03914
8	-0.02563	0.03925
8.1	-0.02562	0.03922
8.2	-0.02549	0.03909
8.3	-0.02551	0.03928
8.4	-0.02534	0.03935
8.5	-0.02525	0.0394
8.6	-0.02536	0.03959
8.7	-0.02551	0.03942
8.8	-0.02558	0.03957
8.9	-0.02552	0.03959
9	-0.02545	0.03955
9.1	-0.02537	0.03954
9.2	-0.02543	0.03934
9.3	-0.02533	0.03952
9.4	-0.02524	0.03953
9.5	-0.02527	0.03934
9.6	-0.02529	0.03914
9.7	-0.02517	0.03918
9.8	-0.0252	0.03923
9.9	-0.02517	0.03916
10	-0.02518	0.03916
10.1	-0.02514	0.03922
10.2	-0.02498	0.0392
10.3	-0.02511	0.03907
10.4	-0.02529	0.03907
10.5	-0.02524	0.03907
10.6	-0.02521	0.03898
10.7	-0.02533	0.03901
10.8	-0.02545	0.03899
10.9	-0.02532	0.03894
11	-0.02558	0.03887
11.1	-0.02557	0.03866
11.2	-0.02564	0.03841
11.3	-0.02577	0.0384
11.4	-0.02577	0.03833
11.5	-0.02596	0.03824
11.6	-0.02597	0.0382
11.7	-0.02599	0.03808
11.8	-0.026	0.03789
11.9	-0.02582	0.0379
12	-0.02589	0.03803
12.1	-0.02564	0.03798
12.2	-0.02543	0.03783
12.3	-0.02563	0.03776
12.4	-0.02553	0.0377
12.5	-0.02552	0.03782
12.6	-0.02569	0.03774
12.7	-0.0256	0.03739
12.8	-0.02557	0.03741
12.9	-0.02558	0.03744
13	-0.02577	0.03735
13.1	-0.02604	0.03723
13.2	-0.02614	0.03732
13.3	-0.02599	0.03735
13.4	-0.02588	0.03737
13.5	-0.02573	0.03723
13.6	-0.02566	0.03715
13.7	-0.02561	0.03723
13.8	-0.02548	0.03727
13.9	-0.02554	0.03727
14	-0.02563	0.03736
14.1	-0.02537	0.03735
14.2	-0.02519	0.03724
14.3	-0.02513	0.03724
14.4	-0.0252	0.03717
14.5	-0.02516	0.03723
14.6	-0.02495	0.03704
14.7	-0.02494	0.03708
14.8	-0.02494	0.0372
14.9	-0.02474	0.03726
15	-0.02447	0.03712
15.1	-0.02463	0.03698
15.2	-0.0248	0.03674
15.3	-0.02477	0.03661
15.4	-0.02491	0.03655
15.5	-0.02505	0.03661
15.6	-0.02528	0.0367
15.7	-0.0252	0.037
15.8	-0.02504	0.03714
15.9	-0.02513	0.03714
16	-0.02509	0.03721
16.1	-0.02496	0.03742
16.2	-0.02476	0.03743
16.3	-0.02465	0.03738
16.4	-0.02459	0.03749
16.5	-0.02464	0.03756
16.6	-0.02464	0.03776
16.7	-0.02467	0.03769
16.8	-0.02481	0.03764
16.9	-0.02469	0.03771
17	-0.02445	0.03766
17.1	-0.02437	0.03781
17.2	-0.02444	0.03768
17.3	-0.02461	0.0376
17.4	-0.0245	0.0378
17.5	-0.02441	0.03761
17.6	-0.02444	0.03754
17.7	-0.02458	0.03752
17.8	-0.02475	0.03762
17.9	-0.0249	0.03767
18	-0.02486	0.03769
18.1	-0.02475	0.03762
18.2	-0.02476	0.03753
18.3	-0.02454	0.03738
18.4	-0.02447	0.03738
18.5	-0.02428	0.03734
18.6	-0.02413	0.0372
18.7	-0.02421	0.03711
18.8	-0.02427	0.03717
18.9	-0.02455	0.03725
19	-0.02471	0.03706
19.1	-0.02481	0.03697
19.2	-0.02476	0.03672
19.3	-0.0247	0.03667
19.4	-0.02462	0.03664
19.5	-0.02455	0.0366
19.6	-0.02469	0.03653
19.7	-0.02472	0.03651
19.8	-0.02479	0.03663
19.9	-0.02462	0.0366
20	-0.02458	0.03665
20.1	-0.02427	0.03662
20.2	-0.02408	0.03673
20.3	-0.02411	0.0368
20.4	-0.0241	0.03674
20.5	-0.02405	0.03651
20.6	-0.02402	0.03653
20.7	-0.02398	0.03642
20.8	-0.02387	0.03641
20.9	-0.02385	0.03639
21	-0.02369	0.03626
21.1	-0.02369	0.03617
21.2	-0.02358	0.03626
21.3	-0.02357	0.03636
21.4	-0.02355	0.03636
21.5	-0.02342	0.03637
21.6	-0.02341	0.03627
21.7	-0.02351	0.03626
21.8	-0.02349	0.03634
21.9	-0.02343	0.03635
22	-0.02327	0.03634
22.1	-0.02321	0.03638
22.2	-0.0233	0.0363
22.3	-0.02334	0.03634
22.4	-0.0235	0.0363
22.5	-0.02372	0.03612
22.6	-0.0239	0.03596
22.7	-0.024	0.03578
22.8	-0.024	0.03566
22.9	-0.02403	0.03576
23	-0.02391	0.03571
23.1	-0.02385	0.03569
23.2	-0.02383	0.03569
23.3	-0.02381	0.03573
23.4	-0.02402	0.0357
23.5	-0.02385	0.03564
23.6	-0.02366	0.03571
23.7	-0.0236	0.036
23.8	-0.02366	0.03613
23.9	-0.0237	0.03636
24	-0.0237	0.03638
24.1	-0.02369	0.0364
24.2	-0.0237	0.03639
24.3	-0.02352	0.03645
24.4	-0.02353	0.03668
24.5	-0.02335	0.03666
24.6	-0.02336	0.03643
24.7	-0.02339	0.03619
24.8	-0.02355	0.03613
24.9	-0.02361	0.03611
25	-0.02379	0.03607
25.1	-0.02392	0.03607
25.2	-0.02387	0.03583
25.3	-0.02377	0.03579
25.4	-0.02382	0.03553
25.5	-0.0239	0.03562
25.6	-0.02376	0.03551
25.7	-0.02373	0.03558
25.8	-0.02369	0.03558
25.9	-0.0237	0.03531
26	-0.02355	0.03522
26.1	-0.02362	0.03504
26.2	-0.02368	0.03501
26.3	-0.02365	0.03503
26.4	-0.02346	0.03473
26.5	-0.02346	0.03456
26.6	-0.02329	0.0348
26.7	-0.02309	0.0348
26.8	-0.02316	0.03478
26.9	-0.02321	0.03473
27	-0.02324	0.0348
27.1	-0.02337	0.03487
27.2	-0.02328	0.03484
27.3	-0.02322	0.03494
27.4	-0.02316	0.03496
27.5	-0.02314	0.03491
27.6	-0.0231	0.03474
27.7	-0.02311	0.03476
27.8	-0.02304	0.03472
27.9	-0.02302	0.03505
28	-0.02296	0.03519
28.1	-0.02281	0.03507
28.2	-0.02247	0.03525
28.3	-0.02231	0.03527
28.4	-0.02243	0.03557
28.5	-0.02229	0.03564
28.6	-0.02234	0.03557
28.7	-0.0224	0.03556
28.8	-0.02248	0.03541
28.9	-0.02271	0.03556
29	-0.02282	0.03536
29.1	-0.02265	0.03533
29.2	-0.02263	0.03525
29.3	-0.02268	0.03535
29.4	-0.02298	0.03512
29.5	-0.0231	0.03518
29.6	-0.02305	0.03512
29.7	-0.0232	0.03507
29.8	-0.02323	0.03519
29.9	-0.02329	0.0354
30	-0.02325	0.0354
30.1	-0.0233	0.03537
30.2	-0.02341	0.03532
30.3	-0.02345	0.03541
30.4	-0.0236	0.03535
30.5	-0.02353	0.03525
30.6	-0.02331	0.03525
30.7	-0.02328	0.03534
30.8	-0.02346	0.03522
30.9	-0.02318	0.035
31	-0.02295	0.03494
31.1	-0.02284	0.03483
31.2	-0.02281	0.03457
31.3	-0.02283	0.03433
31.4	-0.02251	0.03432
31.5	-0.02238	0.03427
31.6	-0.02257	0.03412
31.7	-0.02262	0.03414
31.8	-0.02272	0.03419
31.9	-0.02283	0.03431
32	-0.02303	0.03421
32.1	-0.0229	0.03411
32.2	-0.02288	0.03412
32.3	-0.02292	0.03413
32.4	-0.02301	0.03426
32.5	-0.02297	0.03444
32.6	-0.02312	0.03438
32.7	-0.0234	0.03428
32.8	-0.02344	0.03434
32.9	-0.02322	0.0348
33	-0.02321	0.0347
33.1	-0.02322	0.03453
33.2	-0.02337	0.03454
33.3	-0.02349	0.03469
33.4	-0.02358	0.0347
33.5	-0.0236	0.03463
33.6	-0.02358	0.0347
33.7	-0.0237	0.03475
33.8	-0.02405	0.03472
33.9	-0.02406	0.03496
34	-0.02397	0.03503
34.1	-0.02392	0.03505
34.2	-0.02394	0.03523
34.3	-0.02378	0.03533
34.4	-0.02377	0.0353
34.5	-0.02372	0.03527
34.6	-0.02369	0.03538
34.7	-0.02379	0.03559
34.8	-0.02388	0.03557
34.9	-0.02384	0.03558
35	-0.0237	0.03561
35.1	-0.0237	0.03557
35.2	-0.02371	0.03556
35.3	-0.02373	0.03536
35.4	-0.02391	0.03509
35.5	-0.02388	0.035
35.6	-0.02396	0.03467
35.7	-0.02387	0.03474
35.8	-0.02371	0.03476
35.9	-0.02363	0.03461
36	-0.02371	0.0345
36.1	-0.02385	0.03427
36.2	-0.02378	0.03415
36.3	-0.02372	0.03396
36.4	-0.02376	0.03412
36.5	-0.02374	0.03416
36.6	-0.02375	0.03411
36.7	-0.02379	0.03396
36.8	-0.024	0.03389
36.9	-0.02413	0.03372
37	-0.02411	0.03371
37.1	-0.02409	0.03364
37.2	-0.0241	0.03356
37.3	-0.02412	0.0335
37.4	-0.02403	0.0336
37.5	-0.02409	0.03376
37.6	-0.02408	0.03383
37.7	-0.02402	0.03383
37.8	-0.0239	0.03385
37.9	-0.02396	0.03372
38	-0.02403	0.03366
38.1	-0.02405	0.03351
38.2	-0.02424	0.03343
38.3	-0.02431	0.03329
38.4	-0.02439	0.03316
38.5	-0.02435	0.0331
38.6	-0.02421	0.03308
38.7	-0.02426	0.03313
38.8	-0.02424	0.03311
38.9	-0.0242	0.03331
39	-0.02426	0.03327
39.1	-0.02424	0.0332
39.2	-0.02452	0.03313
39.3	-0.02458	0.03315
39.4	-0.02465	0.03298
39.5	-0.02475	0.03296
39.6	-0.02485	0.03305
39.7	-0.02501	0.03313
39.8	-0.02513	0.0333
39.9	-0.02496	0.03331
40	-0.02491	0.03344
40.1	-0.02488	0.03347
40.2	-0.025	0.03333
40.3	-0.02516	0.03332
40.4	-0.02536	0.03338
40.5	-0.02552	0.03345
40.6	-0.02552	0.03338
40.7	-0.02559	0.03356
40.8	-0.02589	0.03341
40.9	-0.02577	0.03342
41	-0.02561	0.0333
41.1	-0.02564	0.03327
41.2	-0.02565	0.03347
41.3	-0.02573	0.03344
41.4	-0.02578	0.03313
41.5	-0.02586	0.03313
41.6	-0.02609	0.03313
41.7	-0.02597	0.03284
41.8	-0.02574	0.03292
41.9	-0.02567	0.03302
42	-0.02553	0.03283
42.1	-0.02566	0.03277
42.2	-0.02566	0.03267
42.3	-0.02559	0.03249
42.4	-0.02569	0.03262
42.5	-0.02568	0.03252
42.6	-0.02554	0.03283
42.7	-0.02543	0.03291
42.8	-0.0255	0.03292
42.9	-0.02544	0.03291
43	-0.02557	0.03276
43.1	-0.02565	0.03272
43.2	-0.02574	0.03261
43.3	-0.02574	0.03257
43.4	-0.02573	0.03259
43.5	-0.02576	0.03258
43.6	-0.02566	0.03263
43.7	-0.02575	0.03248
43.8	-0.02573	0.03243
43.9	-0.02568	0.03221
44	-0.02573	0.03216
44.1	-0.02586	0.03213
44.2	-0.02572	0.03241
44.3	-0.02559	0.03276
44.4	-0.02568	0.0328
44.5	-0.02573	0.03266
44.6	-0.02566	0.03262
44.7	-0.02544	0.03267
44.8	-0.02541	0.03268
44.9	-0.02506	0.03271
45	-0.02474	0.03284
45.1	-0.02469	0.03276
45.2	-0.02462	0.03273
45.3	-0.02464	0.03277
45.4	-0.02448	0.03271
45.5	-0.02462	0.03279
45.6	-0.02467	0.03262
45.7	-0.0246	0.0326
45.8	-0.0247	0.03256
45.9	-0.02495	0.03261
46	-0.02497	0.03253
46.1	-0.02506	0.03243
46.2	-0.02505	0.03235
46.3	-0.02498	0.0323
46.4	-0.02486	0.03224
46.5	-0.02485	0.03202
46.6	-0.02489	0.03194
46.7	-0.02489	0.03188
46.8	-0.025	0.03185
46.9	-0.02506	0.03191
47	-0.02505	0.03214
47.1	-0.02493	0.03218
47.2	-0.02475	0.03199
47.3	-0.02465	0.0318
47.4	-0.02465	0.03189
47.5	-0.02473	0.03192
47.6	-0.02473	0.03188
47.7	-0.02463	0.03183
47.8	-0.02457	0.03188
47.9	-0.02476	0.032
48	-0.0247	0.03212
48.1	-0.02463	0.03213
48.2	-0.02451	0.03232
48.3	-0.02471	0.03216
48.4	-0.02482	0.03203
48.5	-0.02494	0.03195
48.6	-0.02496	0.03191
48.7	-0.02491	0.03186
48.8	-0.02469	0.03183
48.9	-0.02476	0.03181
49	-0.02469	0.03192
49.1	-0.02454	0.03197
49.2	-0.02434	0.03193
49.3	-0.02439	0.03203
49.4	-0.02461	0.03202
49.5	-0.02465	0.03193
49.6	-0.02454	0.03185
49.7	-0.02459	0.03189
49.8	-0.02482	0.03185
49.9	-0.02483	0.03173
50	-0.02483	0.03171
50.1	-0.02482	0.03182
50.2	-0.02473	0.03175
50.3	-0.02451	0.03173
50.4	-0.02453	0.03142
50.5	-0.02448	0.03143
50.6	-0.02439	0.03159
50.7	-0.02437	0.03158
50.8	-0.02444	0.03172
50.9	-0.0243	0.03182
51	-0.02431	0.03188
51.1	-0.02423	0.03189
51.2	-0.02443	0.03198
51.3	-0.02445	0.03205
51.4	-0.02453	0.03182
51.5	-0.02448	0.03153
51.6	-0.02469	0.03129
51.7	-0.02483	0.03109
51.8	-0.02488	0.031
51.9	-0.02486	0.03097
52	-0.02497	0.03084
52.1	-0.02495	0.03092
52.2	-0.02489	0.03078
52.3	-0.02477	0.03068
52.4	-0.02469	0.03054
52.5	-0.02463	0.03069
52.6	-0.02469	0.03078
52.7	-0.02461	0.03069
52.8	-0.02433	0.03067
52.9	-0.02431	0.03069
53	-0.02415	0.03065
53.1	-0.02416	0.03062
53.2	-0.02415	0.03043
53.3	-0.02417	0.03041
53.4	-0.02417	0.03042
53.5	-0.02397	0.03048
53.6	-0.024	0.03062
53.7	-0.02361	0.03064
53.8	-0.02371	0.03061
53.9	-0.02371	0.03073
54	-0.0238	0.0308
54.1	-0.0238	0.03081
54.2	-0.02385	0.0308
54.3	-0.02391	0.0308
54.4	-0.02394	0.03093
54.5	-0.0242	0.03091
54.6	-0.02418	0.03111
54.7	-0.02432	0.03116
54.8	-0.02426	0.03109
54.9	-0.02429	0.03111
55	-0.02437	0.03146
55.1	-0.02436	0.03165
55.2	-0.02443	0.03169
55.3	-0.02443	0.03169
55.4	-0.02463	0.03161
55.5	-0.02479	0.03165
55.6	-0.02469	0.03174
55.7	-0.02462	0.03172
55.8	-0.02471	0.03176
55.9	-0.02471	0.03197
56	-0.02475	0.03202
56.1	-0.02469	0.03221
56.2	-0.02459	0.03222
56.3	-0.02465	0.03225
56.4	-0.02456	0.03205
56.5	-0.02435	0.0318
56.6	-0.0242	0.0316
56.7	-0.02428	0.0313
56.8	-0.02439	0.03114
56.9	-0.02426	0.03117
57	-0.02418	0.03119
57.1	-0.02416	0.03112
57.2	-0.02428	0.03107
57.3	-0.02416	0.03106
57.4	-0.02416	0.03116
57.5	-0.02422	0.03107
57.6	-0.02404	0.03099
57.7	-0.02402	0.03106
57.8	-0.02419	0.03107
57.9	-0.0241	0.03102
58	-0.02409	0.03105
58.1	-0.02402	0.03114
58.2	-0.02392	0.03115
58.3	-0.02394	0.03116
58.4	-0.02389	0.03111
58.5	-0.02424	0.03106
58.6	-0.0242	0.03096
58.7	-0.02425	0.03094
58.8	-0.02422	0.03086
58.9	-0.0241	0.03075
59	-0.02413	0.03068
59.1	-0.02436	0.03048
59.2	-0.02411	0.03022
59.3	-0.02394	0.03006
59.4	-0.0239	0.02993
59.5	-0.02385	0.02989
59.6	-0.02372	0.0299
59.7	-0.0237	0.03003
59.8	-0.02372	0.03007
59.9	-0.02366	0.03003
60	-0.02371	0.0302
60.1	-0.02371	0.03029
60.2	-0.02377	0.03052
60.3	-0.02373	0.0305
60.4	-0.02401	0.03036
60.5	-0.02409	0.03038
60.6	-0.02412	0.03028
60.7	-0.0244	0.03031
60.8	-0.02463	0.03027
60.9	-0.02468	0.03028
61	-0.02467	0.03017
61.1	-0.02455	0.03029
61.2	-0.0245	0.03017
61.3	-0.0246	0.02995
61.4	-0.02448	0.02998
61.5	-0.02412	0.0299
61.6	-0.02396	0.02964
61.7	-0.02398	0.02958
61.8	-0.02398	0.02945
61.9	-0.02421	0.02941
62	-0.02425	0.02961
62.1	-0.02407	0.02963
62.2	-0.02423	0.02934
62.3	-0.02432	0.02921
62.4	-0.02453	0.02913
62.5	-0.02458	0.02902
62.6	-0.02438	0.0291
62.7	-0.02431	0.02927
62.8	-0.02403	0.02916
62.9	-0.02389	0.02905
63	-0.0238	0.0291
63.1	-0.02375	0.02933
63.2	-0.02388	0.02942
63.3	-0.02385	0.02932
63.4	-0.02393	0.0291
63.5	-0.02375	0.02917
63.6	-0.02346	0.02908
63.7	-0.02334	0.02893
63.8	-0.02299	0.02895
63.9	-0.02295	0.02903
64	-0.02297	0.0292
64.1	-0.02301	0.02931
64.2	-0.02313	0.02914
64.3	-0.02316	0.02923
64.4	-0.02298	0.02926
64.5	-0.02297	0.02937
64.6	-0.02316	0.02925
64.7	-0.02324	0.02932
64.8	-0.02344	0.02932
64.9	-0.02329	0.0294
65	-0.02298	0.02919
65.1	-0.02285	0.02914
65.2	-0.02275	0.0291
65.3	-0.02262	0.02896
65.4	-0.02273	0.029
65.5	-0.02268	0.02933
65.6	-0.02278	0.02932
65.7	-0.02262	0.02919
65.8	-0.02272	0.02907
65.9	-0.02282	0.02908
66	-0.02257	0.0292
66.1	-0.02265	0.02921
66.2	-0.0229	0.02932
66.3	-0.02306	0.02916
66.4	-0.02317	0.02919
66.5	-0.02314	0.02917
66.6	-0.02313	0.02932
66.7	-0.02297	0.02939
66.8	-0.02294	0.02957
66.9	-0.02302	0.02941
67	-0.02297	0.02949
67.1	-0.02296	0.02944
67.2	-0.02295	0.02953
67.3	-0.02295	0.02977
67.4	-0.02302	0.02967
67.5	-0.02312	0.02972
67.6	-0.02331	0.02976
67.7	-0.02339	0.02962
67.8	-0.02327	0.02962
67.9	-0.02333	0.02977
68	-0.02328	0.03006
68.1	-0.02317	0.03005
68.2	-0.02307	0.02998
68.3	-0.02307	0.03006
68.4	-0.02311	0.02999
68.5	-0.02292	0.02979
68.6	-0.02302	0.02981
68.7	-0.02289	0.02978
68.8	-0.02274	0.02977
68.9	-0.02239	0.02964
69	-0.02234	0.02973
69.1	-0.02238	0.02987
69.2	-0.02235	0.02999
69.3	-0.02222	0.03003
69.4	-0.02204	0.02988
69.5	-0.0219	0.0297
69.6	-0.02201	0.02943
69.7	-0.02204	0.02938
69.8	-0.02217	0.02908
69.9	-0.02214	0.02907
70	-0.02228	0.029
70.1	-0.02243	0.0289
70.2	-0.02255	0.02876
70.3	-0.02256	0.02889
70.4	-0.02272	0.02906
70.5	-0.02267	0.02924
70.6	-0.02257	0.02937
70.7	-0.0223	0.02942
70.8	-0.02223	0.0295
70.9	-0.0223	0.02966
71	-0.02216	0.02975
71.1	-0.02218	0.02981
71.2	-0.02218	0.02986
71.3	-0.02212	0.02985
71.4	-0.02219	0.02996
71.5	-0.02218	0.03013
71.6	-0.02221	0.0302
71.7	-0.0219	0.03014
71.8	-0.02213	0.03014
71.9	-0.02216	0.02999
72	-0.02189	0.03004
72.1	-0.02186	0.02976
72.2	-0.02184	0.0297
72.3	-0.02176	0.02946
72.4	-0.02194	0.02931
72.5	-0.02198	0.02906
72.6	-0.02171	0.02906
72.7	-0.02174	0.02913
72.8	-0.02202	0.02934
72.9	-0.02202	0.02926
73	-0.02198	0.02932
73.1	-0.02218	0.02947
73.2	-0.02208	0.02972
73.3	-0.02198	0.02948
73.4	-0.02193	0.02965
73.5	-0.02183	0.0296
73.6	-0.02179	0.02942
73.7	-0.02169	0.02945
73.8	-0.02159	0.02957
73.9	-0.02147	0.02964
74	-0.02143	0.0297
74.1	-0.02159	0.02965
74.2	-0.02174	0.02971
74.3	-0.022	0.02952
74.4	-0.02217	0.02956
74.5	-0.02218	0.02962
74.6	-0.02199	0.02947
74.7	-0.02201	0.02934
74.8	-0.02209	0.02907
74.9	-0.02211	0.029
75	-0.02212	0.02899
75.1	-0.02203	0.02896
75.2	-0.02175	0.02906
75.3	-0.02176	0.02913
75.4	-0.02189	0.02916
75.5	-0.02215	0.02926
75.6	-0.02205	0.02929
75.7	-0.02189	0.02918
75.8	-0.02217	0.02927
75.9	-0.0222	0.02944
76	-0.02211	0.02937
76.1	-0.02208	0.0294
76.2	-0.02214	0.02947
76.3	-0.02219	0.02939
76.4	-0.02236	0.02956
76.5	-0.02254	0.02975
76.6	-0.02264	0.02968
76.7	-0.02279	0.02955
76.8	-0.02298	0.02956
76.9	-0.02319	0.02959
77	-0.0231	0.02932
77.1	-0.02316	0.02923
77.2	-0.02334	0.02906
77.3	-0.0232	0.02903
77.4	-0.02313	0.02908
77.5	-0.02319	0.02904
77.6	-0.02308	0.02911
77.7	-0.02301	0.02935
77.8	-0.02316	0.02934
77.9	-0.02323	0.02924
78	-0.02319	0.02903
78.1	-0.02318	0.029
78.2	-0.02321	0.02903
78.3	-0.02318	0.02899
78.4	-0.02294	0.02903
78.5	-0.02287	0.02901
78.6	-0.02277	0.02899
78.7	-0.02293	0.02897
78.8	-0.02299	0.0291
78.9	-0.02307	0.02913
79	-0.02312	0.02926
79.1	-0.02329	0.02929
79.2	-0.02348	0.02935
79.3	-0.02355	0.02926
79.4	-0.02349	0.02913
79.5	-0.02353	0.02904
79.6	-0.02371	0.02907
79.7	-0.02401	0.02929
79.8	-0.02413	0.02929
79.9	-0.02409	0.02934
80	-0.02405	0.02951
80.1	-0.02404	0.02944
80.2	-0.02398	0.02909
80.3	-0.02392	0.02878
80.4	-0.02394	0.02867
80.5	-0.02388	0.02873
80.6	-0.0237	0.02906
80.7	-0.02365	0.02895
80.8	-0.02354	0.02863
80.9	-0.02355	0.02845
81	-0.02349	0.02841
81.1	-0.02338	0.02822
81.2	-0.0234	0.02802
81.3	-0.02331	0.02814
81.4	-0.0231	0.02828
81.5	-0.02279	0.02814
81.6	-0.02255	0.02814
81.7	-0.02248	0.02814
81.8	-0.02254	0.02805
81.9	-0.02253	0.02793
82	-0.0225	0.02794
82.1	-0.02272	0.02796
82.2	-0.02308	0.02799
82.3	-0.0232	0.02794
82.4	-0.02327	0.02799
82.5	-0.02322	0.02803
82.6	-0.02317	0.02814
82.7	-0.02298	0.02811
82.8	-0.02298	0.02805
82.9	-0.02279	0.02818
83	-0.02274	0.02817
83.1	-0.02274	0.02823
83.2	-0.02289	0.02801
83.3	-0.02318	0.02787
83.4	-0.02329	0.02784
83.5	-0.02325	0.02787
83.6	-0.02348	0.02799
83.7	-0.02351	0.02819
83.8	-0.02354	0.02827
83.9	-0.0234	0.02827
84	-0.02345	0.02833
84.1	-0.0233	0.02847
84.2	-0.02331	0.02858
84.3	-0.02315	0.02849
84.4	-0.02301	0.02866
84.5	-0.02304	0.02876
84.6	-0.02299	0.02858
84.7	-0.02287	0.02853
84.8	-0.02272	0.02849
84.9	-0.02273	0.02854
85	-0.02288	0.02857
85.1	-0.02286	0.02847
85.2	-0.02299	0.02841
85.3	-0.02302	0.02833
85.4	-0.02327	0.02822
85.5	-0.02337	0.02811
85.6	-0.02312	0.02817
85.7	-0.0232	0.02825
85.8	-0.02328	0.02826
85.9	-0.02318	0.02811
86	-0.02318	0.02777
86.1	-0.02317	0.02775
86.2	-0.02306	0.02794
86.3	-0.02319	0.02805
86.4	-0.02309	0.0281
86.5	-0.02326	0.02811
86.6	-0.02342	0.02813
86.7	-0.02348	0.02816
86.8	-0.02354	0.02822
86.9	-0.02364	0.0282
87	-0.02383	0.0282
87.1	-0.02391	0.0281
87.2	-0.02366	0.02789
87.3	-0.02372	0.02774
87.4	-0.02395	0.02766
87.5	-0.02412	0.02776
87.6	-0.02405	0.02788
87.7	-0.02398	0.02779
87.8	-0.02381	0.02795
87.9	-0.02397	0.02805
88	-0.02405	0.02788
88.1	-0.02398	0.0278
88.2	-0.024	0.0277
88.3	-0.02384	0.02762
88.4	-0.02373	0.02777
88.5	-0.02372	0.02764
88.6	-0.02376	0.0276
88.7	-0.02373	0.02748
88.8	-0.02371	0.02733
88.9	-0.02362	0.02724
89	-0.02359	0.02729
89.1	-0.02349	0.02719
89.2	-0.02332	0.02721
89.3	-0.02322	0.02724
89.4	-0.02334	0.02712
89.5	-0.02342	0.02692
89.6	-0.02353	0.02687
89.7	-0.02364	0.02676
89.8	-0.02364	0.02666
89.9	-0.02365	0.02664
90	-0.02369	0.0266
90.1	-0.02357	0.02665
90.2	-0.0236	0.02668
90.3	-0.02362	0.02683
90.4	-0.02366	0.02683
90.5	-0.02373	0.02683
90.6	-0.02374	0.02668
90.7	-0.02358	0.02653
90.8	-0.02361	0.02633
90.9	-0.02362	0.02633
91	-0.0235	0.02611
91.1	-0.0234	0.02612
91.2	-0.02334	0.02608
91.3	-0.02342	0.02596
91.4	-0.02335	0.02577
91.5	-0.02342	0.02573
91.6	-0.02341	0.02581
91.7	-0.02343	0.02588
91.8	-0.02317	0.02586
91.9	-0.02324	0.02588
92	-0.02348	0.02593
92.1	-0.02344	0.02592
92.2	-0.02335	0.02573
92.3	-0.0234	0.02573
92.4	-0.02343	0.0257
92.5	-0.02324	0.02575
92.6	-0.02327	0.02569
92.7	-0.02335	0.02541
92.8	-0.02329	0.02551
92.9	-0.02315	0.02551
93	-0.02284	0.02537
93.1	-0.02276	0.02528
93.2	-0.0227	0.02543
93.3	-0.0228	0.02552
93.4	-0.02276	0.0257
93.5	-0.02272	0.02567
93.6	-0.02312	0.02579
93.7	-0.02321	0.02588
93.8	-0.02358	0.02598
93.9	-0.02357	0.02601
94	-0.02368	0.02601
94.1	-0.02367	0.02603
94.2	-0.02362	0.02611
94.3	-0.02364	0.02623
94.4	-0.02366	0.02614
94.5	-0.02369	0.02601
94.6	-0.02382	0.02593
94.7	-0.02376	0.02582
94.8	-0.02364	0.02585
94.9	-0.02369	0.02596
95	-0.0238	0.02607
95.1	-0.02374	0.02623
95.2	-0.02362	0.02642
95.3	-0.02343	0.02622
95.4	-0.02354	0.0263
95.5	-0.02347	0.02622
95.6	-0.02338	0.02621
95.7	-0.0234	0.02634
95.8	-0.02333	0.02644
95.9	-0.02313	0.0266
96	-0.02304	0.02655
96.1	-0.023	0.02665
96.2	-0.0227	0.02655
96.3	-0.02269	0.02637
96.4	-0.02264	0.02648
96.5	-0.0227	0.02636
96.6	-0.02286	0.02654
96.7	-0.02272	0.02633
96.8	-0.02271	0.02619
96.9	-0.02283	0.02607
97	-0.02307	0.02604
97.1	-0.02329	0.02597
97.2	-0.02346	0.026
97.3	-0.02365	0.02579
97.4	-0.02366	0.02565
97.5	-0.02367	0.02571
97.6	-0.02364	0.02561
97.7	-0.02364	0.02532
97.8	-0.02369	0.02538
97.9	-0.02381	0.02559
98	-0.02398	0.02589
98.1	-0.02407	0.02597
98.2	-0.02413	0.02606
98.3	-0.0241	0.02602
98.4	-0.02397	0.02587
98.5	-0.02398	0.02591
98.6	-0.02409	0.02612
98.7	-0.02398	0.02625
98.8	-0.0237	0.02603
98.9	-0.02345	0.02593
99	-0.02354	0.02589
99.1	-0.02356	0.02581
99.2	-0.02362	0.02581
99.3	-0.02374	0.02597
99.4	-0.02373	0.02607
99.5	-0.02375	0.02603
99.6	-0.02383	0.02574
99.7	-0.02416	0.02518
99.8	-0.0243	0.02518
99.9	-0.02432	0.02521
100	-0.02419	0.02536
100.1	-0.02415	0.0254
100.2	-0.02421	0.02521
100.3	-0.02405	0.02533
100.4	-0.02393	0.02528
100.5	-0.02394	0.02519
100.6	-0.02389	0.0255
100.7	-0.02395	0.0255
100.8	-0.02389	0.02554
100.9	-0.02384	0.02555
101	-0.02386	0.02546
101.1	-0.02376	0.02559
101.2	-0.02371	0.02572
101.3	-0.02396	0.02564
101.4	-0.02402	0.02553
101.5	-0.02427	0.02546
101.6	-0.0243	0.0255
101.7	-0.02447	0.02582
101.8	-0.02445	0.02589
101.9	-0.02455	0.02606
102	-0.02448	0.02614
102.1	-0.02447	0.02595
102.2	-0.02466	0.02617
102.3	-0.02448	0.02624
102.4	-0.02403	0.02609
102.5	-0.02393	0.02616
102.6	-0.02382	0.02628
102.7	-0.02363	0.02637
102.8	-0.02379	0.02602
102.9	-0.02392	0.02574
103	-0.02398	0.0257
103.1	-0.02401	0.02549
103.2	-0.02387	0.02529
103.3	-0.02361	0.02526
103.4	-0.02377	0.02516
103.5	-0.02369	0.02505
103.6	-0.0236	0.02505
103.7	-0.02371	0.02514
103.8	-0.02361	0.02514
103.9	-0.02353	0.02517
104	-0.02339	0.02505
104.1	-0.0235	0.02478
104.2	-0.02339	0.02464
104.3	-0.02319	0.02451
104.4	-0.02337	0.02465
104.5	-0.02351	0.02453
104.6	-0.02344	0.02434
104.7	-0.02338	0.02418
104.8	-0.02332	0.02409
104.9	-0.02333	0.02403
105	-0.02332	0.02396
105.1	-0.02315	0.02411
105.2	-0.02319	0.02408
105.3	-0.02322	0.02423
105.4	-0.02326	0.02422
105.5	-0.02322	0.02407
105.6	-0.02309	0.02393
105.7	-0.02304	0.02387
105.8	-0.023	0.02371
105.9	-0.02312	0.02377
106	-0.02313	0.02382
106.1	-0.02301	0.0238
106.2	-0.02295	0.02374
106.3	-0.02283	0.02382
106.4	-0.02271	0.02384
106.5	-0.02259	0.02384
106.6	-0.02258	0.02362
106.7	-0.02275	0.02377
106.8	-0.02283	0.02389
106.9	-0.02286	0.02389
107	-0.0231	0.02393
107.1	-0.02323	0.02381
107.2	-0.02328	0.02374
107.3	-0.02304	0.0237
107.4	-0.02293	0.02369
107.5	-0.02291	0.02361
107.6	-0.02291	0.02368
107.7	-0.0229	0.02361
107.8	-0.02308	0.02347
107.9	-0.02306	0.02335
108	-0.02304	0.02356
108.1	-0.02328	0.02376
108.2	-0.02332	0.02378
108.3	-0.02331	0.02394
108.4	-0.02321	0.02385
108.5	-0.02322	0.0238
108.6	-0.02327	0.02375
108.7	-0.02345	0.02363
108.8	-0.02341	0.02354
108.9	-0.02314	0.02349
109	-0.02315	0.02335
109.1	-0.02321	0.02344
109.2	-0.02333	0.02355
109.3	-0.02314	0.02357
109.4	-0.02328	0.02365
109.5	-0.02339	0.02365
109.6	-0.02332	0.02351
109.7	-0.02323	0.02344
109.8	-0.02299	0.02349
109.9	-0.02281	0.02341
110	-0.02282	0.02329
110.1	-0.02285	0.02319
110.2	-0.02271	0.02303
110.3	-0.02268	0.02284
110.4	-0.02263	0.0227
110.5	-0.02261	0.02285
110.6	-0.02258	0.02276
110.7	-0.02254	0.02296
110.8	-0.02265	0.02312
110.9	-0.02248	0.02309
111	-0.02241	0.02292
111.1	-0.02239	0.02293
111.2	-0.02259	0.02286
111.3	-0.02267	0.02304
111.4	-0.02247	0.02321
111.5	-0.0224	0.02315
111.6	-0.02239	0.02312
111.7	-0.02241	0.02302
111.8	-0.02235	0.02291
111.9	-0.02256	0.02283
112	-0.02252	0.02281
112.1	-0.02253	0.02274
112.2	-0.02292	0.02256
112.3	-0.02316	0.02244
112.4	-0.02314	0.02229
112.5	-0.02321	0.02217
112.6	-0.02318	0.02194
112.7	-0.02294	0.02185
112.8	-0.02286	0.02172
112.9	-0.023	0.02166
113	-0.02299	0.02158
113.1	-0.0229	0.02173
113.2	-0.02277	0.02197
113.3	-0.02289	0.02183
113.4	-0.02285	0.0216
113.5	-0.02288	0.02175
113.6	-0.0228	0.02168
113.7	-0.02275	0.02159
113.8	-0.02271	0.02178
113.9	-0.02296	0.02196
114	-0.02298	0.02196
114.1	-0.02272	0.02177
114.2	-0.02274	0.0217
114.3	-0.02256	0.02142
114.4	-0.02259	0.02097
114.5	-0.02272	0.02099
114.6	-0.02273	0.02102
114.7	-0.02254	0.02087
114.8	-0.02259	0.02086
114.9	-0.02246	0.02093
115	-0.02237	0.02089
115.1	-0.02222	0.02065
115.2	-0.02216	0.02042
115.3	-0.02221	0.02049
115.4	-0.02196	0.02068
115.5	-0.02183	0.02074
115.6	-0.02185	0.0206
115.7	-0.02183	0.02072
115.8	-0.0221	0.02069
115.9	-0.02226	0.02057
116	-0.02196	0.02039
116.1	-0.02195	0.02019
116.2	-0.02198	0.02008
116.3	-0.02199	0.02008
116.4	-0.02195	0.02028
116.5	-0.02194	0.02035
116.6	-0.02197	0.02018
116.7	-0.02194	0.01996
116.8	-0.02195	0.02
116.9	-0.02205	0.01985
117	-0.02204	0.01989
117.1	-0.02209	0.01988
117.2	-0.02189	0.01983
117.3	-0.02182	0.01964
117.4	-0.0218	0.01954
117.5	-0.02164	0.01946
117.6	-0.02153	0.01953
117.7	-0.02143	0.01937
117.8	-0.02127	0.01909
117.9	-0.02125	0.01902
118	-0.02098	0.01906
118.1	-0.02083	0.01909
118.2	-0.02093	0.01892
118.3	-0.02089	0.01901
118.4	-0.02087	0.0191
118.5	-0.02074	0.01903
118.6	-0.0206	0.01886
118.7	-0.02041	0.0188
118.8	-0.0204	0.0189
118.9	-0.02033	0.01905
119	-0.02019	0.01903
119.1	-0.01995	0.01928
119.2	-0.01986	0.01938
119.3	-0.0198	0.01948
119.4	-0.01976	0.01969
119.5	-0.01973	0.01966
119.6	-0.01962	0.01955
119.7	-0.01974	0.01942
119.8	-0.01991	0.01937
119.9	-0.01988	0.01934
120	-0.01981	0.01923
120.1	-0.01979	0.01918
120.2	-0.01988	0.0191
120.3	-0.01997	0.01913
120.4	-0.02006	0.01901
120.5	-0.02013	0.01903
120.6	-0.02032	0.01903
120.7	-0.0202	0.01877
120.8	-0.0202	0.01883
120.9	-0.02023	0.01887
121	-0.02006	0.01895
121.1	-0.02002	0.01897
121.2	-0.02022	0.01882
121.3	-0.02007	0.01877
121.4	-0.02016	0.01899
121.5	-0.02025	0.01901
121.6	-0.02018	0.01903
121.7	-0.02004	0.0191
121.8	-0.0201	0.01894
121.9	-0.01993	0.0189
122	-0.01985	0.01895
122.1	-0.01955	0.01887
122.2	-0.01954	0.01877
122.3	-0.01959	0.01875
122.4	-0.01969	0.01893
122.5	-0.01961	0.01886
122.6	-0.01952	0.01862
122.7	-0.01974	0.01849
122.8	-0.01977	0.01871
122.9	-0.01981	0.01857
123	-0.01976	0.01837
123.1	-0.01988	0.01843
123.2	-0.01986	0.01835
123.3	-0.0199	0.01832
123.4	-0.02013	0.0183
123.5	-0.02047	0.01829
123.6	-0.02066	0.01836
123.7	-0.02056	0.01818
123.8	-0.02056	0.01826
123.9	-0.02066	0.01837
124	-0.02074	0.01812
124.1	-0.02089	0.01813
124.2	-0.02102	0.01804
124.3	-0.02108	0.01803
124.4	-0.02088	0.01805
124.5	-0.02082	0.01802
124.6	-0.02087	0.01786
124.7	-0.02074	0.01797
124.8	-0.02069	0.01815
124.9	-0.0208	0.01824
125	-0.02079	0.01835
125.1	-0.02088	0.01822
125.2	-0.02086	0.01819
125.3	-0.02093	0.01801
125.4	-0.02111	0.01785
125.5	-0.02106	0.01795
125.6	-0.02114	0.01801
125.7	-0.02128	0.01774
125.8	-0.02135	0.01763
125.9	-0.02128	0.01772
126	-0.02131	0.01772
126.1	-0.02144	0.01757
126.2	-0.02123	0.01762
126.3	-0.02108	0.01775
126.4	-0.02143	0.01778
126.5	-0.02154	0.01782
126.6	-0.0217	0.01783
126.7	-0.02177	0.01766
126.8	-0.02193	0.01782
126.9	-0.0218	0.018
127	-0.02178	0.01784
127.1	-0.0216	0.01778
127.2	-0.02158	0.01798
127.3	-0.02168	0.01823
127.4	-0.02167	0.01829
127.5	-0.02162	0.01819
127.6	-0.02157	0.01819
127.7	-0.02159	0.01827
127.8	-0.02182	0.01834
127.9	-0.02188	0.01839
128	-0.02184	0.01858
128.1	-0.02182	0.01856
128.2	-0.0219	0.01845
128.3	-0.02187	0.01849
128.4	-0.02169	0.01859
128.5	-0.02152	0.01882
128.6	-0.02146	0.01892
128.7	-0.02163	0.01896
128.8	-0.0215	0.01895
128.9	-0.02125	0.0189
129	-0.02125	0.01871
129.1	-0.0211	0.0184
129.2	-0.02099	0.01843
129.3	-0.02078	0.0185
129.4	-0.02084	0.01878
129.5	-0.02086	0.01923
129.6	-0.021	0.01915
129.7	-0.021	0.01911
129.8	-0.02115	0.01924
129.9	-0.02121	0.01925
130	-0.02121	0.01923
130.1	-0.02099	0.01917
130.2	-0.02077	0.01907
130.3	-0.02084	0.01891
130.4	-0.02072	0.01873
130.5	-0.02067	0.01877
130.6	-0.02072	0.01889
130.7	-0.02073	0.01885
130.8	-0.02075	0.01871
130.9	-0.02066	0.01849
131	-0.02078	0.0183
131.1	-0.02075	0.01815
131.2	-0.02096	0.01821
131.3	-0.02102	0.01811
131.4	-0.02098	0.01815
131.5	-0.02075	0.01797
131.6	-0.02079	0.01786
131.7	-0.02084	0.01787
131.8	-0.02101	0.01771
131.9	-0.02117	0.0175
132	-0.02133	0.01726
132.1	-0.02121	0.01717
132.2	-0.02119	0.0172
132.3	-0.02127	0.01748
132.4	-0.02124	0.01754
132.5	-0.02131	0.01755
132.6	-0.02149	0.01747
132.7	-0.02138	0.01748
132.8	-0.02153	0.01761
132.9	-0.02174	0.01786
133	-0.02181	0.01813
133.1	-0.02162	0.01827
133.2	-0.02147	0.01815
133.3	-0.02129	0.01808
133.4	-0.02122	0.01793
133.5	-0.02138	0.01799
133.6	-0.02142	0.01812
133.7	-0.02152	0.01812
133.8	-0.02155	0.01818
133.9	-0.02158	0.01814
134	-0.02157	0.01818
134.1	-0.02159	0.01814
134.2	-0.02155	0.01807
134.3	-0.02155	0.01783
134.4	-0.02143	0.01789
134.5	-0.02157	0.01778
134.6	-0.0217	0.01775
134.7	-0.02166	0.01775
134.8	-0.02174	0.0178
134.9	-0.02187	0.01787
135	-0.02196	0.01786
135.1	-0.02189	0.01797
135.2	-0.02184	0.0183
135.3	-0.0218	0.01829
135.4	-0.02192	0.01821
135.5	-0.02196	0.01827
135.6	-0.02194	0.01844
135.7	-0.02184	0.01853
135.8	-0.02198	0.01846
135.9	-0.02216	0.01854
136	-0.02262	0.0185
136.1	-0.02288	0.01839
136.2	-0.02312	0.01847
136.3	-0.02327	0.01859
136.4	-0.02356	0.01848
136.5	-0.02368	0.01834
136.6	-0.02371	0.0182
136.7	-0.0238	0.01816
136.8	-0.02381	0.01832
136.9	-0.02381	0.01841
137	-0.02382	0.01855
137.1	-0.02394	0.01851
137.2	-0.02392	0.01846
137.3	-0.02371	0.0184
137.4	-0.02369	0.01859
137.5	-0.02364	0.01855
137.6	-0.02373	0.01857
137.7	-0.02387	0.01862
137.8	-0.02379	0.01897
137.9	-0.02379	0.01886
138	-0.02373	0.01896
138.1	-0.02367	0.01933
138.2	-0.02366	0.01952
138.3	-0.02373	0.01952
138.4	-0.02363	0.01951
138.5	-0.02369	0.01947
138.6	-0.02361	0.01957
138.7	-0.0236	0.01975
138.8	-0.02364	0.01984
138.9	-0.02368	0.02001
139	-0.02391	0.02017
139.1	-0.02402	0.02029
139.2	-0.02398	0.02027
139.3	-0.02387	0.02037
139.4	-0.0237	0.02044
139.5	-0.02361	0.02064
139.6	-0.02358	0.02054
139.7	-0.02346	0.02044
139.8	-0.02353	0.02051
139.9	-0.02339	0.02047
140	-0.02342	0.02048
140.1	-0.02322	0.02049
140.2	-0.02332	0.02068
140.3	-0.02338	0.02063
140.4	-0.02345	0.02064
140.5	-0.02353	0.02081
140.6	-0.02353	0.02096
140.7	-0.02333	0.0208
140.8	-0.02338	0.02075
140.9	-0.02356	0.02072
141	-0.0237	0.02093
141.1	-0.02388	0.02109
141.2	-0.02386	0.02125
141.3	-0.02361	0.02115
141.4	-0.02366	0.02108
141.5	-0.02362	0.02102
141.6	-0.02342	0.02096
141.7	-0.02385	0.02123
141.8	-0.02391	0.02139
141.9	-0.02398	0.0215
142	-0.02404	0.02158
142.1	-0.02412	0.0216
142.2	-0.02406	0.02163
142.3	-0.02401	0.02145
142.4	-0.02376	0.02153
142.5	-0.0238	0.02152
142.6	-0.02382	0.02157
142.7	-0.02372	0.02151
142.8	-0.02363	0.02139
142.9	-0.02352	0.02147
143	-0.02334	0.02151
143.1	-0.02318	0.02138
143.2	-0.02302	0.02124
143.3	-0.02296	0.02115
143.4	-0.02304	0.02115
143.5	-0.02274	0.0213
143.6	-0.0227	0.02138
143.7	-0.02269	0.02141
143.8	-0.02241	0.02144
143.9	-0.02235	0.02164
144	-0.02246	0.02165
144.1	-0.02256	0.02151
144.2	-0.02244	0.02136
144.3	-0.02237	0.02124
144.4	-0.02237	0.02127
144.5	-0.02259	0.02119
144.6	-0.02284	0.02122
144.7	-0.02281	0.02103
144.8	-0.02287	0.02098
144.9	-0.02304	0.02091
145	-0.02306	0.02082
145.1	-0.02293	0.02063
145.2	-0.02281	0.02059
145.3	-0.02297	0.02044
145.4	-0.0232	0.02013
145.5	-0.02311	0.02006
145.6	-0.02295	0.01996
145.7	-0.02301	0.0198
145.8	-0.0231	0.01954
145.9	-0.02308	0.0196
146	-0.0231	0.01971
146.1	-0.02295	0.0197
146.2	-0.02293	0.01972
146.3	-0.02294	0.01977
146.4	-0.02289	0.01982
146.5	-0.02286	0.01962
146.6	-0.02263	0.01954
146.7	-0.02249	0.01949
146.8	-0.02243	0.01941
146.9	-0.02245	0.01952
147	-0.02228	0.0194
147.1	-0.02227	0.01961
147.2	-0.02218	0.01973
147.3	-0.02245	0.01982
147.4	-0.02237	0.01991
147.5	-0.02232	0.0199
147.6	-0.02237	0.01985
147.7	-0.02248	0.01982
147.8	-0.02261	0.01979
147.9	-0.02268	0.01969
148	-0.02273	0.01957
148.1	-0.02276	0.01961
148.2	-0.02289	0.01969
148.3	-0.02292	0.01962
148.4	-0.02294	0.01952
148.5	-0.0227	0.01934
148.6	-0.02257	0.01937
148.7	-0.02248	0.01937
148.8	-0.02252	0.01923
148.9	-0.02264	0.0191
149	-0.02262	0.01895
149.1	-0.02243	0.0188
149.2	-0.02266	0.01885
149.3	-0.0226	0.01882
149.4	-0.0228	0.01868
149.5	-0.02289	0.01898
149.6	-0.02288	0.01915
149.7	-0.02301	0.01913
149.8	-0.02287	0.01906
149.9	-0.0228	0.01915
150	-0.02263	0.01903
150.1	-0.02252	0.01908
150.2	-0.02262	0.01912
150.3	-0.02288	0.01912
150.4	-0.02306	0.01927
150.5	-0.02296	0.01936
150.6	-0.02293	0.01965
150.7	-0.02266	0.01953
150.8	-0.0224	0.01944
150.9	-0.02224	0.01947
151	-0.02217	0.01944
151.1	-0.02228	0.0193
151.2	-0.02229	0.01927
151.3	-0.02202	0.01921
151.4	-0.02215	0.01856
151.5	-0.02212	0.01855
151.6	-0.02197	0.0185
151.7	-0.02186	0.0184
151.8	-0.0214	0.01842
151.9	-0.02136	0.01841
152	-0.02117	0.01842
152.1	-0.0211	0.01846
152.2	-0.02125	0.01843
152.3	-0.02144	0.01836
152.4	-0.02174	0.01847
152.5	-0.02172	0.01841
152.6	-0.02162	0.01825
152.7	-0.02145	0.01824
152.8	-0.02146	0.01827
152.9	-0.02171	0.01832
153	-0.0217	0.01846
153.1	-0.02173	0.01839
153.2	-0.02184	0.01838
153.3	-0.02157	0.01838
153.4	-0.02138	0.01819
153.5	-0.02132	0.01801
153.6	-0.02154	0.01796
153.7	-0.02172	0.01786
153.8	-0.02185	0.0178
153.9	-0.02182	0.01769
154	-0.0217	0.01774
154.1	-0.02151	0.01779
154.2	-0.02143	0.0178
154.3	-0.02131	0.0178
154.4	-0.02115	0.01778
154.5	-0.0211	0.01781
154.6	-0.02114	0.01798
154.7	-0.02122	0.01834
154.8	-0.02119	0.01834
154.9	-0.02117	0.01826
155	-0.02114	0.01813
155.1	-0.0211	0.01823
155.2	-0.02125	0.01845
155.3	-0.02112	0.01856
155.4	-0.02112	0.01849
155.5	-0.02123	0.01853
155.6	-0.02126	0.01856
155.7	-0.02134	0.01852
155.8	-0.02127	0.01876
155.9	-0.02131	0.01894
156	-0.02115	0.01903
156.1	-0.02084	0.01929
156.2	-0.02093	0.01962
156.3	-0.02091	0.01959
156.4	-0.02096	0.01969
156.5	-0.02086	0.01958
156.6	-0.02081	0.01963
156.7	-0.0208	0.01971
156.8	-0.02046	0.01983
156.9	-0.02043	0.01978
157	-0.02037	0.01976
157.1	-0.02017	0.01986
157.2	-0.02021	0.01977
157.3	-0.0203	0.01972
157.4	-0.02034	0.01956
157.5	-0.02017	0.01944
157.6	-0.01998	0.01948
157.7	-0.01993	0.01956
157.8	-0.02013	0.01983
157.9	-0.02038	0.02017
158	-0.02044	0.02031
158.1	-0.02046	0.02031
158.2	-0.02057	0.02021
158.3	-0.02053	0.02023
158.4	-0.02088	0.02037
158.5	-0.02104	0.0205
158.6	-0.02106	0.02064
158.7	-0.02134	0.02069
158.8	-0.02126	0.02078
158.9	-0.02126	0.0208
159	-0.02154	0.02067
159.1	-0.02148	0.02083
159.2	-0.02136	0.02101
159.3	-0.02156	0.02103
159.4	-0.02166	0.02109
159.5	-0.02181	0.02129
159.6	-0.02174	0.02131
159.7	-0.02187	0.02148
159.8	-0.02194	0.02165
159.9	-0.02202	0.02165
160	-0.02209	0.02158
160.1	-0.02204	0.02157
160.2	-0.02217	0.02139
160.3	-0.0222	0.02132
160.4	-0.02251	0.02116
160.5	-0.0224	0.02105
160.6	-0.02233	0.02084
160.7	-0.02237	0.021
160.8	-0.02244	0.02087
160.9	-0.02238	0.02071
161	-0.0224	0.02052
161.1	-0.02226	0.02042
161.2	-0.02238	0.02044
161.3	-0.02238	0.0205
161.4	-0.02225	0.02065
161.5	-0.02221	0.0204
161.6	-0.02227	0.0204
161.7	-0.02223	0.02034
161.8	-0.02228	0.02031
161.9	-0.02227	0.02027
162	-0.0224	0.02037
162.1	-0.02257	0.02038
162.2	-0.02244	0.02023
162.3	-0.02222	0.02012
162.4	-0.02228	0.02017
162.5	-0.02231	0.02038
162.6	-0.02244	0.02078
162.7	-0.02248	0.02085
162.8	-0.0223	0.02081
162.9	-0.02208	0.02089
163	-0.02197	0.02091
163.1	-0.02198	0.02094
163.2	-0.02194	0.02097
163.3	-0.02181	0.02097
163.4	-0.02187	0.02097
163.5	-0.02194	0.02098
163.6	-0.02188	0.02093
163.7	-0.02177	0.02065
163.8	-0.02182	0.02035
163.9	-0.02206	0.02003
164	-0.02213	0.02005
164.1	-0.02208	0.01978
164.2	-0.02227	0.01979
164.3	-0.02221	0.01958
164.4	-0.02211	0.01938
164.5	-0.02203	0.01934
164.6	-0.02199	0.01939
164.7	-0.02181	0.01939
164.8	-0.02164	0.01944
164.9	-0.02179	0.01963
165	-0.02181	0.01975
165.1	-0.0216	0.01968
165.2	-0.0216	0.01969
165.3	-0.02159	0.01988
165.4	-0.02131	0.01969
165.5	-0.02122	0.01985
165.6	-0.02123	0.01972
165.7	-0.02122	0.01967
165.8	-0.02125	0.0195
165.9	-0.02098	0.01959
166	-0.0209	0.0198
166.1	-0.02074	0.02001
166.2	-0.02058	0.02028
166.3	-0.02051	0.02064
166.4	-0.02036	0.02086
166.5	-0.02025	0.02091
166.6	-0.02007	0.0208
166.7	-0.02007	0.02104
166.8	-0.01981	0.02124
166.9	-0.01984	0.02136
167	-0.01959	0.02145
167.1	-0.01942	0.02133
167.2	-0.01939	0.02124
167.3	-0.01923	0.02125
167.4	-0.01915	0.02113
167.5	-0.01911	0.02115
167.6	-0.019	0.02117
167.7	-0.01911	0.02106
167.8	-0.01892	0.02102
167.9	-0.01878	0.02118
168	-0.01866	0.02124
168.1	-0.01864	0.02094
168.2	-0.0186	0.02098
168.3	-0.01864	0.02091
168.4	-0.01864	0.02075
168.5	-0.01862	0.02079
168.6	-0.0187	0.02092
168.7	-0.0187	0.02107
168.8	-0.01866	0.02099
168.9	-0.01875	0.02085
169	-0.01869	0.02096
169.1	-0.01883	0.02117
169.2	-0.01879	0.02134
169.3	-0.01856	0.02151
169.4	-0.01873	0.02136
169.5	-0.01888	0.02146
169.6	-0.01873	0.02131
169.7	-0.01876	0.02114
169.8	-0.01881	0.02091
169.9	-0.01866	0.02095
170	-0.01843	0.02117
170.1	-0.01841	0.0215
170.2	-0.01844	0.02172
170.3	-0.01843	0.02187
170.4	-0.01847	0.022
170.5	-0.01831	0.02211
170.6	-0.0182	0.02206
170.7	-0.01801	0.02207
170.8	-0.018	0.02198
170.9	-0.01799	0.02177
171	-0.01781	0.02173
171.1	-0.01779	0.02185
171.2	-0.01774	0.022
171.3	-0.01766	0.02214
171.4	-0.01748	0.02203
171.5	-0.01751	0.02207
171.6	-0.01748	0.02202
171.7	-0.01733	0.02209
171.8	-0.01712	0.022
171.9	-0.01703	0.0219
172	-0.01708	0.02184
172.1	-0.01707	0.02176
172.2	-0.01692	0.02164
172.3	-0.01682	0.02178
172.4	-0.01673	0.02187
172.5	-0.01676	0.02188
172.6	-0.01673	0.02182
172.7	-0.0166	0.02172
172.8	-0.01647	0.02173
172.9	-0.01634	0.02166
173	-0.01648	0.02172
173.1	-0.01664	0.02168
173.2	-0.01666	0.02173
173.3	-0.01658	0.02179
173.4	-0.01655	0.02173
173.5	-0.01667	0.02164
173.6	-0.01659	0.02146
173.7	-0.01632	0.02144
173.8	-0.01626	0.02154
173.9	-0.0162	0.02139
174	-0.01622	0.02137
174.1	-0.01633	0.02147
174.2	-0.01631	0.02153
174.3	-0.01637	0.02169
174.4	-0.01651	0.02178
174.5	-0.0166	0.02196
174.6	-0.0166	0.02189
174.7	-0.01636	0.02185
174.8	-0.01625	0.02191
174.9	-0.01632	0.02216
175	-0.01645	0.02233
175.1	-0.01644	0.02265
175.2	-0.01651	0.0227
175.3	-0.01669	0.0229
175.4	-0.01679	0.0228
175.5	-0.01672	0.02289
175.6	-0.01663	0.02316
175.7	-0.01661	0.02327
175.8	-0.01657	0.02333
175.9	-0.01641	0.02316
176	-0.0163	0.02311
176.1	-0.01655	0.02317
176.2	-0.01686	0.02333
176.3	-0.01697	0.0234
176.4	-0.01715	0.02352
176.5	-0.01734	0.02371
176.6	-0.0175	0.02384
176.7	-0.01763	0.02386
176.8	-0.01769	0.0239
176.9	-0.01771	0.024
177	-0.01756	0.02411
177.1	-0.01754	0.02412
177.2	-0.01768	0.02416
177.3	-0.01767	0.02385
177.4	-0.01766	0.02364
177.5	-0.01785	0.02369
177.6	-0.01761	0.02368
177.7	-0.01744	0.02381
177.8	-0.01735	0.02373
177.9	-0.01738	0.02386
178	-0.01731	0.02396
178.1	-0.01739	0.02407
178.2	-0.01763	0.02389
178.3	-0.01782	0.02397
178.4	-0.01773	0.02393
178.5	-0.01773	0.02394
178.6	-0.01797	0.02377
178.7	-0.01812	0.02377
178.8	-0.01817	0.02365
178.9	-0.01831	0.02373
179	-0.01819	0.02371
179.1	-0.01826	0.02364
179.2	-0.01839	0.02359
179.3	-0.01859	0.02339
179.4	-0.01864	0.02346
179.5	-0.01872	0.02332
179.6	-0.01891	0.02325
179.7	-0.01914	0.02329
179.8	-0.01903	0.02313
179.9	-0.01897	0.02281
180	-0.01907	0.02272
180.1	-0.01884	0.02273
180.2	-0.01869	0.02287
180.3	-0.01866	0.0229
180.4	-0.01859	0.02297
180.5	-0.01861	0.02304
180.6	-0.01886	0.02298
180.7	-0.01894	0.02283
180.8	-0.01885	0.02279
180.9	-0.01868	0.02278
181	-0.01857	0.02277
181.1	-0.0184	0.02273
181.2	-0.01864	0.02289
181.3	-0.01885	0.02288
181.4	-0.01908	0.02274
181.5	-0.01894	0.02278
181.6	-0.0187	0.02266
181.7	-0.01853	0.02267
181.8	-0.01845	0.02254
181.9	-0.01826	0.02256
182	-0.01818	0.02238
182.1	-0.01818	0.02241
182.2	-0.01827	0.02237
182.3	-0.01837	0.02216
182.4	-0.01833	0.02224
182.5	-0.01822	0.02228
182.6	-0.01813	0.0221
182.7	-0.01801	0.02206
182.8	-0.018	0.02203
182.9	-0.01807	0.02195
183	-0.01794	0.02175
183.1	-0.01771	0.02173
183.2	-0.01781	0.02176
183.3	-0.01807	0.02183
183.4	-0.01822	0.02178
183.5	-0.01814	0.02165
183.6	-0.01802	0.02145
183.7	-0.01817	0.02166
183.8	-0.01818	0.02183
183.9	-0.01791	0.02156
184	-0.01775	0.02147
184.1	-0.01778	0.02153
184.2	-0.01772	0.02159
184.3	-0.01763	0.02158
184.4	-0.01752	0.0215
184.5	-0.01767	0.02135
184.6	-0.0175	0.0215
184.7	-0.01729	0.0215
184.8	-0.01737	0.02149
184.9	-0.01724	0.02155
185	-0.0173	0.02155
185.1	-0.0171	0.02149
185.2	-0.01701	0.0216
185.3	-0.01696	0.02167
185.4	-0.01695	0.02169
185.5	-0.01678	0.02166
185.6	-0.01687	0.02177
185.7	-0.01701	0.02173
185.8	-0.01709	0.02165
185.9	-0.01711	0.02125
186	-0.01709	0.02111
186.1	-0.01711	0.02116
186.2	-0.01718	0.02117
186.3	-0.01717	0.0211
186.4	-0.01711	0.0212
186.5	-0.01717	0.02123
186.6	-0.01731	0.0214
186.7	-0.01728	0.02132
186.8	-0.01696	0.02122
186.9	-0.01666	0.02136
187	-0.01662	0.02137
187.1	-0.01664	0.02128
187.2	-0.01656	0.021
187.3	-0.01638	0.02076
187.4	-0.01628	0.02092
187.5	-0.01626	0.02099
187.6	-0.01626	0.02101
187.7	-0.01628	0.02107
187.8	-0.0162	0.02104
187.9	-0.01596	0.02095
188	-0.01588	0.02077
188.1	-0.01585	0.02062
188.2	-0.01601	0.02063
188.3	-0.01616	0.02071
188.4	-0.01611	0.02073
188.5	-0.01616	0.0208
188.6	-0.01604	0.02075
188.7	-0.01575	0.02071
188.8	-0.01554	0.0207
188.9	-0.01547	0.02078
189	-0.0156	0.02075
189.1	-0.01562	0.02067
189.2	-0.01585	0.02067
189.3	-0.01601	0.02043
189.4	-0.01616	0.02028
189.5	-0.01633	0.02008
189.6	-0.01631	0.01994
189.7	-0.01622	0.01998
189.8	-0.01626	0.01996
189.9	-0.01628	0.02
190	-0.01616	0.01998
190.1	-0.01604	0.01989
190.2	-0.01588	0.02006
190.3	-0.0161	0.02019
190.4	-0.01611	0.02008
190.5	-0.01612	0.01985
190.6	-0.01615	0.01989
190.7	-0.01619	0.0198
190.8	-0.01615	0.0196
190.9	-0.01616	0.01962
191	-0.01613	0.0196
191.1	-0.0164	0.01936
191.2	-0.01646	0.01896
191.3	-0.01646	0.01901
191.4	-0.01626	0.01902
191.5	-0.01637	0.01883
191.6	-0.0165	0.01891
191.7	-0.01638	0.01909
191.8	-0.01644	0.01914
191.9	-0.01635	0.01895
192	-0.01638	0.01918
192.1	-0.01638	0.01916
192.2	-0.01617	0.01898
192.3	-0.01615	0.01875
192.4	-0.01614	0.01858
192.5	-0.01596	0.0186
192.6	-0.01583	0.01888
192.7	-0.01563	0.01913
192.8	-0.01562	0.01911
192.9	-0.01552	0.01898
193	-0.01557	0.01901
193.1	-0.0154	0.01908
193.2	-0.01523	0.01905
193.3	-0.0153	0.0191
193.4	-0.01516	0.01911
193.5	-0.01503	0.01924
193.6	-0.01503	0.01932
193.7	-0.0152	0.01922
193.8	-0.01511	0.01891
193.9	-0.01512	0.01888
194	-0.01506	0.01892
194.1	-0.01524	0.01898
194.2	-0.01521	0.01908
194.3	-0.01509	0.01919
194.4	-0.01494	0.01917
194.5	-0.015	0.01903
194.6	-0.01509	0.01904
194.7	-0.01501	0.0191
194.8	-0.01497	0.01907
194.9	-0.0149	0.019
195	-0.0149	0.01885
195.1	-0.01507	0.01892
195.2	-0.01514	0.01896
195.3	-0.01518	0.01905
195.4	-0.01534	0.01919
195.5	-0.01526	0.01914
195.6	-0.01537	0.01909
195.7	-0.01551	0.01914
195.8	-0.01552	0.019
195.9	-0.01566	0.01912
196	-0.01569	0.019
196.1	-0.01567	0.01911
196.2	-0.01587	0.01912
196.3	-0.01581	0.01908
196.4	-0.01571	0.01912
196.5	-0.01575	0.01929
196.6	-0.01566	0.0195
196.7	-0.01578	0.01964
196.8	-0.01575	0.01968
196.9	-0.01568	0.0197
197	-0.01601	0.01939
197.1	-0.01616	0.01918
197.2	-0.01619	0.01876
197.3	-0.01626	0.01853
197.4	-0.01621	0.01871
197.5	-0.01648	0.01872
197.6	-0.01656	0.0186
197.7	-0.01652	0.01872
197.8	-0.01668	0.01881
197.9	-0.01674	0.01905
198	-0.01659	0.01902
198.1	-0.01645	0.01904
198.2	-0.0164	0.01903
198.3	-0.0163	0.01894
198.4	-0.0163	0.0188
198.5	-0.01627	0.01884
198.6	-0.01622	0.01894
198.7	-0.0164	0.0189
198.8	-0.01665	0.01881
198.9	-0.0166	0.01889
199	-0.0167	0.01886
199.1	-0.01672	0.01871
199.2	-0.0169	0.01861
199.3	-0.017	0.0185
199.4	-0.01711	0.01867
199.5	-0.01741	0.01872
199.6	-0.01752	0.01872
199.7	-0.01767	0.0186
199.8	-0.01744	0.0185
199.9	-0.01735	0.01842
200	-0.0173	0.01843
200.1	-0.01706	0.01844
200.2	-0.01706	0.01824
200.3	-0.01731	0.01823
200.4	-0.01733	0.01818
200.5	-0.01736	0.01851
200.6	-0.01736	0.0186
200.7	-0.01766	0.0186
200.8	-0.01766	0.01864
200.9	-0.01785	0.01879
201	-0.01797	0.01863
201.1	-0.01814	0.01853
201.2	-0.01817	0.01829
201.3	-0.01837	0.01832
201.4	-0.01843	0.01831
201.5	-0.01831	0.01839
201.6	-0.01825	0.01843
201.7	-0.01825	0.01864
201.8	-0.01807	0.01872
201.9	-0.01812	0.01866
202	-0.01795	0.01872
202.1	-0.0179	0.01864
202.2	-0.01792	0.01856
202.3	-0.01795	0.01863
202.4	-0.01772	0.01856
202.5	-0.01778	0.01869
202.6	-0.01773	0.01886
202.7	-0.01781	0.01889
202.8	-0.01797	0.01888
202.9	-0.01805	0.01891
203	-0.0183	0.01903
203.1	-0.01824	0.01912
203.2	-0.01811	0.0191
203.3	-0.01817	0.01916
203.4	-0.01797	0.01919
203.5	-0.01792	0.01924
203.6	-0.01801	0.01929
203.7	-0.01794	0.0193
203.8	-0.01751	0.01923
203.9	-0.01716	0.01916
204	-0.01731	0.01922
204.1	-0.01725	0.01918
204.2	-0.0171	0.01922
204.3	-0.01669	0.01883
204.4	-0.01671	0.01886
204.5	-0.0169	0.01894
204.6	-0.01675	0.01891
204.7	-0.01674	0.01881
204.8	-0.01674	0.01873
204.9	-0.01674	0.01867
205	-0.01661	0.0187
205.1	-0.01638	0.0187
205.2	-0.01652	0.01869
205.3	-0.01653	0.01864
205.4	-0.01644	0.01857
205.5	-0.01642	0.01875
205.6	-0.01632	0.0189
205.7	-0.01608	0.01877
205.8	-0.01598	0.01865
205.9	-0.01594	0.01854
206	-0.01596	0.01863
206.1	-0.01602	0.01861
206.2	-0.0162	0.01876
206.3	-0.01627	0.0186
206.4	-0.01627	0.01867
206.5	-0.01623	0.01866
206.6	-0.01619	0.01866
206.7	-0.01604	0.01868
206.8	-0.01577	0.01871
206.9	-0.01573	0.01876
207	-0.01584	0.01884
207.1	-0.01593	0.01884
207.2	-0.01581	0.01864
207.3	-0.01577	0.01857
207.4	-0.01565	0.0185
207.5	-0.01557	0.01833
207.6	-0.01541	0.01838
207.7	-0.01543	0.01837
207.8	-0.01553	0.01828
207.9	-0.01559	0.01805
208	-0.01566	0.01784
208.1	-0.0157	0.01794
208.2	-0.01556	0.01795
208.3	-0.01541	0.0179
208.4	-0.01523	0.01811
208.5	-0.01538	0.0183
208.6	-0.01532	0.01829
208.7	-0.01532	0.01827
208.8	-0.01537	0.01825
208.9	-0.01546	0.01824
209	-0.0155	0.01832
209.1	-0.0156	0.01838
209.2	-0.01565	0.01848
209.3	-0.01568	0.01866
209.4	-0.01563	0.01883
209.5	-0.01566	0.01905
209.6	-0.01564	0.01906
209.7	-0.01552	0.0192
209.8	-0.01558	0.01918
209.9	-0.01561	0.0192
210	-0.01582	0.01922
210.1	-0.01594	0.01922
210.2	-0.01599	0.01915
210.3	-0.01597	0.01918
210.4	-0.01594	0.01923
210.5	-0.01586	0.0192
210.6	-0.01572	0.0192
210.7	-0.01551	0.01912
210.8	-0.01548	0.01908
210.9	-0.01562	0.01877
211	-0.01573	0.0189
211.1	-0.01578	0.01915
211.2	-0.01581	0.01923
211.3	-0.0158	0.01922
211.4	-0.01576	0.0193
211.5	-0.01569	0.01943
211.6	-0.01559	0.01949
211.7	-0.01556	0.01951
211.8	-0.01568	0.01947
211.9	-0.01552	0.01951
212	-0.01545	0.01954
212.1	-0.01541	0.01967
212.2	-0.01515	0.01968
212.3	-0.01537	0.01969
212.4	-0.01558	0.01976
212.5	-0.01568	0.01984
212.6	-0.01559	0.01997
212.7	-0.0155	0.02013
212.8	-0.01554	0.02001
212.9	-0.01546	0.02001
213	-0.01533	0.02006
213.1	-0.01544	0.02
213.2	-0.01546	0.02004
213.3	-0.01552	0.02
213.4	-0.01548	0.02004
213.5	-0.01526	0.01997
213.6	-0.01509	0.0202
213.7	-0.01506	0.02019
213.8	-0.01507	0.02015
213.9	-0.0151	0.02021
214	-0.01522	0.02054
214.1	-0.01518	0.02089
214.2	-0.01506	0.02099
214.3	-0.0151	0.02108
214.4	-0.01543	0.02108
214.5	-0.0155	0.02097
214.6	-0.01548	0.02093
214.7	-0.01555	0.02099
214.8	-0.0156	0.02115
214.9	-0.01568	0.02132
215	-0.01572	0.02125
215.1	-0.01573	0.0213
215.2	-0.01569	0.02124
215.3	-0.0156	0.0213
215.4	-0.01558	0.02135
215.5	-0.01561	0.02138
215.6	-0.01562	0.02163
215.7	-0.01542	0.0216
215.8	-0.01513	0.0218
215.9	-0.01502	0.0221
216	-0.01507	0.02206
216.1	-0.01505	0.02209
216.2	-0.01485	0.02216
216.3	-0.01472	0.02226
216.4	-0.01474	0.0225
216.5	-0.01474	0.02264
216.6	-0.01489	0.02252
216.7	-0.01478	0.02259
216.8	-0.01475	0.02259
216.9	-0.01452	0.02258
217	-0.01438	0.02254
217.1	-0.01419	0.0226
217.2	-0.01393	0.02249
217.3	-0.01386	0.02252
217.4	-0.01388	0.02246
217.5	-0.01393	0.02252
217.6	-0.01406	0.02253
217.7	-0.01404	0.02281
217.8	-0.01401	0.02296
217.9	-0.01412	0.023
218	-0.01416	0.02299
218.1	-0.01395	0.02299
218.2	-0.01371	0.02306
218.3	-0.01364	0.02323
218.4	-0.01361	0.02337
218.5	-0.01383	0.0234
218.6	-0.0139	0.02337
218.7	-0.01387	0.02335
218.8	-0.0137	0.02352
218.9	-0.01364	0.02355
219	-0.01337	0.02361
219.1	-0.01321	0.02355
219.2	-0.01304	0.02354
219.3	-0.01296	0.02339
219.4	-0.01302	0.02334
219.5	-0.01323	0.02335
219.6	-0.0133	0.02324
219.7	-0.01329	0.02312
219.8	-0.01325	0.02314
219.9	-0.01305	0.02311
220	-0.01297	0.02316
220.1	-0.01283	0.02318
220.2	-0.01282	0.02312
220.3	-0.01261	0.02297
220.4	-0.01264	0.02302
220.5	-0.01256	0.0232
220.6	-0.01263	0.02314
220.7	-0.01261	0.02285
220.8	-0.01261	0.02303
220.9	-0.01276	0.02313
221	-0.01296	0.02316
221.1	-0.01279	0.02326
221.2	-0.01261	0.02334
221.3	-0.01268	0.02322
221.4	-0.01275	0.02329
221.5	-0.0126	0.02325
221.6	-0.01266	0.02342
221.7	-0.0127	0.0233
221.8	-0.01282	0.02319
221.9	-0.01276	0.02326
222	-0.0125	0.02335
222.1	-0.01237	0.02331
222.2	-0.01249	0.02314
222.3	-0.0125	0.02314
222.4	-0.01248	0.02319
222.5	-0.01262	0.02324
222.6	-0.01266	0.02334
222.7	-0.01298	0.02324
222.8	-0.01319	0.02332
222.9	-0.01311	0.02336
223	-0.01325	0.02352
223.1	-0.01344	0.02383
223.2	-0.01338	0.02401
223.3	-0.01303	0.02397
223.4	-0.013	0.02367
223.5	-0.01309	0.02351
223.6	-0.01318	0.02352
223.7	-0.0133	0.02348
223.8	-0.01333	0.02374
223.9	-0.01364	0.02382
224	-0.0139	0.02366
224.1	-0.01398	0.02388
224.2	-0.01396	0.02385
224.3	-0.01386	0.0239
224.4	-0.01404	0.0238
224.5	-0.01403	0.02372
224.6	-0.01413	0.02371
224.7	-0.01425	0.02376
224.8	-0.01399	0.02395
224.9	-0.01394	0.02403
225	-0.01386	0.02393
225.1	-0.01395	0.02416
225.2	-0.01388	0.02416
225.3	-0.014	0.02414
225.4	-0.01442	0.02428
225.5	-0.01467	0.02437
225.6	-0.01468	0.02452
225.7	-0.01458	0.02447
225.8	-0.01477	0.02454
225.9	-0.01472	0.0245
226	-0.01455	0.02432
226.1	-0.01441	0.0244
226.2	-0.01439	0.0245
226.3	-0.01431	0.02459
226.4	-0.01409	0.02472
226.5	-0.01404	0.02468
226.6	-0.01417	0.02465
226.7	-0.01409	0.0246
226.8	-0.01391	0.02465
226.9	-0.01367	0.02476
227	-0.01365	0.02478
227.1	-0.01365	0.02497
227.2	-0.01359	0.02496
227.3	-0.01342	0.02499
227.4	-0.01338	0.02492
227.5	-0.01308	0.0251
227.6	-0.01302	0.02536
227.7	-0.01305	0.02535
227.8	-0.01316	0.02569
227.9	-0.01306	0.02566
228	-0.01329	0.02558
228.1	-0.01337	0.02572
228.2	-0.01345	0.02566
228.3	-0.01319	0.02557
228.4	-0.01312	0.02558
228.5	-0.01307	0.02561
228.6	-0.01332	0.0255
228.7	-0.01354	0.02544
228.8	-0.01335	0.02563
228.9	-0.01332	0.02562
229	-0.0133	0.02575
229.1	-0.01341	0.02557
229.2	-0.01338	0.02536
229.3	-0.01329	0.02548
229.4	-0.01335	0.02546
229.5	-0.01322	0.02529
229.6	-0.01321	0.02531
229.7	-0.01322	0.02539
229.8	-0.01314	0.02549
229.9	-0.01316	0.0255
230	-0.01334	0.02539
230.1	-0.01348	0.0254
230.2	-0.01371	0.02554
230.3	-0.01362	0.02552
230.4	-0.01381	0.0255
230.5	-0.014	0.02546
230.6	-0.01414	0.0254
230.7	-0.01436	0.02535
230.8	-0.01448	0.02537
230.9	-0.01446	0.0254
231	-0.01442	0.02549
231.1	-0.0143	0.02568
231.2	-0.0142	0.02567
231.3	-0.01414	0.02547
231.4	-0.01418	0.02544
231.5	-0.01402	0.02566
231.6	-0.01377	0.02582
231.7	-0.01395	0.02592
231.8	-0.01427	0.02619
231.9	-0.01431	0.02618
232	-0.01428	0.02611
232.1	-0.01439	0.02613
232.2	-0.0146	0.02603
232.3	-0.01461	0.0259
232.4	-0.01465	0.02596
232.5	-0.01477	0.02611
232.6	-0.01478	0.02616
232.7	-0.01477	0.02625
232.8	-0.01483	0.02602
232.9	-0.01499	0.02588
233	-0.01504	0.02593
233.1	-0.01503	0.02587
233.2	-0.01483	0.02601
233.3	-0.01472	0.02628
233.4	-0.01461	0.02629
233.5	-0.01477	0.02614
233.6	-0.01503	0.02605
233.7	-0.01514	0.02595
233.8	-0.01517	0.02585
233.9	-0.01514	0.02579
234	-0.01516	0.02566
234.1	-0.01516	0.02544
234.2	-0.01514	0.02526
234.3	-0.01502	0.02509
234.4	-0.01504	0.02506
234.5	-0.01525	0.02476
234.6	-0.01513	0.02478
234.7	-0.01511	0.02478
234.8	-0.01507	0.02462
234.9	-0.01488	0.0243
235	-0.01485	0.02433
235.1	-0.01484	0.02427
235.2	-0.01486	0.02428
235.3	-0.01482	0.02429
235.4	-0.01484	0.02409
235.5	-0.01494	0.02394
235.6	-0.01504	0.02406
235.7	-0.01507	0.02418
235.8	-0.01529	0.024
235.9	-0.01522	0.0239
236	-0.01496	0.02395
236.1	-0.01479	0.0241
236.2	-0.01484	0.02428
236.3	-0.01485	0.02428
236.4	-0.01485	0.02446
236.5	-0.01498	0.02458
236.6	-0.01486	0.02455
236.7	-0.01474	0.02464
236.8	-0.01477	0.02471
236.9	-0.0149	0.02462
237	-0.01497	0.0246
237.1	-0.01486	0.02467
237.2	-0.01486	0.02467
237.3	-0.01484	0.02461
237.4	-0.01483	0.02462
237.5	-0.01484	0.02473
237.6	-0.01474	0.02471
237.7	-0.01474	0.02464
237.8	-0.01473	0.02449
237.9	-0.01476	0.02442
238	-0.01483	0.02443
238.1	-0.01483	0.02458
238.2	-0.01479	0.02483
238.3	-0.01469	0.0248
238.4	-0.01472	0.02471
238.5	-0.01459	0.02479
238.6	-0.01457	0.02479
238.7	-0.01473	0.02471
238.8	-0.01473	0.02472
238.9	-0.01438	0.02492
239	-0.01408	0.0249
239.1	-0.01364	0.02486
239.2	-0.01363	0.02487
239.3	-0.01355	0.02481
239.4	-0.01358	0.02465
239.5	-0.01357	0.02457
239.6	-0.01341	0.02458
239.7	-0.01352	0.02448
239.8	-0.01366	0.02446
239.9	-0.01376	0.02442
240	-0.01371	0.02436
240.1	-0.01367	0.02424
240.2	-0.0136	0.02429
240.3	-0.01329	0.0244
240.4	-0.01324	0.02451
240.5	-0.01325	0.02443
240.6	-0.01305	0.02425
240.7	-0.0129	0.02421
240.8	-0.01275	0.0241
240.9	-0.01272	0.02393
241	-0.01266	0.02408
241.1	-0.0126	0.02399
241.2	-0.01248	0.02376
241.3	-0.01251	0.02383
241.4	-0.01245	0.02368
241.5	-0.01247	0.02356
241.6	-0.01245	0.02341
241.7	-0.01237	0.02346
241.8	-0.01217	0.02325
241.9	-0.01225	0.02319
242	-0.01244	0.02322
242.1	-0.01261	0.02316
242.2	-0.01259	0.0231
242.3	-0.01235	0.02302
242.4	-0.01232	0.02318
242.5	-0.01214	0.02342
242.6	-0.012	0.02351
242.7	-0.01195	0.02349
242.8	-0.012	0.02345
242.9	-0.012	0.02328
243	-0.01205	0.02315
243.1	-0.01223	0.02314
243.2	-0.0123	0.0233
243.3	-0.01215	0.02351
243.4	-0.0119	0.0235
243.5	-0.01198	0.02348
243.6	-0.01198	0.02353
243.7	-0.01185	0.02353
243.8	-0.01204	0.02362
243.9	-0.01213	0.02352
244	-0.01229	0.02339
244.1	-0.01232	0.02331
244.2	-0.01204	0.02344
244.3	-0.01187	0.02356
244.4	-0.01208	0.02366
244.5	-0.01208	0.02366
244.6	-0.01212	0.02353
244.7	-0.01215	0.02328
244.8	-0.01238	0.02329
244.9	-0.01262	0.02346
245	-0.01293	0.02356
245.1	-0.01294	0.02353
245.2	-0.01294	0.02354
245.3	-0.01284	0.02356
245.4	-0.01301	0.02343
245.5	-0.01298	0.0234
245.6	-0.01303	0.02334
245.7	-0.01306	0.02332
245.8	-0.01316	0.02333
245.9	-0.01338	0.02337
246	-0.01345	0.02339
246.1	-0.01326	0.02348
246.2	-0.01321	0.02342
246.3	-0.01328	0.02346
246.4	-0.01331	0.02346
246.5	-0.01328	0.02351
246.6	-0.01342	0.02362
246.7	-0.01343	0.0236
246.8	-0.01348	0.02347
246.9	-0.01354	0.02352
247	-0.01358	0.02358
247.1	-0.01349	0.02368
247.2	-0.01346	0.02379
247.3	-0.01338	0.02383
247.4	-0.01355	0.02386
247.5	-0.01357	0.02388
247.6	-0.01352	0.02414
247.7	-0.01351	0.02438
247.8	-0.0135	0.02454
247.9	-0.01349	0.0245
248	-0.01349	0.02446
248.1	-0.01357	0.02444
248.2	-0.01351	0.02444
248.3	-0.01362	0.02427
248.4	-0.01371	0.02423
248.5	-0.01395	0.0243
248.6	-0.01381	0.02425
248.7	-0.01374	0.02433
248.8	-0.01387	0.02442
248.9	-0.01395	0.02444
249	-0.01405	0.02434
249.1	-0.01406	0.02451
249.2	-0.01408	0.02445
249.3	-0.01401	0.0243
249.4	-0.01402	0.02432
249.5	-0.01404	0.02436
249.6	-0.01386	0.02462
249.7	-0.01386	0.02463
249.8	-0.01401	0.02459
249.9	-0.01423	0.02474
250	-0.01415	0.02493
250.1	-0.01417	0.02506
250.2	-0.01432	0.02509
250.3	-0.01414	0.02519
250.4	-0.01398	0.02542
250.5	-0.01379	0.02533
250.6	-0.0135	0.02542
250.7	-0.01327	0.02557
250.8	-0.01323	0.02578
250.9	-0.01302	0.02578
251	-0.01316	0.02578
251.1	-0.01321	0.02574
251.2	-0.01322	0.0257
251.3	-0.01298	0.02576
251.4	-0.01299	0.02567
251.5	-0.01305	0.02578
251.6	-0.01336	0.0258
251.7	-0.01367	0.02583
251.8	-0.01402	0.02556
251.9	-0.0142	0.02517
252	-0.01425	0.02512
252.1	-0.01432	0.02496
252.2	-0.01466	0.0246
252.3	-0.01457	0.02462
252.4	-0.01448	0.02459
252.5	-0.01457	0.02468
252.6	-0.01449	0.02462
252.7	-0.01469	0.02456
252.8	-0.01483	0.02474
252.9	-0.01497	0.02468
253	-0.01506	0.02483
253.1	-0.01471	0.02506
253.2	-0.01454	0.02512
253.3	-0.01463	0.02536
253.4	-0.01424	0.02549
253.5	-0.01386	0.02541
253.6	-0.01359	0.02574
253.7	-0.01343	0.026
253.8	-0.01343	0.02602
253.9	-0.01317	0.02607
254	-0.01319	0.02627
254.1	-0.01309	0.0263
254.2	-0.01326	0.02644
254.3	-0.01325	0.0266
254.4	-0.01333	0.02666
254.5	-0.01324	0.02671
254.6	-0.01331	0.02675
254.7	-0.01321	0.02698
254.8	-0.01311	0.02699
254.9	-0.01317	0.02712
255	-0.01324	0.02698
255.1	-0.01309	0.02692
255.2	-0.01296	0.02687
255.3	-0.01292	0.02677
255.4	-0.01293	0.02676
255.5	-0.0129	0.02697
255.6	-0.01299	0.02714
255.7	-0.01293	0.02724
255.8	-0.01284	0.02746
255.9	-0.01275	0.0276
256	-0.01282	0.02775
256.1	-0.01294	0.02776
256.2	-0.01286	0.028
256.3	-0.01296	0.02793
256.4	-0.01297	0.02793
256.5	-0.01302	0.02801
256.6	-0.01317	0.02842
256.7	-0.01312	0.02876
256.8	-0.01319	0.0287
256.9	-0.0132	0.02879
257	-0.01317	0.02849
257.1	-0.01285	0.0284
257.2	-0.01305	0.02844
257.3	-0.01307	0.02841
257.4	-0.01306	0.02833
257.5	-0.01319	0.02847
257.6	-0.01314	0.02859
257.7	-0.01298	0.0286
257.8	-0.01282	0.02862
257.9	-0.01279	0.02862
258	-0.01271	0.02874
258.1	-0.01268	0.02881
258.2	-0.01253	0.02881
258.3	-0.01238	0.02868
258.4	-0.01226	0.02858
258.5	-0.01234	0.02849
258.6	-0.01229	0.02842
258.7	-0.01216	0.02852
258.8	-0.0121	0.02859
258.9	-0.01186	0.0286
259	-0.01205	0.02866
259.1	-0.01227	0.02849
259.2	-0.01219	0.02832
259.3	-0.01231	0.02833
259.4	-0.01229	0.0284
259.5	-0.01231	0.02855
259.6	-0.0123	0.02857
259.7	-0.01219	0.02856
259.8	-0.01215	0.02875
259.9	-0.01209	0.02903
260	-0.01222	0.02924
260.1	-0.01237	0.02921
260.2	-0.01244	0.02926
260.3	-0.01244	0.02929
260.4	-0.01238	0.02926
260.5	-0.01242	0.02927
260.6	-0.01238	0.02925
260.7	-0.01236	0.02926
260.8	-0.01236	0.02929
260.9	-0.0124	0.02944
261	-0.01261	0.0294
261.1	-0.01259	0.02935
261.2	-0.01258	0.02907
261.3	-0.01252	0.02902
261.4	-0.0124	0.02902
261.5	-0.01235	0.029
261.6	-0.01242	0.02892
261.7	-0.01242	0.02874
261.8	-0.01239	0.02848
261.9	-0.01238	0.02822
262	-0.01225	0.02814
262.1	-0.01232	0.02795
262.2	-0.0121	0.02793
262.3	-0.01203	0.02781
262.4	-0.01167	0.028
262.5	-0.01132	0.02788
262.6	-0.01135	0.02783
262.7	-0.01162	0.02787
262.8	-0.01156	0.02799
262.9	-0.01154	0.02793
263	-0.0115	0.02779
263.1	-0.01134	0.0278
263.2	-0.01131	0.02778
263.3	-0.01118	0.02783
263.4	-0.0113	0.02816
263.5	-0.01138	0.02812
263.6	-0.01125	0.02831
263.7	-0.01131	0.02846
263.8	-0.01127	0.0285
263.9	-0.01129	0.02845
264	-0.01123	0.02862
264.1	-0.01121	0.02882
264.2	-0.01139	0.02876
264.3	-0.01152	0.02877
264.4	-0.01152	0.02889
264.5	-0.01148	0.02899
264.6	-0.01162	0.02893
264.7	-0.01152	0.02886
264.8	-0.01123	0.02886
264.9	-0.01108	0.02898
265	-0.01107	0.02893
265.1	-0.01114	0.02898
265.2	-0.01109	0.02902
265.3	-0.01111	0.02901
265.4	-0.01108	0.02884
265.5	-0.01093	0.02876
265.6	-0.0108	0.02849
265.7	-0.0109	0.0283
265.8	-0.01107	0.02835
265.9	-0.01083	0.02827
266	-0.01061	0.02821
266.1	-0.01057	0.02864
266.2	-0.01057	0.02876
266.3	-0.01061	0.02888
266.4	-0.01086	0.02902
266.5	-0.01075	0.02914
266.6	-0.01059	0.02931
266.7	-0.0103	0.02916
266.8	-0.00987	0.02892
266.9	-0.0098	0.02886
267	-0.00963	0.02881
267.1	-0.00925	0.0289
267.2	-0.00902	0.02883
267.3	-0.00899	0.02877
267.4	-0.00894	0.02854
267.5	-0.00898	0.02879
267.6	-0.00906	0.02911
267.7	-0.009	0.02916
267.8	-0.00902	0.02913
267.9	-0.00906	0.02912
268	-0.00909	0.02922
268.1	-0.00917	0.02909
268.2	-0.00915	0.02917
268.3	-0.00919	0.02913
268.4	-0.00911	0.02897
268.5	-0.00911	0.02892
268.6	-0.0092	0.02912
268.7	-0.0093	0.02911
268.8	-0.00927	0.02897
268.9	-0.00922	0.029
269	-0.00933	0.02902
269.1	-0.00928	0.02892
269.2	-0.00933	0.02879
269.3	-0.00966	0.0286
269.4	-0.00998	0.02862
269.5	-0.01013	0.02869
269.6	-0.00999	0.02866
269.7	-0.01	0.02876
269.8	-0.01024	0.02882
269.9	-0.01068	0.02876
270	-0.01086	0.02866
270.1	-0.01093	0.02871
270.2	-0.0109	0.02879
270.3	-0.01091	0.02902
270.4	-0.01092	0.02892
270.5	-0.01101	0.02886
270.6	-0.01094	0.02885
270.7	-0.01101	0.02895
270.8	-0.01107	0.02902
270.9	-0.01086	0.02907
271	-0.0109	0.02903
271.1	-0.01095	0.02902
271.2	-0.01095	0.02872
271.3	-0.01101	0.02864
271.4	-0.01105	0.02867
271.5	-0.0112	0.02871
271.6	-0.01128	0.02884
271.7	-0.01118	0.02886
271.8	-0.0112	0.02889
271.9	-0.01118	0.02916
272	-0.01118	0.02947
272.1	-0.0111	0.02964
272.2	-0.01109	0.02975
272.3	-0.01122	0.02995
272.4	-0.01121	0.03007
272.5	-0.01152	0.03006
272.6	-0.01162	0.03012
272.7	-0.01175	0.03028
272.8	-0.01196	0.03043
272.9	-0.01204	0.03054
273	-0.01229	0.03049
273.1	-0.01248	0.03023
273.2	-0.01271	0.03016
273.3	-0.01286	0.03011
273.4	-0.01273	0.02999
273.5	-0.01294	0.02994
273.6	-0.01254	0.02988
273.7	-0.01253	0.02977
273.8	-0.01265	0.02972
273.9	-0.01267	0.02979
274	-0.0127	0.02979
274.1	-0.01273	0.02977
274.2	-0.01278	0.02963
274.3	-0.01271	0.02954
274.4	-0.01256	0.02964
274.5	-0.01272	0.02956
274.6	-0.01274	0.02957
274.7	-0.01289	0.02961
274.8	-0.01293	0.02962
274.9	-0.01325	0.0295
275	-0.01354	0.0295
275.1	-0.01369	0.02953
275.2	-0.01395	0.02957
275.3	-0.01404	0.02962
275.4	-0.01412	0.02968
275.5	-0.01424	0.02975
275.6	-0.01423	0.02996
275.7	-0.01425	0.03003
275.8	-0.01435	0.03027
275.9	-0.01443	0.03025
276	-0.01456	0.03026
276.1	-0.01462	0.03033
276.2	-0.01468	0.03051
276.3	-0.0148	0.03062
276.4	-0.01498	0.03067
276.5	-0.0151	0.03056
276.6	-0.01517	0.03056
276.7	-0.01541	0.03096
276.8	-0.01565	0.03122
276.9	-0.01584	0.03137
277	-0.0159	0.03136
277.1	-0.01594	0.03132
277.2	-0.01586	0.03128
277.3	-0.01577	0.03128
277.4	-0.01562	0.03149
277.5	-0.01557	0.03156
277.6	-0.01552	0.03161
277.7	-0.01544	0.0316
277.8	-0.01509	0.03159
277.9	-0.01503	0.03148
278	-0.01496	0.03155
278.1	-0.01472	0.03153
278.2	-0.01452	0.03159
278.3	-0.01446	0.03159
278.4	-0.01451	0.03133
278.5	-0.01448	0.0311
278.6	-0.01449	0.03116
278.7	-0.01446	0.03101
278.8	-0.0146	0.03121
278.9	-0.01476	0.03147
279	-0.01477	0.03157
279.1	-0.01463	0.03157
279.2	-0.0146	0.03162
279.3	-0.01453	0.03161
279.4	-0.01469	0.03158
279.5	-0.01487	0.03165
279.6	-0.01503	0.0317
279.7	-0.01513	0.03175
279.8	-0.01508	0.03184
279.9	-0.01524	0.0318
280	-0.01572	0.03168
280.1	-0.0159	0.03177
280.2	-0.0161	0.03169
280.3	-0.01642	0.03162
280.4	-0.01651	0.03163
280.5	-0.01636	0.03192
280.6	-0.01633	0.03209
280.7	-0.01637	0.03219
280.8	-0.01638	0.03228
280.9	-0.01633	0.03249
281	-0.01634	0.03257
281.1	-0.01636	0.03273
281.2	-0.01645	0.03277
281.3	-0.01646	0.0328
281.4	-0.01644	0.03306
281.5	-0.01663	0.03305
281.6	-0.01689	0.03308
281.7	-0.01721	0.03322
281.8	-0.01736	0.03348
281.9	-0.01732	0.03351
282	-0.01745	0.03346
282.1	-0.01753	0.03333
282.2	-0.01757	0.0332
282.3	-0.0177	0.03309
282.4	-0.01788	0.03309
282.5	-0.01803	0.03307
282.6	-0.01799	0.03292
282.7	-0.01781	0.0328
282.8	-0.01779	0.03291
282.9	-0.01771	0.03311
283	-0.01765	0.03324
283.1	-0.01764	0.03318
283.2	-0.01766	0.03316
283.3	-0.01769	0.03308
283.4	-0.01775	0.03289
283.5	-0.01767	0.03292
283.6	-0.01788	0.03278
283.7	-0.01803	0.03255
283.8	-0.01809	0.03258
283.9	-0.01803	0.03253
284	-0.01778	0.0325
284.1	-0.01761	0.03242
284.2	-0.01786	0.0325
284.3	-0.018	0.03253
284.4	-0.01801	0.0325
284.5	-0.01827	0.03246
284.6	-0.01836	0.03242
284.7	-0.01834	0.03249
284.8	-0.01855	0.03252
284.9	-0.01859	0.0325
285	-0.01849	0.03251
285.1	-0.01844	0.03252
285.2	-0.01828	0.03256
285.3	-0.0183	0.03259
285.4	-0.01829	0.03255
285.5	-0.01831	0.03269
285.6	-0.01832	0.03278
285.7	-0.01833	0.03281
285.8	-0.01831	0.03296
285.9	-0.01835	0.03296
286	-0.01832	0.03282
286.1	-0.01837	0.03291
286.2	-0.01841	0.03289
286.3	-0.01876	0.03286
286.4	-0.01896	0.03291
286.5	-0.01912	0.03289
286.6	-0.0191	0.03303
286.7	-0.01912	0.03334
286.8	-0.0192	0.03365
286.9	-0.01924	0.03361
287	-0.01949	0.03359
287.1	-0.0197	0.03375
287.2	-0.01983	0.03395
287.3	-0.0197	0.03368
287.4	-0.01984	0.0338
287.5	-0.0199	0.03397
287.6	-0.01999	0.03385
287.7	-0.02002	0.03385
287.8	-0.02013	0.03387
287.9	-0.02018	0.03384
288	-0.0202	0.03384
288.1	-0.02015	0.03383
288.2	-0.02015	0.03394
288.3	-0.02014	0.03388
288.4	-0.02003	0.03381
288.5	-0.01997	0.03352
288.6	-0.02002	0.03334
288.7	-0.02011	0.03336
288.8	-0.02013	0.03334
288.9	-0.02011	0.0333
289	-0.02013	0.03334
289.1	-0.02009	0.03329
289.2	-0.0199	0.03308
289.3	-0.01989	0.03291
289.4	-0.01991	0.03309
289.5	-0.01994	0.03317
289.6	-0.02005	0.03316
289.7	-0.0202	0.03301
289.8	-0.02045	0.0328
289.9	-0.02052	0.03276
290	-0.02059	0.03272
290.1	-0.02048	0.03277
290.2	-0.02052	0.03273
290.3	-0.02061	0.03274
290.4	-0.0205	0.0327
290.5	-0.02047	0.03275
290.6	-0.02018	0.0329
290.7	-0.0202	0.03309
290.8	-0.02027	0.03306
290.9	-0.02041	0.03312
291	-0.02044	0.03313
291.1	-0.02039	0.03294
291.2	-0.02024	0.03298
291.3	-0.02029	0.03307
291.4	-0.02039	0.03311
291.5	-0.02047	0.03316
291.6	-0.02058	0.03336
291.7	-0.02035	0.03319
291.8	-0.02055	0.03348
291.9	-0.0208	0.03344
292	-0.02083	0.03346
292.1	-0.02063	0.03374
292.2	-0.02062	0.03385
292.3	-0.02063	0.03368
292.4	-0.02049	0.03355
292.5	-0.02028	0.03356
292.6	-0.02018	0.03361
292.7	-0.02011	0.03363
292.8	-0.02018	0.03356
292.9	-0.02016	0.03357
293	-0.02014	0.03354
293.1	-0.02018	0.03367
293.2	-0.02012	0.03338
293.3	-0.01992	0.0333
293.4	-0.01985	0.03334
293.5	-0.01993	0.03319
293.6	-0.0201	0.03325
293.7	-0.01994	0.03353
293.8	-0.0199	0.03376
293.9	-0.01991	0.03374
294	-0.02017	0.03384
294.1	-0.0203	0.0338
294.2	-0.02045	0.03371
294.3	-0.02061	0.03373
294.4	-0.02083	0.03391
294.5	-0.02082	0.03399
294.6	-0.02085	0.03392
294.7	-0.02107	0.03369
294.8	-0.02115	0.03374
294.9	-0.02116	0.0337
295	-0.02126	0.03372
295.1	-0.02155	0.03391
295.2	-0.02173	0.03395
295.3	-0.02202	0.034
295.4	-0.02206	0.03429
295.5	-0.02217	0.03437
295.6	-0.02228	0.0343
295.7	-0.02227	0.03427
295.8	-0.02225	0.03433
295.9	-0.02224	0.0343
296	-0.02228	0.03431
296.1	-0.02225	0.03427
296.2	-0.02259	0.03423
296.3	-0.02261	0.03426
296.4	-0.02257	0.03432
296.5	-0.02255	0.03438
296.6	-0.02245	0.03444
296.7	-0.02248	0.03448
296.8	-0.02271	0.03438
296.9	-0.02272	0.03436
297	-0.02283	0.03437
297.1	-0.02279	0.03437
297.2	-0.02255	0.03447
297.3	-0.02286	0.03465
297.4	-0.02301	0.03479
297.5	-0.0229	0.03488
297.6	-0.02291	0.03491
297.7	-0.02289	0.03471
297.8	-0.0228	0.03473
297.9	-0.0229	0.03483
298	-0.023	0.03503
298.1	-0.02302	0.03504
298.2	-0.02309	0.03484
298.3	-0.02311	0.03502
298.4	-0.02313	0.03497
298.5	-0.02315	0.03501
298.6	-0.02301	0.03501
298.7	-0.02304	0.035
298.8	-0.02338	0.03513
298.9	-0.02331	0.03507
299	-0.02336	0.03512
299.1	-0.02337	0.03509
299.2	-0.02318	0.03502
299.3	-0.02303	0.03508
299.4	-0.02284	0.03534
299.5	-0.02251	0.0354
299.6	-0.02271	0.03513
299.7	-0.0226	0.03535
299.8	-0.02257	0.03534
299.9	-0.02256	0.03526
