0	-0.04061	0.0223
0.1	-0.0404	0.02228
0.2	-0.04041	0.02234
0.3	-0.04035	0.0223
0.4	-0.04039	0.02225
0.5	-0.04039	0.0223
0.6	-0.04054	0.02235
0.7	-0.04054	0.02227
0.8	-0.04046	0.02213
0.9	-0.04051	0.02218
1	-0.04061	0.02221
1.1	-0.04048	0.02223
1.2	-0.04056	0.02226
1.3	-0.04043	0.02231
1.4	-0.04052	0.02225
1.5	-0.04064	0.02231
1.6	-0.0406	0.02227
1.7	-0.04054	0.02219
1.8	-0.04044	0.02219
1.9	-0.04046	0.02222
2	-0.04051	0.02231
2.1	-0.04059	0.02229
2.2	-0.04062	0.02224
2.3	-0.04058	0.02213
2.4	-0.04056	0.02213
2.5	-0.04058	0.02214
2.6	-0.04066	0.02216
2.7	-0.04059	0.02205
2.8	-0.04046	0.02206
2.9	-0.04052	0.02214
3	-0.04051	0.02224
3.1	-0.04056	0.02228
3.2	-0.04055	0.02224
3.3	-0.04055	0.02216
3.4	-0.04047	0.02226
3.5	-0.04064	0.0222
3.6	-0.04068	0.02216
3.7	-0.04049	0.02212
3.8	-0.04059	0.02221
3.9	-0.04064	0.02228
4	-0.04061	0.0223
4.1	-0.04059	0.02242
4.2	-0.04055	0.02233
4.3	-0.04044	0.02239
4.4	-0.04039	0.0224
4.5	-0.04046	0.02241
4.6	-0.04041	0.02252
4.7	-0.04045	0.02244
4.8	-0.04056	0.0225
4.9	-0.04055	0.0226
5	-0.04057	0.02254
5.1	-0.04053	0.02255
5.2	-0.04057	0.02248
5.3	-0.04045	0.02235
5.4	-0.04039	0.02225
5.5	-0.04051	0.02213
5.6	-0.04047	0.02225
5.7	-0.04041	0.02238
5.8	-0.04041	0.02222
5.9	-0.04041	0.02213
6	-0.04042	0.02234
6.1	-0.04045	0.02222
6.2	-0.0406	0.02215
6.3	-0.04062	0.02226
6.4	-0.04055	0.02233
6.5	-0.0406	0.02224
6.6	-0.04059	0.02236
6.7	-0.04063	0.02252
6.8	-0.0406	0.02257
6.9	-0.04045	0.02246
7	-0.04055	0.02233
7.1	-0.04061	0.02226
7.2	-0.0406	0.02234
7.3	-0.04056	0.02238
7.4	-0.04063	0.02227
7.5	-0.04067	0.02247
7.6	-0.04072	0.0224
7.7	-0.04068	0.02221
7.8	-0.04077	0.02217
7.9	-0.04074	0.0222
8	-0.04084	0.02222
8.1	-0.04087	0.02223
8.2	-0.04111	0.02232
8.3	-0.04118	0.02236
8.4	-0.04108	0.02244
8.5	-0.04106	0.02247
8.6	-0.0411	0.02241
8.7	-0.04104	0.02227
8.8	-0.04105	0.02218
8.9	-0.04093	0.02235
9	-0.04084	0.02264
9.1	-0.04093	0.02281
9.2	-0.04096	0.02293
9.3	-0.04092	0.02306
9.4	-0.04101	0.02319
9.5	-0.04119	0.02328
9.6	-0.04147	0.02319
9.7	-0.04157	0.02322
9.8	-0.04161	0.02297
9.9	-0.04184	0.0228
10	-0.04209	0.02285
10.1	-0.04206	0.02304
10.2	-0.04207	0.02329
10.3	-0.04217	0.02334
10.4	-0.04232	0.02366
10.5	-0.04254	0.02364
10.6	-0.04255	0.02371
10.7	-0.0426	0.02362
10.8	-0.04264	0.0236
10.9	-0.04268	0.02358
11	-0.04271	0.02336
11.1	-0.04259	0.02324
11.2	-0.04249	0.02308
11.3	-0.04253	0.02335
11.4	-0.04241	0.02343
11.5	-0.04257	0.02344
11.6	-0.04271	0.02347
11.7	-0.04247	0.02334
11.8	-0.04238	0.02342
11.9	-0.04257	0.02335
12	-0.04265	0.02338
12.1	-0.04249	0.02352
12.2	-0.0426	0.02351
12.3	-0.0427	0.02365
12.4	-0.04282	0.02357
12.5	-0.04284	0.0236
12.6	-0.04274	0.02386
12.7	-0.04244	0.02377
12.8	-0.04247	0.02361
12.9	-0.04236	0.02352
13	-0.04243	0.02343
13.1	-0.04233	0.02354
13.2	-0.04224	0.02345
13.3	-0.04213	0.02343
13.4	-0.04192	0.02344
13.5	-0.04198	0.02347
13.6	-0.04172	0.0235
13.7	-0.04155	0.02358
13.8	-0.04141	0.02342
13.9	-0.04155	0.02325
14	-0.04157	0.02324
14.1	-0.04146	0.02316
14.2	-0.04151	0.02312
14.3	-0.04157	0.02292
14.4	-0.04158	0.02291
14.5	-0.04176	0.02299
14.6	-0.04195	0.02315
14.7	-0.04195	0.02331
14.8	-0.04176	0.02337
14.9	-0.04185	0.02362
15	-0.04189	0.02373
15.1	-0.04199	0.02371
15.2	-0.0421	0.02367
15.3	-0.042	0.0238
15.4	-0.04182	0.02366
15.5	-0.0418	0.0237
15.6	-0.04161	0.02367
15.7	-0.04152	0.02376
15.8	-0.04162	0.02385
15.9	-0.04163	0.02391
16	-0.04141	0.02417
16.1	-0.04127	0.02422
16.2	-0.04116	0.02423
16.3	-0.04119	0.02449
16.4	-0.04097	0.02453
16.5	-0.04064	0.0244
16.6	-0.04043	0.02424
16.7	-0.04042	0.02436
16.8	-0.04055	0.02421
16.9	-0.04041	0.02436
17	-0.04041	0.02451
17.1	-0.04067	0.02465
17.2	-0.04076	0.02489
17.3	-0.04096	0.0251
17.4	-0.04102	0.02513
17.5	-0.04127	0.02513
17.6	-0.04125	0.02494
17.7	-0.04116	0.02469
17.8	-0.04126	0.0244
17.9	-0.04139	0.02447
18	-0.04145	0.0246
18.1	-0.04165	0.02461
18.2	-0.04152	0.02467
18.3	-0.04158	0.02467
18.4	-0.04143	0.02477
18.5	-0.0412	0.02466
18.6	-0.0411	0.02461
18.7	-0.04115	0.02468
18.8	-0.04126	0.02478
18.9	-0.04124	0.02475
19	-0.04123	0.02481
19.1	-0.04133	0.02473
19.2	-0.04152	0.02501
19.3	-0.04167	0.02507
19.4	-0.04146	0.02498
19.5	-0.04129	0.02468
19.6	-0.04137	0.02457
19.7	-0.04127	0.02468
19.8	-0.04092	0.02496
19.9	-0.04083	0.02494
20	-0.04078	0.02489
20.1	-0.04091	0.02465
20.2	-0.04098	0.02458
20.3	-0.04096	0.02443
20.4	-0.04102	0.02416
20.5	-0.04133	0.02407
20.6	-0.04133	0.02371
20.7	-0.04146	0.02382
20.8	-0.04141	0.02381
20.9	-0.04125	0.02388
21	-0.04121	0.02405
21.1	-0.04111	0.02404
21.2	-0.04137	0.02401
21.3	-0.04168	0.02416
21.4	-0.04172	0.02414
21.5	-0.04175	0.02406
21.6	-0.04185	0.02413
21.7	-0.04196	0.02403
21.8	-0.04201	0.02414
21.9	-0.04168	0.02419
22	-0.04154	0.0242
22.1	-0.04151	0.02416
22.2	-0.0416	0.02414
22.3	-0.04159	0.02424
22.4	-0.04183	0.02437
22.5	-0.04198	0.02434
22.6	-0.04202	0.0243
22.7	-0.04209	0.02409
22.8	-0.04204	0.02401
22.9	-0.04196	0.0241
23	-0.04222	0.02406
23.1	-0.04239	0.02425
23.2	-0.04262	0.02464
23.3	-0.0426	0.0247
23.4	-0.04245	0.02486
23.5	-0.04236	0.02476
23.6	-0.04231	0.02486
23.7	-0.04228	0.02479
23.8	-0.04233	0.02462
23.9	-0.04218	0.02475
24	-0.04216	0.02502
24.1	-0.04226	0.02502
24.2	-0.04214	0.02499
24.3	-0.04211	0.02486
24.4	-0.04209	0.02459
24.5	-0.04199	0.02432
24.6	-0.042	0.02432
24.7	-0.04202	0.02441
24.8	-0.04199	0.02437
24.9	-0.04201	0.0244
25	-0.04184	0.02443
25.1	-0.04183	0.02453
25.2	-0.04182	0.02446
25.3	-0.04179	0.02442
25.4	-0.04159	0.02444
25.5	-0.04129	0.02428
25.6	-0.04129	0.02432
25.7	-0.04128	0.02452
25.8	-0.04134	0.02434
25.9	-0.04126	0.0243
26	-0.04107	0.02432
26.1	-0.04104	0.02429
26.2	-0.04105	0.02443
26.3	-0.04109	0.02418
26.4	-0.04107	0.02424
26.5	-0.04092	0.02415
26.6	-0.04088	0.02421
26.7	-0.04098	0.02395
26.8	-0.04099	0.02395
26.9	-0.04089	0.02394
27	-0.04071	0.02389
27.1	-0.04073	0.02379
27.2	-0.04088	0.02387
27.3	-0.04112	0.0237
27.4	-0.04131	0.02346
27.5	-0.04125	0.02349
27.6	-0.0411	0.02357
27.7	-0.04094	0.02358
27.8	-0.04092	0.02341
27.9	-0.04105	0.02323
28	-0.0409	0.0232
28.1	-0.04065	0.0235
28.2	-0.04106	0.02348
28.3	-0.041	0.02371
28.4	-0.04106	0.0235
28.5	-0.04093	0.02333
28.6	-0.04072	0.02339
28.7	-0.04053	0.02327
28.8	-0.04049	0.0234
28.9	-0.04023	0.0234
29	-0.03998	0.02347
29.1	-0.03973	0.02348
29.2	-0.03935	0.0235
29.3	-0.03939	0.02344
29.4	-0.03964	0.02339
29.5	-0.03988	0.02329
29.6	-0.03996	0.0232
29.7	-0.03987	0.02315
29.8	-0.03994	0.02318
29.9	-0.04011	0.02321
30	-0.04029	0.02336
30.1	-0.04014	0.02344
30.2	-0.03981	0.02347
30.3	-0.03967	0.02347
30.4	-0.03968	0.02329
30.5	-0.03968	0.02329
30.6	-0.03971	0.02356
30.7	-0.03985	0.02374
30.8	-0.03965	0.02392
30.9	-0.03935	0.02391
31	-0.03911	0.02375
31.1	-0.03901	0.02366
31.2	-0.03899	0.02354
31.3	-0.03902	0.02351
31.4	-0.03888	0.0233
31.5	-0.03894	0.02347
31.6	-0.03904	0.02359
31.7	-0.03862	0.02354
31.8	-0.03837	0.02337
31.9	-0.03837	0.02318
32	-0.03825	0.02311
32.1	-0.03819	0.02323
32.2	-0.03807	0.02336
32.3	-0.03813	0.02365
32.4	-0.03794	0.0238
32.5	-0.03785	0.02405
32.6	-0.03783	0.02434
32.7	-0.03781	0.02455
32.8	-0.03778	0.02455
32.9	-0.03747	0.02486
33	-0.03754	0.0249
33.1	-0.03782	0.02485
33.2	-0.03784	0.02501
33.3	-0.03785	0.02515
33.4	-0.03812	0.02511
33.5	-0.03847	0.02514
33.6	-0.03848	0.02501
33.7	-0.03848	0.02491
33.8	-0.03854	0.02474
33.9	-0.03859	0.02477
34	-0.03835	0.02487
34.1	-0.03848	0.02496
34.2	-0.03823	0.02518
34.3	-0.03815	0.0251
34.4	-0.03817	0.02502
34.5	-0.03803	0.02479
34.6	-0.03807	0.0247
34.7	-0.03813	0.02468
34.8	-0.03788	0.02448
34.9	-0.03793	0.02433
35	-0.03795	0.02449
35.1	-0.03791	0.02441
35.2	-0.03801	0.02436
35.3	-0.03799	0.02466
35.4	-0.03803	0.02481
35.5	-0.03793	0.02479
35.6	-0.03791	0.02447
35.7	-0.03788	0.02443
35.8	-0.03776	0.02447
35.9	-0.03784	0.0243
36	-0.03815	0.02427
36.1	-0.03812	0.02439
36.2	-0.0383	0.02443
36.3	-0.03828	0.02441
36.4	-0.03822	0.02439
36.5	-0.03814	0.0242
36.6	-0.03816	0.02388
36.7	-0.03815	0.0237
36.8	-0.03799	0.0236
36.9	-0.03784	0.0236
37	-0.0377	0.02364
37.1	-0.03755	0.0234
37.2	-0.03757	0.02313
37.3	-0.0377	0.02297
37.4	-0.03795	0.02266
37.5	-0.03807	0.02249
37.6	-0.03783	0.02255
37.7	-0.03774	0.02263
37.8	-0.03774	0.02253
37.9	-0.0377	0.02257
38	-0.03772	0.02263
38.1	-0.03805	0.02248
38.2	-0.03828	0.02248
38.3	-0.03845	0.02221
38.4	-0.03843	0.02196
38.5	-0.03826	0.02209
38.6	-0.03839	0.02205
38.7	-0.0387	0.02196
38.8	-0.03857	0.02192
38.9	-0.03827	0.02178
39	-0.03833	0.02166
39.1	-0.03825	0.02153
39.2	-0.03838	0.02139
39.3	-0.0383	0.02122
39.4	-0.03806	0.02114
39.5	-0.03806	0.02109
39.6	-0.03796	0.02116
39.7	-0.03794	0.02102
39.8	-0.03793	0.02073
39.9	-0.03776	0.02043
40	-0.0378	0.02047
40.1	-0.03767	0.02041
40.2	-0.03777	0.02082
40.3	-0.03795	0.02098
40.4	-0.03806	0.02082
40.5	-0.03794	0.02068
40.6	-0.03798	0.02066
40.7	-0.0381	0.02064
40.8	-0.03811	0.02085
40.9	-0.03805	0.02101
41	-0.03813	0.02104
41.1	-0.0385	0.02104
41.2	-0.03878	0.02081
41.3	-0.03878	0.02096
41.4	-0.03864	0.02097
41.5	-0.03866	0.02096
41.6	-0.03871	0.02099
41.7	-0.03885	0.02099
41.8	-0.03879	0.02109
41.9	-0.0388	0.02114
42	-0.03895	0.02085
42.1	-0.03899	0.02101
42.2	-0.03888	0.02097
42.3	-0.03871	0.0209
42.4	-0.03873	0.02092
42.5	-0.03877	0.0208
42.6	-0.03878	0.02066
42.7	-0.03884	0.0205
42.8	-0.03874	0.02039
42.9	-0.03863	0.02028
43	-0.03862	0.02024
43.1	-0.03873	0.02026
43.2	-0.0386	0.02016
43.3	-0.03859	0.0198
43.4	-0.03869	0.0198
43.5	-0.03861	0.01977
43.6	-0.03853	0.01999
43.7	-0.03842	0.01981
43.8	-0.03825	0.01968
43.9	-0.03822	0.01975
44	-0.03814	0.01982
44.1	-0.03814	0.02002
44.2	-0.03827	0.02034
44.3	-0.03852	0.02057
44.4	-0.03862	0.0208
44.5	-0.0386	0.0207
44.6	-0.03842	0.02057
44.7	-0.03836	0.02065
44.8	-0.03844	0.02086
44.9	-0.0383	0.02102
45	-0.03819	0.02102
45.1	-0.03826	0.02065
45.2	-0.0384	0.0203
45.3	-0.03853	0.02013
45.4	-0.03853	0.02016
45.5	-0.03841	0.0201
45.6	-0.03867	0.02001
45.7	-0.03878	0.02012
45.8	-0.03891	0.02029
45.9	-0.03885	0.02031
46	-0.0387	0.02045
46.1	-0.03869	0.02038
46.2	-0.03846	0.02056
46.3	-0.03864	0.02052
46.4	-0.03877	0.02019
46.5	-0.03895	0.02014
46.6	-0.03887	0.01995
46.7	-0.03893	0.01993
46.8	-0.03918	0.01997
46.9	-0.03929	0.01977
47	-0.03921	0.01972
47.1	-0.03928	0.01986
47.2	-0.03949	0.01999
47.3	-0.03924	0.01983
47.4	-0.03915	0.01979
47.5	-0.03923	0.01979
47.6	-0.03945	0.01952
47.7	-0.03961	0.01949
47.8	-0.03964	0.01959
47.9	-0.03952	0.01967
48	-0.03961	0.01956
48.1	-0.03969	0.01952
48.2	-0.03963	0.01936
48.3	-0.03977	0.01926
48.4	-0.03996	0.01947
48.5	-0.03984	0.0193
48.6	-0.03966	0.0192
48.7	-0.0395	0.01906
48.8	-0.03931	0.01894
48.9	-0.03925	0.01897
49	-0.03935	0.01891
49.1	-0.0391	0.01871
49.2	-0.03918	0.01859
49.3	-0.03913	0.01848
49.4	-0.03905	0.01839
49.5	-0.03889	0.01843
49.6	-0.03884	0.01841
49.7	-0.03889	0.01833
49.8	-0.03888	0.01841
49.9	-0.03864	0.01851
50	-0.03879	0.01854
50.1	-0.0387	0.01867
50.2	-0.03873	0.01862
50.3	-0.03861	0.01847
50.4	-0.03885	0.01829
50.5	-0.03905	0.01859
50.6	-0.03895	0.01874
50.7	-0.03887	0.01863
50.8	-0.03905	0.01841
50.9	-0.03918	0.0186
51	-0.03904	0.01863
51.1	-0.03903	0.01853
51.2	-0.03962	0.0185
51.3	-0.03963	0.01842
51.4	-0.03971	0.01831
51.5	-0.03968	0.0183
51.6	-0.03959	0.01842
51.7	-0.03944	0.01837
51.8	-0.03965	0.01843
51.9	-0.03975	0.0182
52	-0.03996	0.01837
52.1	-0.03977	0.01864
52.2	-0.03993	0.01885
52.3	-0.03984	0.0189
52.4	-0.03995	0.01909
52.5	-0.03997	0.01917
52.6	-0.03992	0.01924
52.7	-0.03974	0.01923
52.8	-0.03991	0.01926
52.9	-0.04001	0.01946
53	-0.03988	0.01923
53.1	-0.03965	0.0191
53.2	-0.03944	0.01912
53.3	-0.03949	0.01925
53.4	-0.03936	0.01931
53.5	-0.03944	0.01931
53.6	-0.03942	0.01927
53.7	-0.03943	0.01926
53.8	-0.03965	0.01917
53.9	-0.03976	0.01913
54	-0.03961	0.01914
54.1	-0.03954	0.01892
54.2	-0.03927	0.01881
54.3	-0.03921	0.01862
54.4	-0.0393	0.01845
54.5	-0.03937	0.01856
54.6	-0.0395	0.019
54.7	-0.03956	0.0192
54.8	-0.03945	0.01906
54.9	-0.03938	0.01884
55	-0.03933	0.01886
55.1	-0.03933	0.01872
55.2	-0.03929	0.01866
55.3	-0.03914	0.01882
55.4	-0.03924	0.01877
55.5	-0.03931	0.01859
55.6	-0.0391	0.01845
55.7	-0.03902	0.01851
55.8	-0.03892	0.01879
55.9	-0.03892	0.01884
56	-0.03898	0.01882
56.1	-0.03896	0.01878
56.2	-0.03883	0.01861
56.3	-0.03884	0.01842
56.4	-0.03898	0.0184
56.5	-0.03904	0.01848
56.6	-0.0388	0.0185
56.7	-0.03872	0.01836
56.8	-0.03887	0.01855
56.9	-0.03914	0.01858
57	-0.03933	0.01853
57.1	-0.03949	0.01819
57.2	-0.0396	0.01785
57.3	-0.0396	0.01779
57.4	-0.03966	0.0176
57.5	-0.03968	0.01773
57.6	-0.03968	0.0178
57.7	-0.03973	0.01769
57.8	-0.03967	0.01782
57.9	-0.03943	0.01771
58	-0.03923	0.01769
58.1	-0.03924	0.01774
58.2	-0.03916	0.01772
58.3	-0.03908	0.01771
58.4	-0.03916	0.01787
58.5	-0.03922	0.01779
58.6	-0.03918	0.01772
58.7	-0.03924	0.01771
58.8	-0.03939	0.01755
58.9	-0.03948	0.01728
59	-0.0396	0.0174
59.1	-0.03982	0.0174
59.2	-0.03958	0.01769
59.3	-0.03946	0.01774
59.4	-0.03966	0.0176
59.5	-0.03969	0.01733
59.6	-0.0398	0.01724
59.7	-0.03988	0.01733
59.8	-0.03989	0.01727
59.9	-0.03991	0.01733
60	-0.03994	0.01732
60.1	-0.03986	0.01716
60.2	-0.03996	0.01687
60.3	-0.03993	0.01677
60.4	-0.04001	0.01661
60.5	-0.04002	0.01675
60.6	-0.04013	0.01685
60.7	-0.04014	0.01712
60.8	-0.04016	0.01746
60.9	-0.04024	0.0175
61	-0.04046	0.01751
61.1	-0.04055	0.01764
61.2	-0.04063	0.01742
61.3	-0.04047	0.01752
61.4	-0.04036	0.0176
61.5	-0.04024	0.01742
61.6	-0.04023	0.01742
61.7	-0.04026	0.01741
61.8	-0.04027	0.01745
61.9	-0.04017	0.01739
62	-0.04024	0.01741
62.1	-0.04031	0.01755
62.2	-0.04019	0.0176
62.3	-0.04031	0.01759
62.4	-0.0404	0.01748
62.5	-0.0405	0.01728
62.6	-0.04066	0.01736
62.7	-0.04039	0.01725
62.8	-0.04036	0.01734
62.9	-0.04064	0.01733
63	-0.04064	0.0175
63.1	-0.04067	0.0176
63.2	-0.0406	0.01763
63.3	-0.04088	0.01763
63.4	-0.04083	0.01738
63.5	-0.04082	0.01698
63.6	-0.04084	0.01693
63.7	-0.04088	0.01696
63.8	-0.0409	0.01705
63.9	-0.0411	0.01714
64	-0.04115	0.01716
64.1	-0.0413	0.01727
64.2	-0.04149	0.01735
64.3	-0.04154	0.01726
64.4	-0.04155	0.01718
64.5	-0.04137	0.01723
64.6	-0.04116	0.0174
64.7	-0.041	0.01769
64.8	-0.04088	0.01762
64.9	-0.04095	0.01744
65	-0.0409	0.01725
65.1	-0.04079	0.01718
65.2	-0.04069	0.01722
65.3	-0.04077	0.01716
65.4	-0.04068	0.01725
65.5	-0.04066	0.01703
65.6	-0.04085	0.01689
65.7	-0.04087	0.01689
65.8	-0.04066	0.01682
65.9	-0.04056	0.01676
66	-0.0405	0.01683
66.1	-0.0403	0.01685
66.2	-0.04019	0.01701
66.3	-0.04018	0.01736
66.4	-0.04043	0.01722
66.5	-0.04033	0.0175
66.6	-0.04016	0.01766
66.7	-0.03981	0.01759
66.8	-0.0399	0.0176
66.9	-0.03997	0.0176
67	-0.04003	0.01763
67.1	-0.04001	0.01796
67.2	-0.0399	0.01813
67.3	-0.03968	0.0183
67.4	-0.03952	0.01839
67.5	-0.03975	0.01825
67.6	-0.03993	0.0182
67.7	-0.03965	0.01818
67.8	-0.03945	0.01819
67.9	-0.03947	0.01829
68	-0.03938	0.01844
68.1	-0.03947	0.01832
68.2	-0.03957	0.0182
68.3	-0.0396	0.0181
68.4	-0.03937	0.01814
68.5	-0.03902	0.01806
68.6	-0.03889	0.01788
68.7	-0.03916	0.01767
68.8	-0.03903	0.01754
68.9	-0.03904	0.01757
69	-0.03916	0.01753
69.1	-0.03893	0.01771
69.2	-0.039	0.01763
69.3	-0.03907	0.01769
69.4	-0.03903	0.01769
69.5	-0.03887	0.01771
69.6	-0.03885	0.01794
69.7	-0.03896	0.01767
69.8	-0.03894	0.01748
69.9	-0.03899	0.01783
70	-0.03893	0.01795
70.1	-0.03866	0.01785
70.2	-0.03867	0.0179
70.3	-0.03889	0.01809
70.4	-0.0388	0.01823
70.5	-0.03882	0.01841
70.6	-0.03868	0.01858
70.7	-0.03847	0.01881
70.8	-0.03856	0.01896
70.9	-0.03864	0.01907
71	-0.03852	0.01918
71.1	-0.03854	0.01917
71.2	-0.03848	0.01898
71.3	-0.03836	0.01899
71.4	-0.03841	0.01902
71.5	-0.03866	0.01889
71.6	-0.03875	0.01881
71.7	-0.03902	0.01876
71.8	-0.03891	0.0188
71.9	-0.03895	0.01887
72	-0.03906	0.01882
72.1	-0.03926	0.01868
72.2	-0.03931	0.01867
72.3	-0.03932	0.01878
72.4	-0.03941	0.01894
72.5	-0.03958	0.01904
72.6	-0.03973	0.01898
72.7	-0.03989	0.01902
72.8	-0.03979	0.01897
72.9	-0.03986	0.01895
73	-0.03972	0.01889
73.1	-0.04003	0.01896
73.2	-0.04019	0.01909
73.3	-0.04031	0.01908
73.4	-0.04043	0.01932
73.5	-0.0406	0.01915
73.6	-0.04056	0.01922
73.7	-0.04054	0.01911
73.8	-0.04048	0.01894
73.9	-0.04037	0.01898
74	-0.04042	0.01891
74.1	-0.04044	0.01875
74.2	-0.0407	0.01872
74.3	-0.04088	0.01848
74.4	-0.0408	0.01822
74.5	-0.0409	0.01797
74.6	-0.04085	0.01796
74.7	-0.0408	0.01799
74.8	-0.04096	0.01802
74.9	-0.04112	0.01792
75	-0.04132	0.01779
75.1	-0.04115	0.01777
75.2	-0.0412	0.0178
75.3	-0.04124	0.01772
75.4	-0.04093	0.01785
75.5	-0.04084	0.01789
75.6	-0.04084	0.01786
75.7	-0.04105	0.01788
75.8	-0.0413	0.01773
75.9	-0.0414	0.01775
76	-0.04112	0.01788
76.1	-0.04117	0.01818
76.2	-0.04111	0.01808
76.3	-0.04115	0.01827
76.4	-0.0411	0.01823
76.5	-0.0409	0.0183
76.6	-0.04098	0.01849
76.7	-0.04089	0.01852
76.8	-0.04082	0.01863
76.9	-0.04085	0.01881
77	-0.04081	0.01901
77.1	-0.04084	0.01911
77.2	-0.04072	0.0191
77.3	-0.04056	0.01887
77.4	-0.04061	0.01895
77.5	-0.04059	0.01898
77.6	-0.04028	0.0188
77.7	-0.04054	0.01905
77.8	-0.04082	0.01936
77.9	-0.04066	0.01921
78	-0.04053	0.01917
78.1	-0.04034	0.01918
78.2	-0.04041	0.01932
78.3	-0.0405	0.0194
78.4	-0.04032	0.0193
78.5	-0.0402	0.01924
78.6	-0.04016	0.01925
78.7	-0.04029	0.01908
78.8	-0.04024	0.01915
78.9	-0.04038	0.0191
79	-0.04076	0.01922
79.1	-0.04099	0.01905
79.2	-0.04122	0.01904
79.3	-0.04134	0.01904
79.4	-0.04154	0.01883
79.5	-0.04165	0.01869
79.6	-0.04189	0.01859
79.7	-0.04175	0.01834
79.8	-0.04167	0.01834
79.9	-0.04179	0.01829
80	-0.04189	0.01823
80.1	-0.04204	0.01831
80.2	-0.04191	0.0184
80.3	-0.04191	0.01834
80.4	-0.04196	0.01858
80.5	-0.0419	0.01872
80.6	-0.04194	0.01856
80.7	-0.04195	0.01841
80.8	-0.04178	0.01827
80.9	-0.04162	0.01825
81	-0.04165	0.01833
81.1	-0.04148	0.01828
81.2	-0.04172	0.01826
81.3	-0.04172	0.01831
81.4	-0.04151	0.01829
81.5	-0.04142	0.01834
81.6	-0.04146	0.01825
81.7	-0.0414	0.01816
81.8	-0.04153	0.0182
81.9	-0.04132	0.01812
82	-0.04133	0.01808
82.1	-0.04156	0.01798
82.2	-0.0415	0.01783
82.3	-0.04148	0.01778
82.4	-0.04144	0.01799
82.5	-0.04162	0.01793
82.6	-0.04176	0.01778
82.7	-0.0417	0.01811
82.8	-0.04176	0.01836
82.9	-0.04163	0.01844
83	-0.04155	0.01865
83.1	-0.04151	0.01855
83.2	-0.0414	0.01838
83.3	-0.04142	0.01861
83.4	-0.04146	0.01865
83.5	-0.04164	0.01854
83.6	-0.04161	0.01873
83.7	-0.04167	0.01875
83.8	-0.04182	0.01872
83.9	-0.04188	0.0188
84	-0.04197	0.01862
84.1	-0.04205	0.0183
84.2	-0.04198	0.01822
84.3	-0.04196	0.01825
84.4	-0.04211	0.01813
84.5	-0.04198	0.01808
84.6	-0.04201	0.01812
84.7	-0.04204	0.01797
84.8	-0.04207	0.01784
84.9	-0.04205	0.01768
85	-0.04195	0.01753
85.1	-0.04191	0.01755
85.2	-0.04172	0.01756
85.3	-0.0417	0.01757
85.4	-0.04174	0.01733
85.5	-0.04169	0.01719
85.6	-0.04152	0.01734
85.7	-0.04149	0.01708
85.8	-0.04144	0.01706
85.9	-0.04143	0.01698
86	-0.0414	0.01708
86.1	-0.04139	0.01716
86.2	-0.04145	0.01687
86.3	-0.04139	0.01658
86.4	-0.04102	0.01658
86.5	-0.04084	0.01671
86.6	-0.04076	0.01687
86.7	-0.04059	0.01703
86.8	-0.04052	0.01704
86.9	-0.04049	0.01691
87	-0.04038	0.01684
87.1	-0.04037	0.01678
87.2	-0.04028	0.01665
87.3	-0.04031	0.0166
87.4	-0.04043	0.01681
87.5	-0.04018	0.0168
87.6	-0.04021	0.01665
87.7	-0.04025	0.01659
87.8	-0.0403	0.01633
87.9	-0.04016	0.01614
88	-0.04019	0.01633
88.1	-0.04026	0.01643
88.2	-0.04031	0.01667
88.3	-0.04043	0.01679
88.4	-0.04037	0.01701
88.5	-0.04037	0.01728
88.6	-0.04033	0.01705
88.7	-0.04037	0.01684
88.8	-0.04044	0.01686
88.9	-0.04064	0.01704
89	-0.0405	0.0173
89.1	-0.04054	0.01714
89.2	-0.04055	0.01724
89.3	-0.04061	0.01722
89.4	-0.04079	0.01728
89.5	-0.04083	0.01715
89.6	-0.04096	0.01729
89.7	-0.04102	0.01738
89.8	-0.04099	0.01749
89.9	-0.04065	0.01755
90	-0.04044	0.01757
90.1	-0.04048	0.01765
90.2	-0.04033	0.01761
90.3	-0.0404	0.01756
90.4	-0.04058	0.01756
90.5	-0.04054	0.0178
90.6	-0.04073	0.01777
90.7	-0.04101	0.01786
90.8	-0.04102	0.01776
90.9	-0.04082	0.01766
91	-0.04063	0.01739
91.1	-0.0407	0.01711
91.2	-0.04082	0.01715
91.3	-0.04084	0.01731
91.4	-0.04075	0.01733
91.5	-0.04069	0.01726
91.6	-0.04061	0.01731
91.7	-0.04086	0.01752
91.8	-0.0407	0.01731
91.9	-0.04076	0.01722
92	-0.04084	0.01706
92.1	-0.04075	0.0166
92.2	-0.04064	0.01649
92.3	-0.04053	0.01604
92.4	-0.04039	0.01603
92.5	-0.04043	0.01595
92.6	-0.04045	0.01603
92.7	-0.04028	0.01607
92.8	-0.04004	0.01603
92.9	-0.0398	0.01593
93	-0.03977	0.01579
93.1	-0.03954	0.01581
93.2	-0.03952	0.01579
93.3	-0.03984	0.01568
93.4	-0.03976	0.01554
93.5	-0.03964	0.01541
93.6	-0.03978	0.01554
93.7	-0.03981	0.01543
93.8	-0.03966	0.01523
93.9	-0.03984	0.01499
94	-0.03972	0.01475
94.1	-0.03971	0.01471
94.2	-0.03959	0.01466
94.3	-0.03962	0.0145
94.4	-0.03937	0.01436
94.5	-0.03948	0.01443
94.6	-0.03969	0.01437
94.7	-0.03964	0.01424
94.8	-0.03945	0.0144
94.9	-0.03955	0.01444
95	-0.03963	0.01454
95.1	-0.03972	0.01409
95.2	-0.03979	0.01391
95.3	-0.03974	0.01387
95.4	-0.03962	0.01396
95.5	-0.03985	0.01399
95.6	-0.04005	0.01404
95.7	-0.04001	0.01406
95.8	-0.03992	0.01443
95.9	-0.04006	0.01438
96	-0.04004	0.01465
96.1	-0.0401	0.01463
96.2	-0.04018	0.01495
96.3	-0.04019	0.01476
96.4	-0.04005	0.01474
96.5	-0.0399	0.01456
96.6	-0.03979	0.01467
96.7	-0.03995	0.01476
96.8	-0.03979	0.0147
96.9	-0.03974	0.01497
97	-0.03986	0.01513
97.1	-0.03973	0.01523
97.2	-0.03982	0.01555
97.3	-0.03997	0.01551
97.4	-0.03992	0.01526
97.5	-0.03973	0.01524
97.6	-0.03989	0.01527
97.7	-0.0399	0.01508
97.8	-0.03996	0.01517
97.9	-0.03992	0.01503
98	-0.04	0.01481
98.1	-0.04017	0.01468
98.2	-0.04007	0.01488
98.3	-0.03978	0.01525
98.4	-0.03978	0.01536
98.5	-0.03978	0.01528
98.6	-0.0399	0.015
98.7	-0.03973	0.01502
98.8	-0.03953	0.01518
98.9	-0.03934	0.01522
99	-0.0391	0.01532
99.1	-0.03899	0.01526
99.2	-0.0389	0.01525
99.3	-0.0389	0.01514
99.4	-0.03893	0.01511
99.5	-0.03896	0.0149
99.6	-0.03894	0.01484
99.7	-0.03866	0.01461
99.8	-0.03863	0.01469
99.9	-0.03861	0.01454
100	-0.03827	0.01443
100.1	-0.03843	0.01415
100.2	-0.03861	0.01415
100.3	-0.03863	0.01398
100.4	-0.03833	0.01368
100.5	-0.0382	0.01361
100.6	-0.0381	0.01328
100.7	-0.03808	0.01337
100.8	-0.03804	0.01334
100.9	-0.03791	0.01326
101	-0.03775	0.01315
101.1	-0.03749	0.01305
101.2	-0.03743	0.01316
101.3	-0.03768	0.01313
101.4	-0.0377	0.01311
101.5	-0.03777	0.01285
101.6	-0.03802	0.01277
101.7	-0.0381	0.013
101.8	-0.03804	0.01291
101.9	-0.03825	0.01288
102	-0.03847	0.013
102.1	-0.03841	0.01313
102.2	-0.03824	0.01305
102.3	-0.03826	0.01314
102.4	-0.03824	0.01301
102.5	-0.03817	0.01284
102.6	-0.0382	0.01276
102.7	-0.0383	0.01281
102.8	-0.03831	0.01294
102.9	-0.03825	0.01309
103	-0.03836	0.01286
103.1	-0.03849	0.013
103.2	-0.03869	0.01313
103.3	-0.03873	0.01307
103.4	-0.03876	0.01324
103.5	-0.03875	0.01324
103.6	-0.03876	0.01344
103.7	-0.03881	0.01354
103.8	-0.03903	0.01381
103.9	-0.03907	0.01388
104	-0.03894	0.01399
104.1	-0.03908	0.01408
104.2	-0.03926	0.01416
104.3	-0.03917	0.01415
104.4	-0.03908	0.01411
104.5	-0.03926	0.01393
104.6	-0.03899	0.01382
104.7	-0.03893	0.01383
104.8	-0.0389	0.01396
104.9	-0.03897	0.01393
105	-0.03898	0.01394
105.1	-0.03885	0.01403
105.2	-0.03886	0.01403
105.3	-0.03883	0.01383
105.4	-0.03874	0.0139
105.5	-0.03874	0.014
105.6	-0.03853	0.01381
105.7	-0.03867	0.0136
105.8	-0.0387	0.01351
105.9	-0.03846	0.01362
106	-0.03838	0.01358
106.1	-0.03866	0.01373
106.2	-0.03846	0.01386
106.3	-0.03841	0.01407
106.4	-0.0382	0.0141
106.5	-0.03802	0.01403
106.6	-0.03805	0.01392
106.7	-0.03802	0.01403
106.8	-0.03819	0.01416
106.9	-0.03811	0.01419
107	-0.0381	0.01416
107.1	-0.0382	0.01408
107.2	-0.03831	0.01383
107.3	-0.03838	0.01345
107.4	-0.0385	0.01332
107.5	-0.03856	0.01333
107.6	-0.03848	0.0133
107.7	-0.03857	0.01341
107.8	-0.03848	0.01346
107.9	-0.03827	0.01334
108	-0.03824	0.01322
108.1	-0.03824	0.01319
108.2	-0.03831	0.01311
108.3	-0.03844	0.01297
108.4	-0.0384	0.0129
108.5	-0.03841	0.01269
108.6	-0.03834	0.01279
108.7	-0.03846	0.01274
108.8	-0.03809	0.01261
108.9	-0.03812	0.01234
109	-0.03832	0.01232
109.1	-0.03852	0.01227
109.2	-0.03855	0.01236
109.3	-0.03854	0.01249
109.4	-0.03844	0.01226
109.5	-0.03829	0.01214
109.6	-0.03828	0.0123
109.7	-0.03839	0.01232
109.8	-0.03843	0.01223
109.9	-0.0384	0.01241
110	-0.03837	0.0123
110.1	-0.03826	0.01241
110.2	-0.0381	0.01231
110.3	-0.03802	0.01227
110.4	-0.038	0.01218
110.5	-0.03801	0.01224
110.6	-0.03811	0.01221
110.7	-0.03811	0.01226
110.8	-0.03829	0.01217
110.9	-0.03829	0.01211
111	-0.03802	0.01224
111.1	-0.03783	0.01239
111.2	-0.03773	0.01241
111.3	-0.03769	0.01258
111.4	-0.03763	0.01224
111.5	-0.03746	0.01196
111.6	-0.03745	0.01169
111.7	-0.03746	0.01137
111.8	-0.03718	0.011
111.9	-0.03706	0.01071
112	-0.03688	0.01058
112.1	-0.03679	0.0106
112.2	-0.0367	0.0106
112.3	-0.03688	0.01061
112.4	-0.03682	0.01088
112.5	-0.03678	0.01093
112.6	-0.03699	0.01104
112.7	-0.03701	0.011
112.8	-0.03696	0.01089
112.9	-0.03691	0.0105
113	-0.03679	0.01027
113.1	-0.03694	0.01018
113.2	-0.03692	0.0103
113.3	-0.03694	0.01047
113.4	-0.03708	0.01056
113.5	-0.0372	0.01058
113.6	-0.0374	0.01066
113.7	-0.03744	0.01059
113.8	-0.03736	0.01057
113.9	-0.03713	0.01049
114	-0.0372	0.01043
114.1	-0.03723	0.01038
114.2	-0.03716	0.01024
114.3	-0.03713	0.01017
114.4	-0.03691	0.01011
114.5	-0.03677	0.00982
114.6	-0.03688	0.0098
114.7	-0.03688	0.00982
114.8	-0.03685	0.0097
114.9	-0.03691	0.00972
115	-0.03686	0.00975
115.1	-0.03698	0.00979
115.2	-0.03704	0.00957
115.3	-0.03718	0.00953
115.4	-0.03732	0.00965
115.5	-0.03736	0.00977
115.6	-0.03748	0.00996
115.7	-0.03732	0.00999
115.8	-0.03735	0.00986
115.9	-0.03739	0.00985
116	-0.03737	0.00995
116.1	-0.03733	0.00992
116.2	-0.03724	0.00973
116.3	-0.03707	0.0098
116.4	-0.03688	0.00993
116.5	-0.0366	0.01007
116.6	-0.03636	0.00989
116.7	-0.03655	0.00983
116.8	-0.03663	0.00961
116.9	-0.03664	0.00961
117	-0.03648	0.00969
117.1	-0.03624	0.00959
117.2	-0.03624	0.00956
117.3	-0.03631	0.00975
117.4	-0.03649	0.0099
117.5	-0.03649	0.00993
117.6	-0.03663	0.00994
117.7	-0.03657	0.01009
117.8	-0.0366	0.01015
117.9	-0.03623	0.00991
118	-0.03624	0.00998
118.1	-0.03622	0.00997
118.2	-0.03632	0.00988
118.3	-0.03617	0.00997
118.4	-0.03622	0.01
118.5	-0.03617	0.01017
118.6	-0.0362	0.01017
118.7	-0.03627	0.01044
118.8	-0.03617	0.01051
118.9	-0.036	0.0106
119	-0.03583	0.01029
119.1	-0.03601	0.01044
119.2	-0.03602	0.01054
119.3	-0.03614	0.01046
119.4	-0.03615	0.01034
119.5	-0.03611	0.0102
119.6	-0.03615	0.01006
119.7	-0.0363	0.01
119.8	-0.03665	0.01034
119.9	-0.03653	0.01063
120	-0.03619	0.01063
120.1	-0.03604	0.01052
120.2	-0.03604	0.01029
120.3	-0.03624	0.01023
120.4	-0.03638	0.01003
120.5	-0.03637	0.00983
120.6	-0.03634	0.00997
120.7	-0.03641	0.00981
120.8	-0.03626	0.00966
120.9	-0.03644	0.00956
121	-0.03647	0.00972
121.1	-0.03649	0.0098
121.2	-0.03655	0.00963
121.3	-0.03651	0.00948
121.4	-0.03655	0.0093
121.5	-0.03653	0.00916
121.6	-0.03649	0.00924
121.7	-0.0365	0.00942
121.8	-0.03648	0.0095
121.9	-0.03662	0.00939
122	-0.03684	0.0095
122.1	-0.03716	0.00963
122.2	-0.03732	0.00933
122.3	-0.03772	0.00952
122.4	-0.03792	0.00961
122.5	-0.03816	0.00965
122.6	-0.0378	0.00984
122.7	-0.03802	0.00961
122.8	-0.03801	0.00941
122.9	-0.03777	0.00962
123	-0.03779	0.00969
123.1	-0.03768	0.01022
123.2	-0.03784	0.01031
123.3	-0.03795	0.01026
123.4	-0.03786	0.01028
123.5	-0.03824	0.01022
123.6	-0.0382	0.00999
123.7	-0.03811	0.00987
123.8	-0.03825	0.0098
123.9	-0.03829	0.00971
124	-0.03863	0.01005
124.1	-0.03888	0.01006
124.2	-0.03879	0.01003
124.3	-0.03853	0.01002
124.4	-0.03814	0.01012
124.5	-0.03801	0.01026
124.6	-0.03814	0.01034
124.7	-0.03823	0.01039
124.8	-0.03819	0.01066
124.9	-0.0383	0.01086
125	-0.03812	0.01063
125.1	-0.03817	0.01048
125.2	-0.03815	0.01027
125.3	-0.03843	0.00998
125.4	-0.03856	0.00997
125.5	-0.03864	0.00986
125.6	-0.03845	0.00988
125.7	-0.03843	0.00989
125.8	-0.03853	0.00982
125.9	-0.03865	0.00975
126	-0.03868	0.00976
126.1	-0.03881	0.0098
126.2	-0.03895	0.01009
126.3	-0.03924	0.01007
126.4	-0.03945	0.00992
126.5	-0.03948	0.00998
126.6	-0.03948	0.00989
126.7	-0.03935	0.00958
126.8	-0.03926	0.00952
126.9	-0.0393	0.0097
127	-0.03931	0.0098
127.1	-0.03946	0.00976
127.2	-0.03948	0.00993
127.3	-0.03962	0.00986
127.4	-0.03977	0.00961
127.5	-0.03971	0.00938
127.6	-0.03981	0.00928
127.7	-0.03965	0.00953
127.8	-0.03939	0.00963
127.9	-0.03954	0.00967
128	-0.03962	0.00979
128.1	-0.03968	0.00975
128.2	-0.03972	0.00975
128.3	-0.03976	0.00973
128.4	-0.03982	0.01004
128.5	-0.03977	0.01013
128.6	-0.03976	0.01043
128.7	-0.03976	0.01051
128.8	-0.03938	0.01059
128.9	-0.03905	0.01034
129	-0.03891	0.01019
129.1	-0.03884	0.01019
129.2	-0.03875	0.01021
129.3	-0.03865	0.0104
129.4	-0.03868	0.01039
129.5	-0.03876	0.01037
129.6	-0.03877	0.01031
129.7	-0.03865	0.01019
129.8	-0.03859	0.01016
129.9	-0.03853	0.0101
130	-0.03848	0.0102
130.1	-0.03868	0.01023
130.2	-0.03866	0.01057
130.3	-0.03844	0.01081
130.4	-0.0387	0.01067
130.5	-0.03868	0.01064
130.6	-0.03856	0.01043
130.7	-0.03868	0.01039
130.8	-0.03875	0.01035
130.9	-0.03897	0.01043
131	-0.03896	0.01034
131.1	-0.03892	0.01046
131.2	-0.03892	0.01067
131.3	-0.03907	0.01095
131.4	-0.03897	0.01104
131.5	-0.039	0.01114
131.6	-0.039	0.01109
131.7	-0.03903	0.01104
131.8	-0.03902	0.01094
131.9	-0.03927	0.01097
132	-0.03951	0.01112
132.1	-0.03955	0.01093
132.2	-0.03952	0.01078
132.3	-0.03956	0.01056
132.4	-0.03966	0.01051
132.5	-0.03972	0.01068
132.6	-0.03969	0.01062
132.7	-0.03977	0.01082
132.8	-0.03967	0.01107
132.9	-0.03965	0.01114
133	-0.03952	0.01135
133.1	-0.03962	0.01138
133.2	-0.03947	0.01152
133.3	-0.03928	0.01155
133.4	-0.03904	0.01142
133.5	-0.03895	0.01127
133.6	-0.03887	0.01138
133.7	-0.03874	0.01114
133.8	-0.03872	0.01095
133.9	-0.03863	0.01089
134	-0.03844	0.01089
134.1	-0.03836	0.01072
134.2	-0.03817	0.01054
134.3	-0.03798	0.01049
134.4	-0.03801	0.01076
134.5	-0.0381	0.01065
134.6	-0.03817	0.0104
134.7	-0.0381	0.01037
134.8	-0.03808	0.01047
134.9	-0.03812	0.01034
135	-0.03802	0.01033
135.1	-0.0382	0.01014
135.2	-0.03828	0.01007
135.3	-0.03823	0.01009
135.4	-0.03839	0.01012
135.5	-0.0384	0.01035
135.6	-0.03844	0.01064
135.7	-0.03811	0.01058
135.8	-0.03802	0.01082
135.9	-0.03809	0.01072
136	-0.03803	0.01048
136.1	-0.03804	0.01044
136.2	-0.03808	0.0106
136.3	-0.03801	0.01068
136.4	-0.03776	0.01077
136.5	-0.03745	0.01073
136.6	-0.0373	0.0107
136.7	-0.03738	0.01078
136.8	-0.03718	0.01078
136.9	-0.03699	0.01071
137	-0.03702	0.01065
137.1	-0.03672	0.01056
137.2	-0.03648	0.01057
137.3	-0.03635	0.01061
137.4	-0.03656	0.0105
137.5	-0.03662	0.01068
137.6	-0.03667	0.0105
137.7	-0.03688	0.01048
137.8	-0.03698	0.01031
137.9	-0.0369	0.01045
138	-0.03694	0.01026
138.1	-0.03695	0.01008
138.2	-0.03721	0.01011
138.3	-0.03727	0.01017
138.4	-0.03728	0.01029
138.5	-0.03705	0.01041
138.6	-0.03701	0.01047
138.7	-0.03693	0.01065
138.8	-0.03697	0.01089
138.9	-0.03671	0.01072
139	-0.03655	0.01087
139.1	-0.03642	0.01108
139.2	-0.0364	0.01117
139.3	-0.03639	0.01101
139.4	-0.03638	0.01085
139.5	-0.03635	0.01087
139.6	-0.03638	0.01093
139.7	-0.03615	0.01136
139.8	-0.03616	0.01165
139.9	-0.03615	0.01166
140	-0.03617	0.01162
140.1	-0.03639	0.01153
140.2	-0.0364	0.01114
140.3	-0.03638	0.01105
140.4	-0.0363	0.01118
140.5	-0.03609	0.01104
140.6	-0.03601	0.01085
140.7	-0.03599	0.01079
140.8	-0.03602	0.01076
140.9	-0.03606	0.01079
141	-0.03613	0.01079
141.1	-0.03601	0.01106
141.2	-0.03618	0.01074
141.3	-0.0363	0.01056
141.4	-0.03647	0.01055
141.5	-0.03628	0.01051
141.6	-0.03581	0.01079
141.7	-0.03587	0.01092
141.8	-0.03588	0.01096
141.9	-0.03584	0.01095
142	-0.03595	0.01088
142.1	-0.0358	0.01095
142.2	-0.03578	0.01084
142.3	-0.03583	0.0108
142.4	-0.03583	0.01073
142.5	-0.03563	0.01048
142.6	-0.03585	0.01047
142.7	-0.03586	0.01033
142.8	-0.03555	0.01058
142.9	-0.03549	0.01059
143	-0.03544	0.01046
143.1	-0.03545	0.01032
143.2	-0.03518	0.01039
143.3	-0.03521	0.0106
143.4	-0.03529	0.01056
143.5	-0.0354	0.01044
143.6	-0.03551	0.0104
143.7	-0.0355	0.01048
143.8	-0.03549	0.01063
143.9	-0.03571	0.01093
144	-0.03577	0.01102
144.1	-0.03592	0.01133
144.2	-0.03592	0.01148
144.3	-0.03599	0.01136
144.4	-0.03597	0.01138
144.5	-0.03589	0.01123
144.6	-0.03576	0.01116
144.7	-0.03549	0.01104
144.8	-0.03521	0.01088
144.9	-0.0352	0.01095
145	-0.03519	0.01082
145.1	-0.03527	0.01079
145.2	-0.03544	0.01108
145.3	-0.03562	0.01105
145.4	-0.0353	0.01103
145.5	-0.03522	0.01097
145.6	-0.03551	0.01082
145.7	-0.0357	0.01104
145.8	-0.03595	0.01102
145.9	-0.03567	0.01084
146	-0.03536	0.01058
146.1	-0.03545	0.01068
146.2	-0.03549	0.01062
146.3	-0.03524	0.01085
146.4	-0.03523	0.011
146.5	-0.03509	0.01107
146.6	-0.035	0.01093
146.7	-0.03502	0.01089
146.8	-0.03483	0.01096
146.9	-0.03484	0.01082
147	-0.03494	0.0106
147.1	-0.03481	0.01046
147.2	-0.03466	0.01033
147.3	-0.03454	0.01024
147.4	-0.03436	0.01013
147.5	-0.03443	0.01007
147.6	-0.03433	0.01023
147.7	-0.03428	0.01039
147.8	-0.03397	0.01022
147.9	-0.03393	0.00998
148	-0.03386	0.00987
148.1	-0.0341	0.00982
148.2	-0.03408	0.00963
148.3	-0.0337	0.00956
148.4	-0.03366	0.0095
148.5	-0.03366	0.00975
148.6	-0.03383	0.00979
148.7	-0.03381	0.00987
148.8	-0.03388	0.00973
148.9	-0.03388	0.00977
149	-0.03409	0.00981
149.1	-0.0339	0.00979
149.2	-0.03371	0.00953
149.3	-0.03395	0.0094
149.4	-0.03377	0.00925
149.5	-0.03392	0.00921
149.6	-0.03373	0.00908
149.7	-0.03353	0.00927
149.8	-0.0336	0.00948
149.9	-0.03344	0.0094
150	-0.03326	0.00925
150.1	-0.03319	0.00913
150.2	-0.03315	0.00889
150.3	-0.03318	0.00895
150.4	-0.03299	0.00898
150.5	-0.03285	0.00933
150.6	-0.03275	0.00932
150.7	-0.03253	0.00943
150.8	-0.03233	0.00959
150.9	-0.03228	0.00973
151	-0.03253	0.00991
151.1	-0.03273	0.01023
151.2	-0.03284	0.01011
151.3	-0.03264	0.01014
151.4	-0.03246	0.01061
151.5	-0.03254	0.01087
151.6	-0.03269	0.01102
151.7	-0.0327	0.0113
151.8	-0.03277	0.01129
151.9	-0.03285	0.01128
152	-0.03309	0.01132
152.1	-0.03316	0.01135
152.2	-0.03306	0.01119
152.3	-0.03304	0.01125
152.4	-0.03311	0.01118
152.5	-0.03312	0.01117
152.6	-0.03301	0.011
152.7	-0.03292	0.01107
152.8	-0.03286	0.01116
152.9	-0.03279	0.0115
153	-0.03279	0.0115
153.1	-0.03279	0.01096
153.2	-0.03252	0.01107
153.3	-0.03247	0.01105
153.4	-0.0325	0.01106
153.5	-0.03252	0.01122
153.6	-0.03251	0.01123
153.7	-0.03252	0.01126
153.8	-0.0325	0.01106
153.9	-0.03258	0.0112
154	-0.03282	0.01164
154.1	-0.03279	0.01172
154.2	-0.03254	0.01183
154.3	-0.03249	0.01196
154.4	-0.03236	0.01204
154.5	-0.03254	0.01212
154.6	-0.03269	0.01225
154.7	-0.03282	0.01248
154.8	-0.03288	0.0125
154.9	-0.03294	0.01246
155	-0.03287	0.01232
155.1	-0.03276	0.01246
155.2	-0.03243	0.01254
155.3	-0.03216	0.0127
155.4	-0.03225	0.01259
155.5	-0.03201	0.0124
155.6	-0.03181	0.01242
155.7	-0.03166	0.01234
155.8	-0.03154	0.01233
155.9	-0.03125	0.01248
156	-0.03126	0.01266
156.1	-0.03132	0.01262
156.2	-0.03113	0.01257
156.3	-0.03105	0.01267
156.4	-0.03108	0.01276
156.5	-0.03092	0.0129
156.6	-0.03108	0.01295
156.7	-0.03088	0.01306
156.8	-0.03093	0.01305
156.9	-0.03073	0.01307
157	-0.03078	0.013
157.1	-0.03073	0.01303
157.2	-0.03071	0.01307
157.3	-0.03087	0.01294
157.4	-0.03084	0.01302
157.5	-0.03087	0.01296
157.6	-0.0308	0.01281
157.7	-0.03061	0.01299
157.8	-0.03049	0.01286
157.9	-0.03063	0.01284
158	-0.03067	0.01282
158.1	-0.03081	0.0129
158.2	-0.03081	0.01285
158.3	-0.03086	0.01284
158.4	-0.03088	0.0129
158.5	-0.03076	0.01278
158.6	-0.03099	0.01277
158.7	-0.031	0.01292
158.8	-0.03113	0.0131
158.9	-0.03125	0.01315
159	-0.03119	0.01286
159.1	-0.03119	0.01287
159.2	-0.03124	0.01286
159.3	-0.03118	0.01279
159.4	-0.03112	0.01286
159.5	-0.0311	0.01286
159.6	-0.03098	0.01278
159.7	-0.03119	0.01284
159.8	-0.03116	0.01298
159.9	-0.03111	0.01308
160	-0.03107	0.013
160.1	-0.03113	0.01288
160.2	-0.03109	0.01282
160.3	-0.03111	0.01282
160.4	-0.03104	0.01288
160.5	-0.03079	0.01313
160.6	-0.03068	0.01334
160.7	-0.03072	0.01346
160.8	-0.03071	0.01359
160.9	-0.03064	0.01389
161	-0.03067	0.01364
161.1	-0.03044	0.01354
161.2	-0.03058	0.01356
161.3	-0.03075	0.01342
161.4	-0.03061	0.01324
161.5	-0.03068	0.01325
161.6	-0.03059	0.01331
161.7	-0.03047	0.01339
161.8	-0.03053	0.01334
161.9	-0.03064	0.01335
162	-0.03074	0.01332
162.1	-0.03062	0.0134
162.2	-0.03064	0.01351
162.3	-0.03082	0.01365
162.4	-0.03091	0.01353
162.5	-0.03078	0.01358
162.6	-0.03072	0.01366
162.7	-0.03068	0.01339
162.8	-0.03089	0.01308
162.9	-0.03093	0.01271
163	-0.03126	0.01266
163.1	-0.03152	0.01251
163.2	-0.03158	0.0123
163.3	-0.03195	0.0122
163.4	-0.03209	0.01246
163.5	-0.03225	0.01235
163.6	-0.03197	0.01225
163.7	-0.03195	0.01202
163.8	-0.03174	0.01204
163.9	-0.03174	0.012
164	-0.03135	0.01207
164.1	-0.03132	0.01221
164.2	-0.03142	0.01224
164.3	-0.0314	0.01203
164.4	-0.03134	0.01188
164.5	-0.03123	0.0118
164.6	-0.0313	0.01183
164.7	-0.03117	0.0119
164.8	-0.03083	0.01191
164.9	-0.03069	0.01189
165	-0.03073	0.01184
165.1	-0.03075	0.01173
165.2	-0.03064	0.01146
165.3	-0.03046	0.01149
165.4	-0.03045	0.0116
165.5	-0.03056	0.0116
165.6	-0.03044	0.01141
165.7	-0.03025	0.01126
165.8	-0.03006	0.01123
165.9	-0.02991	0.01159
166	-0.02983	0.01153
166.1	-0.02978	0.01164
166.2	-0.02952	0.01188
166.3	-0.02966	0.01184
166.4	-0.02976	0.01158
166.5	-0.02974	0.01146
166.6	-0.02966	0.01136
166.7	-0.02959	0.01147
166.8	-0.02949	0.01156
166.9	-0.02941	0.01154
167	-0.02938	0.01142
167.1	-0.0295	0.01145
167.2	-0.0296	0.01139
167.3	-0.02963	0.01143
167.4	-0.02967	0.01156
167.5	-0.02976	0.01153
167.6	-0.02983	0.01157
167.7	-0.02982	0.01155
167.8	-0.02976	0.01164
167.9	-0.02953	0.01185
168	-0.02949	0.01182
168.1	-0.02968	0.01179
168.2	-0.02969	0.01175
168.3	-0.02957	0.01177
168.4	-0.02962	0.01177
168.5	-0.02968	0.01168
168.6	-0.02971	0.01131
168.7	-0.02969	0.01135
168.8	-0.02977	0.01141
168.9	-0.02973	0.01146
169	-0.0298	0.0115
169.1	-0.02979	0.0118
169.2	-0.0298	0.01162
169.3	-0.02973	0.01145
169.4	-0.02984	0.01171
169.5	-0.02991	0.01193
169.6	-0.03003	0.01186
169.7	-0.0303	0.01199
169.8	-0.03048	0.01237
169.9	-0.03031	0.01251
170	-0.03001	0.01254
170.1	-0.02989	0.01244
170.2	-0.03	0.01234
170.3	-0.03008	0.01226
170.4	-0.02995	0.01233
170.5	-0.02993	0.01242
170.6	-0.03009	0.01249
170.7	-0.03006	0.01242
170.8	-0.03009	0.01243
170.9	-0.03012	0.0125
171	-0.03006	0.0125
171.1	-0.03	0.01253
171.2	-0.03035	0.01261
171.3	-0.03058	0.01271
171.4	-0.03057	0.01286
171.5	-0.03054	0.01291
171.6	-0.03036	0.01298
171.7	-0.03034	0.01292
171.8	-0.03	0.01286
171.9	-0.0297	0.01275
172	-0.02963	0.01286
172.1	-0.02974	0.0131
172.2	-0.02972	0.01316
172.3	-0.0298	0.0131
172.4	-0.02986	0.01314
172.5	-0.02987	0.01299
172.6	-0.02985	0.01306
172.7	-0.02954	0.01316
172.8	-0.02963	0.01328
172.9	-0.02981	0.0134
173	-0.02971	0.01341
173.1	-0.02969	0.01317
173.2	-0.02949	0.01318
173.3	-0.02921	0.01348
173.4	-0.02912	0.01369
173.5	-0.02912	0.01373
173.6	-0.0291	0.01383
173.7	-0.02922	0.01407
173.8	-0.02925	0.01418
173.9	-0.02929	0.01422
174	-0.0293	0.01428
174.1	-0.02929	0.01431
174.2	-0.0295	0.01426
174.3	-0.02937	0.01428
174.4	-0.02943	0.01428
174.5	-0.02966	0.01441
174.6	-0.02965	0.01445
174.7	-0.02956	0.0147
174.8	-0.0296	0.01468
174.9	-0.02966	0.01468
175	-0.02978	0.01481
175.1	-0.02964	0.01479
175.2	-0.0297	0.01474
175.3	-0.02997	0.01479
175.4	-0.03001	0.01472
175.5	-0.02991	0.01502
175.6	-0.02991	0.01486
175.7	-0.02997	0.01471
175.8	-0.02994	0.01479
175.9	-0.03013	0.01481
176	-0.0303	0.01477
176.1	-0.03037	0.01487
176.2	-0.03028	0.01499
176.3	-0.03045	0.01481
176.4	-0.0306	0.01465
176.5	-0.03077	0.01473
176.6	-0.031	0.01478
176.7	-0.03105	0.01475
176.8	-0.03104	0.01473
176.9	-0.03096	0.01466
177	-0.03108	0.01444
177.1	-0.03114	0.01423
177.2	-0.03124	0.01427
177.3	-0.03145	0.01435
177.4	-0.03119	0.01429
177.5	-0.03125	0.01419
177.6	-0.03112	0.0141
177.7	-0.03109	0.01404
177.8	-0.03103	0.01372
177.9	-0.03077	0.01354
178	-0.03052	0.01367
178.1	-0.03057	0.01386
178.2	-0.03064	0.01402
178.3	-0.03069	0.01396
178.4	-0.03072	0.01385
178.5	-0.03085	0.01404
178.6	-0.03089	0.01402
178.7	-0.03099	0.01416
178.8	-0.03111	0.01437
178.9	-0.03102	0.01453
179	-0.03087	0.01462
179.1	-0.03089	0.01462
179.2	-0.03072	0.01441
179.3	-0.03099	0.0144
179.4	-0.03124	0.0144
179.5	-0.03143	0.01441
179.6	-0.03154	0.0142
179.7	-0.03153	0.01422
179.8	-0.03143	0.0143
179.9	-0.03132	0.01441
180	-0.03104	0.01461
180.1	-0.03116	0.01469
180.2	-0.03113	0.01469
180.3	-0.03081	0.01467
180.4	-0.03078	0.01469
180.5	-0.03057	0.01473
180.6	-0.03047	0.01474
180.7	-0.03017	0.01471
180.8	-0.03016	0.01447
180.9	-0.03022	0.01458
181	-0.02985	0.01431
181.1	-0.02968	0.01451
181.2	-0.02969	0.01484
181.3	-0.02962	0.01493
181.4	-0.02955	0.01493
181.5	-0.0295	0.01498
181.6	-0.02958	0.01492
181.7	-0.02961	0.01496
181.8	-0.02978	0.01501
181.9	-0.02974	0.01504
182	-0.02991	0.01519
182.1	-0.03001	0.01516
182.2	-0.02982	0.01498
182.3	-0.02967	0.01476
182.4	-0.02951	0.0145
182.5	-0.02967	0.01456
182.6	-0.02978	0.01461
182.7	-0.02968	0.01464
182.8	-0.02959	0.01469
182.9	-0.02965	0.0146
183	-0.02978	0.01459
183.1	-0.02998	0.01455
183.2	-0.02996	0.01437
183.3	-0.02987	0.0143
183.4	-0.02975	0.01433
183.5	-0.02955	0.01448
183.6	-0.02951	0.01448
183.7	-0.02952	0.01451
183.8	-0.02968	0.01439
183.9	-0.02975	0.01447
184	-0.02976	0.01443
184.1	-0.02973	0.01441
184.2	-0.02975	0.01448
184.3	-0.0298	0.01464
184.4	-0.02977	0.01446
184.5	-0.02969	0.01447
184.6	-0.0297	0.01447
184.7	-0.02971	0.01432
184.8	-0.02975	0.01425
184.9	-0.0297	0.01418
185	-0.02972	0.014
185.1	-0.02985	0.01384
185.2	-0.03014	0.01383
185.3	-0.0304	0.01385
185.4	-0.03013	0.01382
185.5	-0.03016	0.01376
185.6	-0.03025	0.01375
185.7	-0.03022	0.01368
185.8	-0.02998	0.01338
185.9	-0.02972	0.01337
186	-0.02959	0.01339
186.1	-0.0296	0.01352
186.2	-0.02932	0.01346
186.3	-0.02929	0.01342
186.4	-0.02924	0.01333
186.5	-0.02925	0.01309
186.6	-0.02911	0.01306
186.7	-0.02889	0.01305
186.8	-0.02902	0.01288
186.9	-0.02906	0.01256
187	-0.02939	0.01255
187.1	-0.02916	0.01274
187.2	-0.02927	0.01287
187.3	-0.02931	0.01303
187.4	-0.02947	0.01293
187.5	-0.02967	0.01302
187.6	-0.02962	0.013
187.7	-0.02955	0.01327
187.8	-0.02963	0.01356
187.9	-0.02997	0.01391
188	-0.03014	0.01408
188.1	-0.03039	0.0141
188.2	-0.03061	0.014
188.3	-0.03059	0.01395
188.4	-0.03032	0.01391
188.5	-0.03017	0.014
188.6	-0.03022	0.01398
188.7	-0.03005	0.01402
188.8	-0.02989	0.01396
188.9	-0.02987	0.01392
189	-0.02964	0.01392
189.1	-0.02979	0.01392
189.2	-0.02994	0.01388
189.3	-0.02996	0.01391
189.4	-0.02997	0.01383
189.5	-0.03011	0.01384
189.6	-0.02999	0.01376
189.7	-0.02994	0.01396
189.8	-0.02992	0.01412
189.9	-0.02999	0.01398
190	-0.0299	0.01409
190.1	-0.02987	0.01433
190.2	-0.02986	0.01435
190.3	-0.03025	0.01459
190.4	-0.0299	0.01492
190.5	-0.02992	0.01491
190.6	-0.02987	0.0149
190.7	-0.02944	0.01491
190.8	-0.02962	0.01483
190.9	-0.02987	0.01475
191	-0.02975	0.01454
191.1	-0.02974	0.01409
191.2	-0.02959	0.01398
191.3	-0.02952	0.01392
191.4	-0.02962	0.01394
191.5	-0.02963	0.01384
191.6	-0.02965	0.01386
191.7	-0.02944	0.01375
191.8	-0.02938	0.01375
191.9	-0.02931	0.01366
192	-0.0293	0.01352
192.1	-0.02938	0.01337
192.2	-0.02944	0.01357
192.3	-0.02946	0.01373
192.4	-0.02948	0.01364
192.5	-0.02952	0.01357
192.6	-0.02953	0.01365
192.7	-0.02973	0.01375
192.8	-0.03005	0.0138
192.9	-0.03029	0.01369
193	-0.03052	0.01361
193.1	-0.0307	0.01367
193.2	-0.0309	0.01352
193.3	-0.03083	0.01344
193.4	-0.0308	0.01355
193.5	-0.0306	0.01328
193.6	-0.03044	0.01339
193.7	-0.03047	0.01355
193.8	-0.03047	0.01371
193.9	-0.03038	0.01373
194	-0.03049	0.01345
194.1	-0.03061	0.01359
194.2	-0.03073	0.01398
194.3	-0.03065	0.01411
194.4	-0.03056	0.01403
194.5	-0.03044	0.01395
194.6	-0.0306	0.01391
194.7	-0.03067	0.01408
194.8	-0.03061	0.01469
194.9	-0.03094	0.01485
195	-0.03084	0.01492
195.1	-0.03072	0.01524
195.2	-0.03046	0.01531
195.3	-0.03041	0.01533
195.4	-0.03046	0.01533
195.5	-0.03044	0.01549
195.6	-0.03073	0.01548
195.7	-0.0309	0.01552
195.8	-0.03076	0.01547
195.9	-0.03079	0.01515
196	-0.03071	0.01509
196.1	-0.03088	0.01515
196.2	-0.03107	0.01512
196.3	-0.03124	0.01512
196.4	-0.03135	0.01507
196.5	-0.03152	0.0149
196.6	-0.03163	0.01472
196.7	-0.03153	0.01475
196.8	-0.03156	0.01464
196.9	-0.0318	0.01455
197	-0.03165	0.01437
197.1	-0.03165	0.01425
197.2	-0.03171	0.01416
197.3	-0.0317	0.01433
197.4	-0.03174	0.0143
197.5	-0.03175	0.01417
197.6	-0.03175	0.01408
197.7	-0.03189	0.01407
197.8	-0.03196	0.0141
197.9	-0.03187	0.01404
198	-0.03185	0.01419
198.1	-0.03175	0.01438
198.2	-0.03167	0.01449
198.3	-0.03176	0.01466
198.4	-0.03157	0.01465
198.5	-0.03148	0.01448
198.6	-0.03171	0.01439
198.7	-0.03183	0.01442
198.8	-0.0317	0.01447
198.9	-0.0317	0.01445
199	-0.03182	0.01461
199.1	-0.03182	0.01462
199.2	-0.03181	0.01468
199.3	-0.03208	0.0146
199.4	-0.03214	0.01466
199.5	-0.03236	0.01466
199.6	-0.03235	0.0146
199.7	-0.03225	0.01494
199.8	-0.03206	0.01501
199.9	-0.03189	0.01507
200	-0.03153	0.01503
200.1	-0.03132	0.01503
200.2	-0.0314	0.01515
200.3	-0.03132	0.01516
200.4	-0.03135	0.01511
200.5	-0.03134	0.01511
200.6	-0.03116	0.01508
200.7	-0.03088	0.01509
200.8	-0.0307	0.01531
200.9	-0.03079	0.01532
201	-0.0309	0.01524
201.1	-0.0309	0.01519
201.2	-0.03108	0.01547
201.3	-0.03114	0.01563
201.4	-0.03102	0.01567
201.5	-0.03091	0.01576
201.6	-0.03092	0.0158
201.7	-0.03087	0.01593
201.8	-0.03089	0.01613
201.9	-0.03064	0.01621
202	-0.03037	0.01623
202.1	-0.0302	0.01621
202.2	-0.03045	0.01612
202.3	-0.03056	0.01608
202.4	-0.03059	0.0161
202.5	-0.03063	0.01624
202.6	-0.03066	0.01612
202.7	-0.03036	0.01603
202.8	-0.03025	0.01594
202.9	-0.03036	0.01556
203	-0.03025	0.01532
203.1	-0.03031	0.01542
203.2	-0.03053	0.01548
203.3	-0.03035	0.01537
203.4	-0.03038	0.01542
203.5	-0.03031	0.0155
203.6	-0.03014	0.01552
203.7	-0.03017	0.01533
203.8	-0.03007	0.01537
203.9	-0.03012	0.01549
204	-0.0301	0.01533
204.1	-0.03	0.01524
204.2	-0.02987	0.01515
204.3	-0.0299	0.01554
204.4	-0.02979	0.0154
204.5	-0.0298	0.01567
204.6	-0.02989	0.01587
204.7	-0.02976	0.01594
204.8	-0.02949	0.01599
204.9	-0.02975	0.01608
205	-0.02993	0.01614
205.1	-0.02993	0.01615
205.2	-0.02987	0.01616
205.3	-0.02965	0.01627
205.4	-0.02966	0.01629
205.5	-0.02955	0.01619
205.6	-0.02922	0.01624
205.7	-0.02909	0.01627
205.8	-0.02923	0.01634
205.9	-0.02921	0.01626
206	-0.02905	0.01617
206.1	-0.02904	0.01599
206.2	-0.02887	0.01591
206.3	-0.029	0.01552
206.4	-0.02876	0.01565
206.5	-0.02862	0.01585
206.6	-0.0283	0.01582
206.7	-0.02834	0.01599
206.8	-0.02834	0.01598
206.9	-0.02834	0.01607
207	-0.02849	0.01599
207.1	-0.02852	0.01584
207.2	-0.02853	0.01592
207.3	-0.02815	0.01597
207.4	-0.02804	0.01593
207.5	-0.02785	0.01585
207.6	-0.02774	0.01563
207.7	-0.02782	0.01572
207.8	-0.02792	0.01592
207.9	-0.02795	0.01587
208	-0.02808	0.01582
208.1	-0.02816	0.01586
208.2	-0.02813	0.01581
208.3	-0.02806	0.01584
208.4	-0.02808	0.01585
208.5	-0.02809	0.01581
208.6	-0.02813	0.01598
208.7	-0.02852	0.01619
208.8	-0.02823	0.01619
208.9	-0.0283	0.01648
209	-0.02829	0.01671
209.1	-0.02835	0.01662
209.2	-0.02863	0.01662
209.3	-0.02884	0.01654
209.4	-0.02905	0.0166
209.5	-0.02911	0.01671
209.6	-0.02945	0.01686
209.7	-0.02976	0.01697
209.8	-0.02979	0.01692
209.9	-0.02974	0.01688
210	-0.02948	0.01694
210.1	-0.02936	0.01702
210.2	-0.02941	0.01724
210.3	-0.02964	0.01725
210.4	-0.02975	0.01748
210.5	-0.02969	0.01731
210.6	-0.02964	0.01767
210.7	-0.02981	0.01786
210.8	-0.03002	0.01796
210.9	-0.02972	0.01786
211	-0.02953	0.01812
211.1	-0.0295	0.0181
211.2	-0.0295	0.018
211.3	-0.0295	0.01804
211.4	-0.02959	0.01814
211.5	-0.02954	0.01852
211.6	-0.02954	0.0185
211.7	-0.02951	0.01829
211.8	-0.0295	0.01812
211.9	-0.02952	0.01816
212	-0.02949	0.0183
212.1	-0.02948	0.01845
212.2	-0.02942	0.01851
212.3	-0.02935	0.01836
212.4	-0.02939	0.01819
212.5	-0.02906	0.0181
212.6	-0.02903	0.01795
212.7	-0.02924	0.01786
212.8	-0.02893	0.0178
212.9	-0.02892	0.01794
213	-0.0286	0.01789
213.1	-0.02866	0.01795
213.2	-0.02882	0.01789
213.3	-0.02882	0.0178
213.4	-0.029	0.01777
213.5	-0.02899	0.01786
213.6	-0.02898	0.01794
213.7	-0.02903	0.01816
213.8	-0.029	0.01814
213.9	-0.02891	0.01832
214	-0.02895	0.01857
214.1	-0.02875	0.0186
214.2	-0.02873	0.01871
214.3	-0.02858	0.01907
214.4	-0.02858	0.0191
214.5	-0.02829	0.01925
214.6	-0.02812	0.01943
214.7	-0.02783	0.01968
214.8	-0.02765	0.01957
214.9	-0.02762	0.01957
215	-0.02738	0.0196
215.1	-0.02739	0.01957
215.2	-0.02732	0.01971
215.3	-0.02723	0.02
215.4	-0.02715	0.01995
215.5	-0.02715	0.01991
215.6	-0.02693	0.01994
215.7	-0.02684	0.02034
215.8	-0.02648	0.02005
215.9	-0.02637	0.02001
216	-0.02601	0.02037
216.1	-0.02584	0.02054
216.2	-0.02577	0.02068
216.3	-0.02555	0.02089
216.4	-0.02549	0.02099
216.5	-0.0253	0.02073
216.6	-0.02513	0.02049
216.7	-0.02514	0.02034
216.8	-0.02523	0.02044
216.9	-0.02539	0.02059
217	-0.02546	0.02052
217.1	-0.02554	0.0205
217.2	-0.02579	0.02043
217.3	-0.02586	0.02042
217.4	-0.02593	0.02048
217.5	-0.02593	0.02051
217.6	-0.02606	0.02048
217.7	-0.02608	0.02037
217.8	-0.02612	0.02014
217.9	-0.02612	0.01997
218	-0.02596	0.01989
218.1	-0.02602	0.01976
218.2	-0.02612	0.01955
218.3	-0.02623	0.0195
218.4	-0.02594	0.0194
218.5	-0.02591	0.01944
218.6	-0.02561	0.01952
218.7	-0.02549	0.01958
218.8	-0.02571	0.0196
218.9	-0.02555	0.01965
219	-0.02544	0.01971
219.1	-0.0252	0.01987
219.2	-0.02519	0.0199
219.3	-0.02522	0.01992
219.4	-0.02519	0.01993
219.5	-0.02516	0.02025
219.6	-0.02517	0.02048
219.7	-0.02517	0.02045
219.8	-0.02525	0.02016
219.9	-0.02509	0.02049
220	-0.02514	0.02045
220.1	-0.02519	0.02069
220.2	-0.02523	0.02102
220.3	-0.02509	0.0206
220.4	-0.02489	0.02044
220.5	-0.02471	0.02044
220.6	-0.02476	0.02033
220.7	-0.02476	0.02042
220.8	-0.0249	0.02045
220.9	-0.02509	0.0205
221	-0.02569	0.02065
221.1	-0.02588	0.02073
221.2	-0.02617	0.02081
221.3	-0.02591	0.02089
221.4	-0.02594	0.02106
221.5	-0.02604	0.02098
221.6	-0.02591	0.02122
221.7	-0.026	0.02109
221.8	-0.02589	0.02127
221.9	-0.02582	0.02152
222	-0.02573	0.02151
222.1	-0.02579	0.02152
222.2	-0.02565	0.02142
222.3	-0.02577	0.02119
222.4	-0.02576	0.02091
222.5	-0.02557	0.0208
222.6	-0.02552	0.02084
222.7	-0.0259	0.02096
222.8	-0.02615	0.02126
222.9	-0.02618	0.02133
223	-0.02632	0.02155
223.1	-0.02636	0.02155
223.2	-0.02656	0.02187
223.3	-0.0269	0.02189
223.4	-0.02702	0.0222
223.5	-0.02704	0.02237
223.6	-0.02706	0.02249
223.7	-0.02711	0.02244
223.8	-0.02709	0.0224
223.9	-0.02703	0.02249
224	-0.02711	0.02238
224.1	-0.02728	0.0224
224.2	-0.02735	0.02239
224.3	-0.02737	0.02215
224.4	-0.02731	0.02261
224.5	-0.02748	0.02273
224.6	-0.02743	0.02267
224.7	-0.02721	0.02255
224.8	-0.02728	0.02268
224.9	-0.02741	0.02247
225	-0.02761	0.02234
225.1	-0.02738	0.02242
225.2	-0.02745	0.02251
225.3	-0.02744	0.02224
225.4	-0.0274	0.02213
225.5	-0.02735	0.02219
225.6	-0.02738	0.02246
225.7	-0.02727	0.0224
225.8	-0.02756	0.02241
225.9	-0.02745	0.02237
226	-0.02723	0.02268
226.1	-0.02722	0.02311
226.2	-0.02782	0.0233
226.3	-0.02786	0.02316
226.4	-0.02783	0.02319
226.5	-0.02782	0.0232
226.6	-0.02783	0.02329
226.7	-0.02796	0.02354
226.8	-0.02793	0.02369
226.9	-0.02821	0.02381
227	-0.02822	0.02374
227.1	-0.02817	0.02356
227.2	-0.02833	0.02356
227.3	-0.02821	0.02361
227.4	-0.02837	0.02365
227.5	-0.02838	0.02355
227.6	-0.02821	0.02369
227.7	-0.02814	0.02413
227.8	-0.02809	0.02434
227.9	-0.02847	0.02423
228	-0.02853	0.02418
228.1	-0.02875	0.0242
228.2	-0.02908	0.02417
228.3	-0.0292	0.02426
228.4	-0.02908	0.02449
228.5	-0.02906	0.02478
228.6	-0.02911	0.02476
228.7	-0.02901	0.02474
228.8	-0.02913	0.02464
228.9	-0.029	0.02476
229	-0.029	0.02473
229.1	-0.02886	0.02468
229.2	-0.02866	0.02448
229.3	-0.02892	0.02454
229.4	-0.02909	0.02447
229.5	-0.02897	0.02443
229.6	-0.02919	0.02441
229.7	-0.02925	0.02462
229.8	-0.02949	0.02474
229.9	-0.02933	0.02484
230	-0.02929	0.02467
230.1	-0.02923	0.02455
230.2	-0.02924	0.02459
230.3	-0.02952	0.0247
230.4	-0.02951	0.0247
230.5	-0.02931	0.02482
230.6	-0.02947	0.02502
230.7	-0.02957	0.02474
230.8	-0.02972	0.02467
230.9	-0.02964	0.02464
231	-0.02948	0.02484
231.1	-0.02931	0.02494
231.2	-0.02922	0.02488
231.3	-0.02931	0.02461
231.4	-0.02929	0.02462
231.5	-0.02923	0.02457
231.6	-0.02928	0.02464
231.7	-0.02942	0.02441
231.8	-0.02932	0.02443
231.9	-0.0289	0.02427
232	-0.02869	0.02438
232.1	-0.0284	0.02459
232.2	-0.02843	0.02461
232.3	-0.02869	0.0245
232.4	-0.02867	0.02445
232.5	-0.02871	0.02445
232.6	-0.02869	0.0245
232.7	-0.02873	0.02453
232.8	-0.02902	0.02461
232.9	-0.02942	0.02465
233	-0.02866	0.02483
233.1	-0.02838	0.02504
233.2	-0.02844	0.02508
233.3	-0.02859	0.02517
233.4	-0.02858	0.02513
233.5	-0.02868	0.02515
233.6	-0.02877	0.02518
233.7	-0.02884	0.02511
233.8	-0.02883	0.02507
233.9	-0.02877	0.02508
234	-0.02875	0.0251
234.1	-0.02882	0.02497
234.2	-0.02897	0.02509
234.3	-0.029	0.02512
234.4	-0.02901	0.02512
234.5	-0.02881	0.02507
234.6	-0.02925	0.02465
234.7	-0.02925	0.02467
234.8	-0.02954	0.02472
234.9	-0.02963	0.02461
235	-0.02977	0.02462
235.1	-0.02992	0.0245
235.2	-0.03014	0.02425
235.3	-0.0299	0.02438
235.4	-0.0298	0.02416
235.5	-0.03004	0.02417
235.6	-0.02998	0.02452
235.7	-0.03024	0.02467
235.8	-0.03015	0.02471
235.9	-0.03013	0.02461
236	-0.03021	0.02461
236.1	-0.03011	0.02448
236.2	-0.03008	0.02479
236.3	-0.03004	0.02479
236.4	-0.03011	0.02475
236.5	-0.03035	0.0249
236.6	-0.03032	0.0248
236.7	-0.0304	0.02466
236.8	-0.0304	0.02446
236.9	-0.03047	0.02414
237	-0.0308	0.02426
237.1	-0.03085	0.02428
237.2	-0.03075	0.02414
237.3	-0.03077	0.02403
237.4	-0.0308	0.02393
237.5	-0.03061	0.02441
237.6	-0.03065	0.02456
237.7	-0.03071	0.02463
237.8	-0.03087	0.02463
237.9	-0.03114	0.02459
238	-0.03129	0.02442
238.1	-0.03139	0.0241
238.2	-0.03149	0.02396
238.3	-0.03154	0.02407
238.4	-0.03165	0.02421
238.5	-0.03154	0.02436
238.6	-0.03132	0.02437
238.7	-0.03117	0.02443
238.8	-0.03115	0.02467
238.9	-0.03111	0.0245
239	-0.03112	0.02439
239.1	-0.03105	0.02418
239.2	-0.03127	0.02395
239.3	-0.03132	0.02385
239.4	-0.03145	0.02391
239.5	-0.03136	0.0239
239.6	-0.03132	0.02371
239.7	-0.03129	0.02362
239.8	-0.03148	0.02384
239.9	-0.03159	0.02387
240	-0.03161	0.02392
240.1	-0.03136	0.02374
240.2	-0.0312	0.02369
240.3	-0.03121	0.02362
240.4	-0.03139	0.02348
240.5	-0.03137	0.02343
240.6	-0.03169	0.02332
240.7	-0.03149	0.02347
240.8	-0.03143	0.02345
240.9	-0.03168	0.02325
241	-0.03141	0.0232
241.1	-0.0313	0.02309
241.2	-0.03125	0.02308
241.3	-0.03089	0.02301
241.4	-0.03086	0.02303
241.5	-0.03092	0.02317
241.6	-0.03072	0.02339
241.7	-0.03065	0.02344
241.8	-0.03066	0.02345
241.9	-0.03054	0.02321
242	-0.03064	0.02312
242.1	-0.03084	0.02293
242.2	-0.03086	0.02285
242.3	-0.03086	0.02286
242.4	-0.03088	0.02276
242.5	-0.03079	0.02281
242.6	-0.03062	0.02255
242.7	-0.03066	0.02236
242.8	-0.03064	0.02228
242.9	-0.03075	0.02229
243	-0.03066	0.02212
243.1	-0.03069	0.02206
243.2	-0.03065	0.02197
243.3	-0.03058	0.02199
243.4	-0.03064	0.02193
243.5	-0.03053	0.02203
243.6	-0.03054	0.0221
243.7	-0.03045	0.02196
243.8	-0.03057	0.02189
243.9	-0.03074	0.02173
244	-0.03097	0.0217
244.1	-0.03121	0.02183
244.2	-0.03137	0.02167
244.3	-0.03133	0.02161
244.4	-0.0314	0.02164
244.5	-0.03141	0.02181
244.6	-0.03146	0.02187
244.7	-0.03163	0.02175
244.8	-0.03183	0.02188
244.9	-0.032	0.02163
245	-0.03242	0.02185
245.1	-0.0322	0.02189
245.2	-0.03199	0.02208
245.3	-0.03189	0.0219
245.4	-0.03175	0.02186
245.5	-0.03173	0.02182
245.6	-0.03163	0.02168
245.7	-0.03174	0.02179
245.8	-0.03188	0.02188
245.9	-0.03184	0.02187
246	-0.03221	0.02173
246.1	-0.03243	0.0218
246.2	-0.03252	0.02187
246.3	-0.03256	0.02191
246.4	-0.03264	0.02183
246.5	-0.03253	0.02169
246.6	-0.03239	0.02162
246.7	-0.03235	0.02165
246.8	-0.03248	0.02136
246.9	-0.03288	0.02144
247	-0.03307	0.02144
247.1	-0.03295	0.02142
247.2	-0.03273	0.02137
247.3	-0.03284	0.02135
247.4	-0.03292	0.02144
247.5	-0.03294	0.02152
247.6	-0.03299	0.02146
247.7	-0.0329	0.02126
247.8	-0.03269	0.02132
247.9	-0.03276	0.02138
248	-0.03289	0.02127
248.1	-0.03304	0.02093
248.2	-0.03339	0.02086
248.3	-0.03353	0.02077
248.4	-0.03405	0.02081
248.5	-0.03413	0.02079
248.6	-0.03394	0.021
248.7	-0.03379	0.02127
248.8	-0.03387	0.02127
248.9	-0.0339	0.02132
249	-0.03374	0.0213
249.1	-0.0339	0.02159
249.2	-0.03396	0.02162
249.3	-0.03387	0.02161
249.4	-0.03397	0.02167
249.5	-0.03391	0.02172
249.6	-0.03371	0.02168
249.7	-0.03359	0.02137
249.8	-0.03386	0.02115
249.9	-0.03395	0.0212
250	-0.03408	0.02132
250.1	-0.03408	0.02127
250.2	-0.03408	0.02153
250.3	-0.03395	0.02159
250.4	-0.03351	0.0218
250.5	-0.03339	0.02204
250.6	-0.0332	0.02208
250.7	-0.03321	0.02234
250.8	-0.0332	0.02262
250.9	-0.0334	0.02249
251	-0.03345	0.02242
251.1	-0.03335	0.02249
251.2	-0.03352	0.02257
251.3	-0.03402	0.02219
251.4	-0.03458	0.02211
251.5	-0.03494	0.0218
251.6	-0.03499	0.02168
251.7	-0.03509	0.02193
251.8	-0.03543	0.02189
251.9	-0.03572	0.02176
252	-0.03595	0.02166
252.1	-0.03579	0.02159
252.2	-0.03583	0.02127
252.3	-0.03623	0.02071
252.4	-0.03664	0.02029
252.5	-0.03664	0.02052
252.6	-0.036	0.02057
252.7	-0.03549	0.02062
252.8	-0.03535	0.02052
252.9	-0.03517	0.02081
253	-0.03472	0.02097
253.1	-0.03429	0.02108
253.2	-0.03397	0.02098
253.3	-0.03351	0.02158
253.4	-0.03268	0.02117
253.5	-0.03266	0.02119
253.6	-0.03266	0.0212
253.7	-0.03293	0.0214
253.8	-0.03308	0.02169
253.9	-0.03313	0.02164
254	-0.0333	0.02194
254.1	-0.03298	0.02196
254.2	-0.03297	0.02205
254.3	-0.03294	0.02245
254.4	-0.03306	0.02225
254.5	-0.0332	0.02237
254.6	-0.03323	0.02208
254.7	-0.03327	0.02205
254.8	-0.03319	0.02168
254.9	-0.03299	0.02149
255	-0.033	0.02139
255.1	-0.03298	0.0212
255.2	-0.0327	0.02117
255.3	-0.03279	0.02118
255.4	-0.0327	0.0215
255.5	-0.03252	0.02132
255.6	-0.03251	0.02154
255.7	-0.03252	0.02162
255.8	-0.03221	0.02162
255.9	-0.03209	0.02155
256	-0.03188	0.02158
256.1	-0.0316	0.02175
256.2	-0.03179	0.02169
256.3	-0.03205	0.02165
256.4	-0.0317	0.02172
256.5	-0.03159	0.02186
256.6	-0.0317	0.02208
256.7	-0.03175	0.02249
256.8	-0.03155	0.02279
256.9	-0.03152	0.02274
257	-0.03144	0.02283
257.1	-0.0314	0.02306
257.2	-0.03139	0.02321
257.3	-0.03148	0.02334
257.4	-0.03168	0.02367
257.5	-0.03157	0.02367
257.6	-0.03169	0.0239
257.7	-0.03153	0.02392
257.8	-0.03141	0.0238
257.9	-0.03139	0.02395
258	-0.03144	0.02399
258.1	-0.03138	0.02397
258.2	-0.03124	0.02434
258.3	-0.03102	0.02461
258.4	-0.03113	0.02484
258.5	-0.03102	0.02474
258.6	-0.03092	0.02468
258.7	-0.03077	0.02479
258.8	-0.03061	0.02477
258.9	-0.03049	0.02469
259	-0.03039	0.02448
259.1	-0.03028	0.02425
259.2	-0.02993	0.02425
259.3	-0.02991	0.02444
259.4	-0.02997	0.02457
259.5	-0.03014	0.02461
259.6	-0.03018	0.0248
259.7	-0.03052	0.02498
259.8	-0.03067	0.02528
259.9	-0.03083	0.02522
260	-0.03078	0.02522
260.1	-0.03069	0.02543
260.2	-0.03068	0.02549
260.3	-0.03062	0.02551
260.4	-0.03055	0.02552
260.5	-0.03042	0.02554
260.6	-0.03055	0.02543
260.7	-0.03057	0.02542
260.8	-0.03057	0.02537
260.9	-0.03076	0.02533
261	-0.03064	0.02532
261.1	-0.03056	0.02536
261.2	-0.03061	0.02556
261.3	-0.03049	0.02554
261.4	-0.0304	0.0254
261.5	-0.03031	0.02561
261.6	-0.03031	0.02559
261.7	-0.03027	0.02559
261.8	-0.03008	0.02554
261.9	-0.02988	0.02572
262	-0.02968	0.02587
262.1	-0.02975	0.02584
262.2	-0.02992	0.02567
262.3	-0.03008	0.02548
262.4	-0.03036	0.02548
262.5	-0.03036	0.02575
262.6	-0.03041	0.02574
262.7	-0.03056	0.02544
262.8	-0.03041	0.02514
262.9	-0.03056	0.02471
263	-0.03074	0.02472
263.1	-0.0308	0.02511
263.2	-0.03094	0.02528
263.3	-0.03121	0.02523
263.4	-0.03126	0.02503
263.5	-0.03126	0.02491
263.6	-0.03102	0.02491
263.7	-0.03129	0.02491
263.8	-0.03137	0.02493
263.9	-0.03138	0.02507
264	-0.0313	0.02512
264.1	-0.03104	0.02516
264.2	-0.03086	0.02524
264.3	-0.0306	0.02526
264.4	-0.03077	0.02497
264.5	-0.03077	0.02494
264.6	-0.0308	0.02501
264.7	-0.03057	0.02501
264.8	-0.03043	0.0252
264.9	-0.03052	0.02532
265	-0.03015	0.02535
265.1	-0.02992	0.02535
265.2	-0.02989	0.02532
265.3	-0.02983	0.02543
265.4	-0.02971	0.02551
265.5	-0.02964	0.0255
265.6	-0.02929	0.02537
265.7	-0.02948	0.02549
265.8	-0.02963	0.02575
265.9	-0.02965	0.02575
266	-0.02973	0.02569
266.1	-0.02972	0.02543
266.2	-0.02968	0.02521
266.3	-0.02967	0.02524
266.4	-0.02944	0.02509
266.5	-0.0294	0.02509
266.6	-0.0293	0.02513
266.7	-0.02896	0.02488
266.8	-0.02874	0.02469
266.9	-0.02847	0.02468
267	-0.02858	0.02471
267.1	-0.02851	0.02468
267.2	-0.02846	0.02474
267.3	-0.02851	0.02482
267.4	-0.02855	0.02487
267.5	-0.02851	0.02487
267.6	-0.02842	0.02498
267.7	-0.02858	0.02508
267.8	-0.02867	0.02492
267.9	-0.02869	0.0247
268	-0.02872	0.02468
268.1	-0.02867	0.0247
268.2	-0.02869	0.02464
268.3	-0.02856	0.02473
268.4	-0.02847	0.02482
268.5	-0.02855	0.02477
268.6	-0.02845	0.02503
268.7	-0.0287	0.02501
268.8	-0.02882	0.02506
268.9	-0.02874	0.02516
269	-0.02885	0.0253
269.1	-0.02889	0.02549
269.2	-0.02893	0.02569
269.3	-0.02933	0.02576
269.4	-0.0298	0.02577
269.5	-0.02998	0.02576
269.6	-0.03012	0.02569
269.7	-0.02996	0.02574
269.8	-0.0296	0.0258
269.9	-0.02929	0.02564
270	-0.02914	0.02568
270.1	-0.02904	0.0256
270.2	-0.02901	0.02556
270.3	-0.029	0.02563
270.4	-0.02911	0.02542
270.5	-0.02919	0.02542
270.6	-0.02925	0.02543
270.7	-0.02914	0.02562
270.8	-0.02913	0.02553
270.9	-0.02908	0.0256
271	-0.02911	0.02556
271.1	-0.02946	0.02573
271.2	-0.02958	0.02583
271.3	-0.02958	0.02584
271.4	-0.02975	0.02593
271.5	-0.02996	0.02608
271.6	-0.03011	0.02618
271.7	-0.03012	0.02677
271.8	-0.03017	0.02695
271.9	-0.02999	0.02674
272	-0.02982	0.02677
272.1	-0.02977	0.02676
272.2	-0.02965	0.02669
272.3	-0.0295	0.02632
272.4	-0.02966	0.0261
272.5	-0.02992	0.02613
272.6	-0.03008	0.02623
272.7	-0.03016	0.02623
272.8	-0.03037	0.02632
272.9	-0.03042	0.02634
273	-0.03031	0.02635
273.1	-0.03035	0.0263
273.2	-0.03014	0.02624
273.3	-0.03019	0.02626
273.4	-0.0301	0.02628
273.5	-0.03013	0.02639
273.6	-0.03013	0.0264
273.7	-0.0301	0.02636
273.8	-0.03014	0.02627
273.9	-0.03002	0.02623
274	-0.03003	0.02608
274.1	-0.03008	0.02611
274.2	-0.03035	0.02605
274.3	-0.03075	0.02604
274.4	-0.0308	0.0261
274.5	-0.03079	0.02615
274.6	-0.0309	0.0258
274.7	-0.03109	0.02576
274.8	-0.03106	0.02578
274.9	-0.03094	0.02582
275	-0.03128	0.02586
275.1	-0.0313	0.02595
275.2	-0.0314	0.02615
275.3	-0.03145	0.02632
275.4	-0.03152	0.02646
275.5	-0.03162	0.02673
275.6	-0.03173	0.02651
275.7	-0.03186	0.02657
275.8	-0.03212	0.02674
275.9	-0.03216	0.02678
276	-0.03231	0.02707
276.1	-0.03247	0.02704
276.2	-0.0326	0.02707
276.3	-0.03267	0.0274
276.4	-0.03269	0.02716
276.5	-0.03255	0.02713
276.6	-0.03257	0.02712
276.7	-0.03252	0.02721
276.8	-0.03256	0.02724
276.9	-0.0324	0.02744
277	-0.03239	0.02738
277.1	-0.0324	0.02741
277.2	-0.0324	0.02738
277.3	-0.0325	0.02748
277.4	-0.03231	0.02742
277.5	-0.0323	0.02743
277.6	-0.03239	0.02748
277.7	-0.03231	0.02726
277.8	-0.03232	0.02719
277.9	-0.03252	0.02677
278	-0.03262	0.02675
278.1	-0.0327	0.02678
278.2	-0.03266	0.02685
278.3	-0.03248	0.02686
278.4	-0.03263	0.0268
278.5	-0.03255	0.02702
278.6	-0.03256	0.027
278.7	-0.03259	0.02702
278.8	-0.03313	0.02709
278.9	-0.03317	0.02712
279	-0.03311	0.02694
279.1	-0.03315	0.02698
279.2	-0.03306	0.02708
279.3	-0.03301	0.02707
279.4	-0.03294	0.02707
279.5	-0.03262	0.02712
279.6	-0.03288	0.0271
279.7	-0.03286	0.02711
279.8	-0.03288	0.0272
279.9	-0.03278	0.02732
280	-0.03281	0.02706
280.1	-0.03271	0.02719
280.2	-0.03282	0.02725
280.3	-0.03278	0.02745
280.4	-0.03303	0.02779
280.5	-0.03342	0.02796
280.6	-0.03344	0.02774
280.7	-0.03344	0.02772
280.8	-0.03349	0.02772
280.9	-0.0334	0.02772
281	-0.03351	0.02797
281.1	-0.03377	0.02828
281.2	-0.03411	0.02826
281.3	-0.03404	0.02819
281.4	-0.03405	0.02816
281.5	-0.03377	0.0283
281.6	-0.0338	0.02844
281.7	-0.03412	0.02865
281.8	-0.03431	0.02862
281.9	-0.03427	0.02861
282	-0.03398	0.02879
282.1	-0.03396	0.02898
282.2	-0.03399	0.0289
282.3	-0.03408	0.02873
282.4	-0.03397	0.02868
282.5	-0.03394	0.02873
282.6	-0.03391	0.02863
282.7	-0.03395	0.02855
282.8	-0.03372	0.02819
282.9	-0.03383	0.02802
283	-0.03374	0.028
283.1	-0.03367	0.028
283.2	-0.03364	0.02805
283.3	-0.03354	0.02806
283.4	-0.03346	0.02836
283.5	-0.0332	0.02844
283.6	-0.03301	0.02851
283.7	-0.03283	0.02836
283.8	-0.03288	0.02847
283.9	-0.03292	0.02849
284	-0.03285	0.02847
284.1	-0.03293	0.0286
284.2	-0.03285	0.02879
284.3	-0.03268	0.02896
284.4	-0.03269	0.02897
284.5	-0.03289	0.029
284.6	-0.03275	0.029
284.7	-0.03271	0.02895
284.8	-0.0327	0.0289
284.9	-0.03271	0.02892
285	-0.03282	0.02895
285.1	-0.03284	0.0289
285.2	-0.03293	0.02895
285.3	-0.03276	0.02896
285.4	-0.03281	0.02896
285.5	-0.03297	0.02895
285.6	-0.03304	0.02883
285.7	-0.03315	0.02881
285.8	-0.03317	0.02881
285.9	-0.03307	0.02883
286	-0.03281	0.02884
286.1	-0.03284	0.02874
286.2	-0.03289	0.02869
286.3	-0.03294	0.02861
286.4	-0.03305	0.02859
286.5	-0.03344	0.0284
286.6	-0.03363	0.02832
286.7	-0.03356	0.02809
286.8	-0.03349	0.02805
286.9	-0.03348	0.02802
287	-0.03356	0.02802
287.1	-0.03368	0.02791
287.2	-0.03392	0.0279
287.3	-0.03401	0.0277
287.4	-0.03406	0.02767
287.5	-0.03408	0.02766
287.6	-0.03412	0.02763
287.7	-0.03435	0.02759
287.8	-0.03451	0.02764
287.9	-0.03452	0.02753
288	-0.03483	0.02744
288.1	-0.03494	0.02752
288.2	-0.03503	0.02741
288.3	-0.03512	0.02731
288.4	-0.03546	0.02727
288.5	-0.03548	0.02701
288.6	-0.03545	0.02675
288.7	-0.03552	0.02677
288.8	-0.03571	0.02687
288.9	-0.03621	0.02687
289	-0.03624	0.02695
289.1	-0.03632	0.02723
289.2	-0.03673	0.02763
289.3	-0.03655	0.02772
289.4	-0.03649	0.02726
289.5	-0.03652	0.02717
289.6	-0.0368	0.02694
289.7	-0.03675	0.02694
289.8	-0.03677	0.02694
289.9	-0.03692	0.02689
290	-0.03653	0.02674
290.1	-0.03642	0.02678
290.2	-0.03635	0.02695
290.3	-0.03634	0.02701
290.4	-0.03631	0.027
290.5	-0.03642	0.02703
290.6	-0.03652	0.0272
290.7	-0.03642	0.02752
290.8	-0.03636	0.0275
290.9	-0.03636	0.02757
291	-0.03641	0.02771
291.1	-0.03679	0.02772
291.2	-0.0367	0.02763
291.3	-0.03679	0.02771
291.4	-0.03689	0.02782
291.5	-0.03687	0.02779
291.6	-0.03655	0.02783
291.7	-0.03627	0.02818
291.8	-0.03623	0.02807
291.9	-0.03636	0.02809
292	-0.03646	0.02804
292.1	-0.03674	0.028
292.2	-0.03705	0.02797
292.3	-0.03718	0.02799
292.4	-0.03712	0.02802
292.5	-0.03699	0.02798
292.6	-0.03673	0.02809
292.7	-0.03668	0.02798
292.8	-0.0368	0.0278
292.9	-0.03682	0.02776
293	-0.03679	0.02791
293.1	-0.03681	0.02809
293.2	-0.03693	0.02829
293.3	-0.0372	0.0284
293.4	-0.03729	0.02858
293.5	-0.0375	0.02849
293.6	-0.0376	0.02843
293.7	-0.03771	0.02842
293.8	-0.03803	0.02843
293.9	-0.03834	0.02844
294	-0.03859	0.02838
294.1	-0.03878	0.02832
294.2	-0.03895	0.02803
294.3	-0.03893	0.02803
294.4	-0.03902	0.02804
294.5	-0.0392	0.02782
294.6	-0.03919	0.0275
294.7	-0.03923	0.0275
294.8	-0.03946	0.02746
294.9	-0.03951	0.02725
295	-0.03959	0.02732
295.1	-0.03968	0.02731
295.2	-0.03982	0.02718
295.3	-0.03993	0.02703
295.4	-0.03992	0.02704
295.5	-0.04015	0.02711
295.6	-0.04014	0.02751
295.7	-0.0405	0.02767
295.8	-0.0407	0.02762
295.9	-0.04073	0.02763
296	-0.04067	0.02767
296.1	-0.04076	0.0277
296.2	-0.04082	0.02781
296.3	-0.0408	0.02797
296.4	-0.04078	0.02808
296.5	-0.04095	0.02811
296.6	-0.04098	0.02809
296.7	-0.04085	0.02801
296.8	-0.04089	0.02807
296.9	-0.04086	0.02801
297	-0.04084	0.02779
297.1	-0.04052	0.02768
297.2	-0.04053	0.02779
297.3	-0.04065	0.02782
297.4	-0.04079	0.028
297.5	-0.04081	0.02802
297.6	-0.04053	0.02824
297.7	-0.04043	0.02824
297.8	-0.04042	0.02818
297.9	-0.0404	0.02824
298	-0.04017	0.02814
298.1	-0.04004	0.02812
298.2	-0.03969	0.02808
298.3	-0.03932	0.02805
298.4	-0.0389	0.02794
298.5	-0.03899	0.02805
298.6	-0.03903	0.02804
298.7	-0.03914	0.02786
298.8	-0.03925	0.02791
298.9	-0.03929	0.02788
299	-0.03923	0.02743
299.1	-0.03915	0.0276
299.2	-0.03905	0.02767
299.3	-0.03876	0.02761
299.4	-0.03851	0.02778
299.5	-0.0386	0.02773
